0	0
1	0
2	0
3	0
4	0
5	0
6	0
7	0
8	0
9	0
10	0
11	0
12	0
13	0
14	0
15	0
16	0
17	0
18	0
19	0
20	0
21	0
22	0
23	0
24	0
25	0
26	0
27	0
28	0
29	0
30	0
31	0
32	0
33	0
34	0
35	0
36	0
37	0
38	0
39	0
40	0
41	0
42	0
43	0
44	0
45	0
46	0
47	0
48	0
49	0
50	0
51	0
52	0
53	0
54	0
55	0
56	0
57	0
58	0
59	0
60	0
61	0
62	0
63	0
64	0
65	0
66	0
67	0
68	0
69	0
70	0
71	0
72	0
73	0
74	0
75	0
76	0
77	0
78	0
79	0
80	0
81	0
82	0
83	0
84	0
85	0
86	0
87	0
88	0
89	0
90	0
91	0
92	0
93	0
94	0
95	0
96	0
97	0
98	0
99	0
100	0
101	0
102	0
103	0
104	1
105	0
106	0
107	0
108	0
109	0
110	0
111	0
112	0
113	0
114	0
115	0
116	0
117	0
118	0
119	0
120	0
121	0
122	0
123	0
124	0
125	0
126	0
127	0
128	0
129	0
130	0
131	0
132	0
133	0
134	0
135	0
136	0
137	0
138	0
139	0
140	0
141	0
142	0
143	0
144	0
145	0
146	1
147	0
148	0
149	0
150	0
151	0
152	0
153	0
154	0
155	0
156	0
157	0
158	0
159	0
160	0
161	0
162	0
163	0
164	0
165	0
166	0
167	0
168	0
169	0
170	0
171	0
172	0
173	0
174	0
175	0
176	0
177	0
178	0
179	0
180	0
181	0
182	0
183	0
184	0
185	0
186	0
187	0
188	0
189	0
190	0
191	0
192	0
193	0
194	0
195	0
196	0
197	0
198	0
199	0
200	0
201	0
202	0
203	0
204	0
205	0
206	0
207	0
208	1
209	0
210	0
211	0
212	0
213	0
214	0
215	0
216	0
217	0
218	0
219	0
220	0
221	0
222	0
223	0
224	0
225	0
226	0
227	0
228	0
229	0
230	0
231	0
232	0
233	0
234	0
235	0
236	0
237	0
238	0
239	0
240	0
241	0
242	0
243	0
244	0
245	0
246	0
247	0
248	0
249	0
250	0
251	0
252	0
253	0
254	0
255	0
256	0
257	0
258	0
259	0
260	0
261	0
262	0
263	0
264	0
265	0
266	0
267	0
268	0
269	0
270	0
271	0
272	0
273	0
274	0
275	0
276	0
277	0
278	0
279	0
280	0
281	0
282	0
283	0
284	0
285	0
286	0
287	0
288	0
289	0
290	0
291	0
292	0
293	0
294	0
295	0
296	0
297	0
298	0
299	0
300	0
301	0
302	0
303	0
304	0
305	0
306	0
307	0
308	0
309	0
310	0
311	0
312	0
313	0
314	0
315	0
316	0
317	0
318	0
319	0
320	0
321	0
322	0
323	0
324	0
325	0
326	0
327	0
328	0
329	0
330	0
331	0
332	0
333	0
334	0
335	0
336	0
337	0
338	0
339	0
340	0
341	0
342	0
343	0
344	0
345	0
346	0
347	0
348	0
349	0
350	0
351	0
352	0
353	0
354	0
355	0
356	0
357	0
358	0
359	0
360	0
361	0
362	0
363	0
364	0
365	0
366	0
367	0
368	0
369	0
370	0
371	0
372	0
373	0
374	0
375	0
376	0
377	0
378	0
379	0
380	0
381	0
382	0
383	0
384	0
385	0
386	0
387	0
388	0
389	0
390	0
391	0
392	0
393	0
394	0
395	0
396	0
397	0
398	0
399	0
400	0
401	0
402	0
403	0
404	0
405	0
406	0
407	0
408	0
409	0
410	0
411	0
412	0
413	0
414	0
415	0
416	0
417	0
418	0
419	0
420	0
421	0
422	0
423	0
424	0
425	0
426	0
427	0
428	0
429	0
430	0
431	0
432	0
433	0
434	0
435	0
436	0
437	0
438	0
439	0
440	0
441	0
442	0
443	0
444	0
445	0
446	0
447	0
448	0
449	0
450	0
451	0
452	0
453	0
454	0
455	0
456	0
457	0
458	0
459	0
460	0
461	0
462	0
463	0
464	0
465	0
466	0
467	0
468	0
469	0
470	0
471	0
472	0
473	0
474	0
475	0
476	0
477	0
478	0
479	0
480	0
481	0
482	0
483	0
484	0
485	0
486	0
487	0
488	0
489	0
490	0
491	0
492	0
493	0
494	0
495	0
496	0
497	0
498	0
499	0
500	0
501	0
502	0
503	0
504	0
505	0
506	0
507	0
508	0
509	0
510	0
511	0
512	0
513	0
514	0
515	0
516	0
517	0
518	0
519	0
520	0
521	0
522	0
523	0
524	0
525	0
526	0
527	0
528	0
529	0
530	0
531	0
532	0
533	0
534	0
535	0
536	0
537	0
538	0
539	0
540	0
541	0
542	0
543	0
544	0
545	0
546	0
547	0
548	0
549	0
550	0
551	0
552	0
553	0
554	0
555	0
556	0
557	0
558	0
559	0
560	0
561	0
562	0
563	0
564	0
565	0
566	0
567	0
568	0
569	0
570	0
571	0
572	0
573	0
574	0
575	0
576	0
577	0
578	0
579	0
580	0
581	0
582	0
583	0
584	0
585	0
586	0
587	0
588	0
589	0
590	0
591	0
592	0
593	0
594	0
595	0
596	0
597	0
598	0
599	0
600	0
601	1
602	1
603	2
604	2
605	1
606	3
607	0
608	1
609	2
610	2
611	1
612	4
613	2
614	2
615	6
616	8
617	6
618	14
619	9
620	10
621	14
622	9
623	7
624	7
625	4
626	10
627	12
628	12
629	22
630	14
631	15
632	23
633	20
634	34
635	31
636	36
637	45
638	47
639	40
640	72
641	63
642	85
643	82
644	103
645	105
646	111
647	108
648	143
649	112
650	131
651	153
652	132
653	142
654	158
655	142
656	168
657	163
658	181
659	160
660	184
661	175
662	181
663	197
664	175
665	214
666	210
667	245
668	248
669	236
670	224
671	277
672	240
673	245
674	272
675	278
676	300
677	333
678	314
679	318
680	300
681	337
682	348
683	360
684	371
685	398
686	420
687	394
688	370
689	436
690	459
691	433
692	472
693	463
694	475
695	513
696	503
697	546
698	534
699	583
700	609
701	582
702	588
703	609
704	653
705	640
706	648
707	708
708	717
709	735
710	703
711	805
712	736
713	842
714	812
715	841
716	787
717	830
718	899
719	872
720	916
721	892
722	978
723	1022
724	1011
725	1015
726	1035
727	1048
728	1078
729	1130
730	1141
731	1104
732	1195
733	1198
734	1148
735	1199
736	1207
737	1248
738	1298
739	1358
740	1341
741	1454
742	1422
743	1477
744	1402
745	1447
746	1466
747	1504
748	1540
749	1541
750	1659
751	1644
752	1576
753	1663
754	1677
755	1678
756	1738
757	1722
758	1770
759	1766
760	1767
761	1772
762	1771
763	1886
764	1873
765	1859
766	1959
767	1849
768	1993
769	1923
770	1924
771	2003
772	2042
773	2058
774	2118
775	2030
776	2058
777	2105
778	2121
779	2089
780	2107
781	2084
782	2157
783	2114
784	2076
785	2261
786	2133
787	2234
788	2184
789	2251
790	2225
791	2157
792	2181
793	2275
794	2253
795	2191
796	2316
797	2297
798	2267
799	2169
800	2272
801	2253
802	2254
803	2278
804	2301
805	2312
806	2313
807	2321
808	2298
809	2242
810	2247
811	2322
812	2247
813	2367
814	2268
815	2189
816	2244
817	2233
818	2250
819	2265
820	2250
821	2269
822	2177
823	2168
824	2075
825	2130
826	2175
827	2084
828	2080
829	2142
830	2079
831	2080
832	2090
833	2040
834	2066
835	2096
836	1981
837	2004
838	2011
839	1932
840	1979
841	1984
842	1906
843	1932
844	1851
845	1891
846	1961
847	1856
848	1830
849	1769
850	1806
851	1734
852	1724
853	1721
854	1755
855	1723
856	1746
857	1690
858	1645
859	1612
860	1621
861	1612
862	1599
863	1580
864	1550
865	1454
866	1607
867	1611
868	1430
869	1478
870	1452
871	1505
872	1482
873	1406
874	1428
875	1433
876	1375
877	1388
878	1356
879	1312
880	1323
881	1260
882	1280
883	1250
884	1219
885	1225
886	1166
887	1187
888	1151
889	1195
890	1183
891	1116
892	1150
893	1068
894	1106
895	1027
896	1048
897	1077
898	998
899	1034
900	1057
901	1001
902	987
903	959
904	978
905	952
906	921
907	894
908	888
909	895
910	861
911	848
912	872
913	856
914	862
915	808
916	827
917	817
918	824
919	761
920	735
921	793
922	785
923	798
924	711
925	676
926	738
927	670
928	730
929	755
930	672
931	711
932	667
933	646
934	669
935	630
936	626
937	586
938	667
939	563
940	616
941	604
942	536
943	577
944	590
945	594
946	559
947	529
948	591
949	566
950	542
951	510
952	511
953	516
954	502
955	548
956	466
957	481
958	519
959	489
960	441
961	469
962	465
963	407
964	444
965	440
966	447
967	457
968	469
969	408
970	406
971	389
972	400
973	391
974	389
975	388
976	386
977	399
978	342
979	372
980	362
981	358
982	349
983	324
984	352
985	357
986	326
987	333
988	345
989	333
990	306
991	306
992	335
993	284
994	326
995	322
996	319
997	289
998	297
999	336
1000	313
1001	289
1002	259
1003	279
1004	281
1005	255
1006	264
1007	272
1008	253
1009	236
1010	242
1011	251
1012	246
1013	252
1014	259
1015	254
1016	248
1017	206
1018	226
1019	228
1020	221
1021	242
1022	222
1023	222
1024	232
1025	218
1026	223
1027	227
1028	208
1029	198
1030	231
1031	188
1032	209
1033	195
1034	208
1035	200
1036	215
1037	169
1038	201
1039	180
1040	181
1041	196
1042	168
1043	180
1044	174
1045	181
1046	185
1047	180
1048	166
1049	178
1050	165
1051	159
1052	156
1053	167
1054	157
1055	180
1056	138
1057	137
1058	185
1059	163
1060	155
1061	134
1062	158
1063	150
1064	141
1065	171
1066	145
1067	149
1068	128
1069	156
1070	130
1071	125
1072	156
1073	142
1074	146
1075	137
1076	143
1077	143
1078	128
1079	131
1080	118
1081	133
1082	131
1083	123
1084	145
1085	121
1086	121
1087	128
1088	125
1089	139
1090	110
1091	121
1092	118
1093	125
1094	105
1095	115
1096	120
1097	119
1098	111
1099	108
1100	103
1101	118
1102	77
1103	109
1104	129
1105	126
1106	117
1107	95
1108	135
1109	108
1110	119
1111	85
1112	105
1113	109
1114	108
1115	105
1116	88
1117	87
1118	106
1119	101
1120	83
1121	100
1122	95
1123	85
1124	96
1125	76
1126	78
1127	94
1128	94
1129	100
1130	93
1131	79
1132	97
1133	96
1134	80
1135	92
1136	72
1137	74
1138	92
1139	77
1140	91
1141	87
1142	87
1143	76
1144	72
1145	83
1146	80
1147	88
1148	85
1149	53
1150	73
1151	70
1152	74
1153	80
1154	69
1155	76
1156	77
1157	66
1158	72
1159	72
1160	70
1161	63
1162	72
1163	67
1164	86
1165	61
1166	78
1167	69
1168	55
1169	69
1170	76
1171	76
1172	59
1173	68
1174	58
1175	64
1176	54
1177	68
1178	73
1179	66
1180	57
1181	70
1182	51
1183	56
1184	68
1185	67
1186	51
1187	53
1188	62
1189	46
1190	45
1191	65
1192	60
1193	42
1194	47
1195	76
1196	59
1197	50
1198	66
1199	64
1200	55
1201	54
1202	59
1203	58
1204	46
1205	42
1206	52
1207	66
1208	61
1209	51
1210	54
1211	57
1212	53
1213	67
1214	57
1215	51
1216	57
1217	56
1218	56
1219	46
1220	45
1221	49
1222	42
1223	59
1224	38
1225	50
1226	52
1227	52
1228	49
1229	53
1230	50
1231	49
1232	45
1233	54
1234	46
1235	47
1236	54
1237	38
1238	54
1239	49
1240	39
1241	41
1242	46
1243	40
1244	40
1245	51
1246	40
1247	42
1248	42
1249	40
1250	37
1251	38
1252	41
1253	57
1254	37
1255	44
1256	41
1257	46
1258	39
1259	32
1260	54
1261	39
1262	35
1263	45
1264	37
1265	38
1266	38
1267	29
1268	37
1269	38
1270	32
1271	37
1272	46
1273	44
1274	31
1275	35
1276	26
1277	30
1278	24
1279	28
1280	41
1281	30
1282	39
1283	25
1284	33
1285	36
1286	33
1287	47
1288	31
1289	43
1290	47
1291	38
1292	41
1293	30
1294	31
1295	31
1296	31
1297	34
1298	31
1299	26
1300	34
1301	33
1302	28
1303	30
1304	25
1305	34
1306	32
1307	32
1308	29
1309	22
1310	35
1311	24
1312	35
1313	38
1314	33
1315	26
1316	36
1317	25
1318	31
1319	36
1320	31
1321	24
1322	20
1323	34
1324	21
1325	31
1326	33
1327	26
1328	27
1329	32
1330	29
1331	19
1332	29
1333	22
1334	26
1335	27
1336	31
1337	32
1338	24
1339	24
1340	26
1341	21
1342	30
1343	32
1344	31
1345	28
1346	26
1347	25
1348	31
1349	19
1350	26
1351	15
1352	30
1353	27
1354	24
1355	28
1356	31
1357	37
1358	24
1359	26
1360	18
1361	17
1362	24
1363	23
1364	24
1365	21
1366	27
1367	20
1368	28
1369	29
1370	22
1371	23
1372	22
1373	28
1374	22
1375	17
1376	22
1377	23
1378	21
1379	21
1380	19
1381	21
1382	25
1383	21
1384	23
1385	13
1386	20
1387	19
1388	10
1389	24
1390	22
1391	26
1392	27
1393	19
1394	9
1395	27
1396	33
1397	18
1398	21
1399	21
1400	16
1401	21
1402	23
1403	16
1404	27
1405	15
1406	22
1407	15
1408	18
1409	21
1410	14
1411	14
1412	15
1413	19
1414	22
1415	24
1416	16
1417	22
1418	20
1419	21
1420	19
1421	18
1422	17
1423	18
1424	16
1425	15
1426	14
1427	15
1428	19
1429	11
1430	19
1431	14
1432	22
1433	16
1434	15
1435	16
1436	21
1437	9
1438	17
1439	14
1440	25
1441	19
1442	11
1443	11
1444	9
1445	13
1446	19
1447	21
1448	26
1449	11
1450	10
1451	14
1452	10
1453	19
1454	18
1455	15
1456	15
1457	20
1458	17
1459	22
1460	9
1461	11
1462	17
1463	17
1464	11
1465	18
1466	10
1467	19
1468	20
1469	7
1470	11
1471	17
1472	12
1473	11
1474	13
1475	22
1476	10
1477	8
1478	17
1479	14
1480	17
1481	16
1482	13
1483	19
1484	8
1485	15
1486	11
1487	12
1488	11
1489	16
1490	9
1491	10
1492	7
1493	13
1494	17
1495	10
1496	16
1497	23
1498	16
1499	10
1500	13
1501	18
1502	5
1503	10
1504	12
1505	12
1506	15
1507	11
1508	8
1509	10
1510	16
1511	12
1512	12
1513	10
1514	11
1515	14
1516	20
1517	18
1518	13
1519	14
1520	11
1521	15
1522	13
1523	11
1524	12
1525	9
1526	11
1527	16
1528	7
1529	13
1530	12
1531	11
1532	15
1533	11
1534	7
1535	11
1536	9
1537	4
1538	15
1539	15
1540	13
1541	22
1542	18
1543	8
1544	8
1545	10
1546	17
1547	9
1548	15
1549	13
1550	13
1551	7
1552	5
1553	15
1554	14
1555	11
1556	12
1557	4
1558	6
1559	11
1560	20
1561	5
1562	12
1563	9
1564	9
1565	8
1566	9
1567	8
1568	13
1569	10
1570	12
1571	7
1572	8
1573	10
1574	3
1575	5
1576	7
1577	13
1578	10
1579	7
1580	12
1581	14
1582	7
1583	11
1584	8
1585	11
1586	13
1587	11
1588	12
1589	12
1590	13
1591	7
1592	8
1593	17
1594	16
1595	8
1596	12
1597	7
1598	10
1599	8
1600	5
1601	5
1602	9
1603	8
1604	6
1605	7
1606	5
1607	13
1608	11
1609	14
1610	11
1611	6
1612	12
1613	10
1614	10
1615	6
1616	8
1617	5
1618	6
1619	3
1620	12
1621	8
1622	9
1623	11
1624	11
1625	9
1626	11
1627	14
1628	8
1629	14
1630	11
1631	5
1632	4
1633	9
1634	11
1635	6
1636	5
1637	17
1638	6
1639	4
1640	6
1641	9
1642	6
1643	7
1644	8
1645	7
1646	8
1647	12
1648	9
1649	8
1650	6
1651	9
1652	3
1653	6
1654	5
1655	5
1656	7
1657	13
1658	9
1659	6
1660	5
1661	8
1662	9
1663	3
1664	8
1665	3
1666	6
1667	9
1668	5
1669	13
1670	6
1671	7
1672	10
1673	4
1674	4
1675	4
1676	7
1677	2
1678	2
1679	3
1680	8
1681	6
1682	5
1683	6
1684	10
1685	3
1686	3
1687	6
1688	10
1689	4
1690	11
1691	5
1692	3
1693	6
1694	18
1695	5
1696	3
1697	6
1698	4
1699	5
1700	9
1701	7
1702	4
1703	8
1704	5
1705	1
1706	7
1707	5
1708	4
1709	5
1710	3
1711	3
1712	1
1713	2
1714	5
1715	3
1716	6
1717	3
1718	7
1719	5
1720	13
1721	8
1722	5
1723	7
1724	6
1725	5
1726	8
1727	6
1728	7
1729	5
1730	5
1731	4
1732	9
1733	13
1734	5
1735	7
1736	4
1737	6
1738	6
1739	8
1740	6
1741	2
1742	7
1743	4
1744	4
1745	4
1746	4
1747	5
1748	3
1749	5
1750	2
1751	6
1752	4
1753	5
1754	3
1755	4
1756	7
1757	5
1758	2
1759	5
1760	8
1761	4
1762	1
1763	4
1764	7
1765	7
1766	5
1767	4
1768	6
1769	2
1770	5
1771	5
1772	6
1773	5
1774	5
1775	5
1776	8
1777	3
1778	5
1779	5
1780	6
1781	3
1782	8
1783	4
1784	2
1785	5
1786	4
1787	5
1788	6
1789	4
1790	1
1791	10
1792	3
1793	6
1794	4
1795	7
1796	8
1797	8
1798	4
1799	4
1800	1
1801	2
1802	5
1803	3
1804	5
1805	4
1806	2
1807	5
1808	8
1809	5
1810	7
1811	7
1812	3
1813	1
1814	5
1815	9
1816	5
1817	4
1818	6
1819	6
1820	4
1821	7
1822	2
1823	4
1824	4
1825	0
1826	5
1827	3
1828	5
1829	4
1830	4
1831	2
1832	3
1833	2
1834	9
1835	8
1836	1
1837	5
1838	3
1839	5
1840	5
1841	4
1842	2
1843	3
1844	6
1845	4
1846	5
1847	5
1848	4
1849	4
1850	2
1851	2
1852	7
1853	3
1854	4
1855	5
1856	2
1857	5
1858	5
1859	8
1860	4
1861	9
1862	3
1863	4
1864	2
1865	5
1866	6
1867	3
1868	3
1869	1
1870	1
1871	1
1872	3
1873	2
1874	4
1875	2
1876	4
1877	3
1878	1
1879	5
1880	4
1881	3
1882	3
1883	2
1884	4
1885	2
1886	3
1887	9
1888	4
1889	5
1890	4
1891	4
1892	5
1893	5
1894	4
1895	4
1896	3
1897	2
1898	4
1899	4
1900	4
1901	2
1902	3
1903	2
1904	6
1905	1
1906	4
1907	3
1908	3
1909	2
1910	2
1911	5
1912	2
1913	2
1914	4
1915	7
1916	4
1917	3
1918	4
1919	3
1920	2
1921	4
1922	3
1923	3
1924	2
1925	2
1926	2
1927	4
1928	4
1929	4
1930	4
1931	4
1932	2
1933	1
1934	3
1935	5
1936	4
1937	1
1938	2
1939	5
1940	5
1941	1
1942	6
1943	0
1944	1
1945	6
1946	4
1947	3
1948	4
1949	3
1950	3
1951	2
1952	3
1953	2
1954	4
1955	5
1956	3
1957	1
1958	2
1959	3
1960	8
1961	2
1962	1
1963	3
1964	3
1965	3
1966	4
1967	3
1968	5
1969	2
1970	0
1971	3
1972	1
1973	5
1974	1
1975	3
1976	3
1977	7
1978	2
1979	4
1980	2
1981	4
1982	5
1983	1
1984	2
1985	1
1986	0
1987	3
1988	6
1989	3
1990	2
1991	2
1992	3
1993	2
1994	4
1995	5
1996	2
1997	0
1998	2
1999	5
2000	1
2001	1
2002	1
2003	1
2004	5
2005	3
2006	4
2007	3
2008	3
2009	2
2010	1
2011	0
2012	2
2013	0
2014	2
2015	2
2016	0
2017	3
2018	2
2019	3
2020	1
2021	6
2022	2
2023	1
2024	1
2025	2
2026	2
2027	4
2028	6
2029	5
2030	3
2031	0
2032	1
2033	1
2034	3
2035	1
2036	2
2037	1
2038	1
2039	2
2040	1
2041	2
2042	1
2043	2
2044	3
2045	1
2046	1
2047	1
2048	2
2049	3
2050	0
2051	8
2052	1
2053	3
2054	4
2055	2
2056	1
2057	2
2058	1
2059	2
2060	2
2061	3
2062	1
2063	0
2064	0
2065	3
2066	1
2067	5
2068	2
2069	2
2070	1
2071	2
2072	5
2073	4
2074	2
2075	3
2076	4
2077	1
2078	3
2079	2
2080	2
2081	2
2082	3
2083	2
2084	3
2085	6
2086	3
2087	3
2088	1
2089	1
2090	1
2091	2
2092	0
2093	3
2094	0
2095	0
2096	2
2097	2
2098	4
2099	0
2100	2
2101	2
2102	1
2103	3
2104	3
2105	0
2106	1
2107	3
2108	3
2109	4
2110	0
2111	1
2112	1
2113	2
2114	0
2115	3
2116	0
2117	1
2118	1
2119	3
2120	0
2121	0
2122	5
2123	0
2124	2
2125	4
2126	0
2127	5
2128	1
2129	1
2130	2
2131	1
2132	0
2133	0
2134	3
2135	0
2136	0
2137	0
2138	2
2139	0
2140	0
2141	3
2142	2
2143	1
2144	0
2145	1
2146	4
2147	2
2148	3
2149	1
2150	1
2151	3
2152	1
2153	2
2154	1
2155	2
2156	0
2157	0
2158	1
2159	0
2160	3
2161	1
2162	3
2163	1
2164	0
2165	0
2166	2
2167	0
2168	1
2169	3
2170	2
2171	3
2172	0
2173	0
2174	1
2175	5
2176	1
2177	3
2178	2
2179	1
2180	2
2181	2
2182	6
2183	2
2184	2
2185	4
2186	2
2187	2
2188	0
2189	1
2190	3
2191	1
2192	2
2193	1
2194	0
2195	3
2196	3
2197	1
2198	1
2199	2
2200	2
2201	1
2202	0
2203	1
2204	3
2205	0
2206	5
2207	2
2208	3
2209	2
2210	4
2211	2
2212	2
2213	3
2214	3
2215	3
2216	0
2217	2
2218	0
2219	0
2220	1
2221	1
2222	2
2223	2
2224	3
2225	1
2226	2
2227	1
2228	1
2229	1
2230	2
2231	2
2232	1
2233	2
2234	2
2235	3
2236	3
2237	3
2238	4
2239	2
2240	2
2241	5
2242	2
2243	1
2244	3
2245	0
2246	1
2247	2
2248	2
2249	3
2250	0
2251	6
2252	7
2253	3
2254	1
2255	2
2256	1
2257	1
2258	2
2259	0
2260	1
2261	0
2262	0
2263	2
2264	1
2265	4
2266	0
2267	1
2268	1
2269	4
2270	2
2271	4
2272	4
2273	1
2274	2
2275	4
2276	2
2277	1
2278	2
2279	0
2280	2
2281	2
2282	0
2283	1
2284	1
2285	1
2286	0
2287	3
2288	1
2289	3
2290	1
2291	1
2292	2
2293	2
2294	3
2295	1
2296	2
2297	1
2298	0
2299	0
2300	0
2301	2
2302	0
2303	1
2304	0
2305	1
2306	2
2307	0
2308	2
2309	1
2310	0
2311	0
2312	0
2313	0
2314	2
2315	0
2316	1
2317	3
2318	4
2319	3
2320	3
2321	2
2322	0
2323	1
2324	2
2325	3
2326	2
2327	4
2328	1
2329	1
2330	2
2331	0
2332	3
2333	0
2334	2
2335	0
2336	2
2337	0
2338	1
2339	2
2340	0
2341	1
2342	0
2343	2
2344	2
2345	2
2346	2
2347	2
2348	0
2349	0
2350	3
2351	4
2352	3
2353	1
2354	0
2355	3
2356	1
2357	0
2358	1
2359	0
2360	1
2361	2
2362	1
2363	3
2364	0
2365	2
2366	0
2367	2
2368	1
2369	2
2370	2
2371	0
2372	4
2373	3
2374	2
2375	4
2376	3
2377	4
2378	2
2379	2
2380	1
2381	2
2382	2
2383	3
2384	2
2385	1
2386	4
2387	1
2388	1
2389	1
2390	0
2391	0
2392	0
2393	5
2394	2
2395	2
2396	2
2397	0
2398	1
2399	6
2400	1
2401	0
2402	1
2403	0
2404	2
2405	0
2406	1
2407	1
2408	0
2409	0
2410	2
2411	1
2412	0
2413	3
2414	4
2415	2
2416	0
2417	1
2418	1
2419	2
2420	1
2421	2
2422	2
2423	0
2424	2
2425	2
2426	2
2427	0
2428	0
2429	1
2430	3
2431	2
2432	0
2433	0
2434	1
2435	0
2436	3
2437	0
2438	2
2439	1
2440	1
2441	0
2442	1
2443	0
2444	2
2445	1
2446	2
2447	0
2448	0
2449	1
2450	1
2451	1
2452	3
2453	3
2454	2
2455	1
2456	2
2457	1
2458	4
2459	2
2460	3
2461	1
2462	4
2463	4
2464	1
2465	0
2466	1
2467	1
2468	2
2469	2
2470	2
2471	1
2472	0
2473	0
2474	0
2475	1
2476	2
2477	1
2478	3
2479	2
2480	1
2481	1
2482	2
2483	1
2484	2
2485	3
2486	2
2487	1
2488	0
2489	0
2490	3
2491	2
2492	1
2493	0
2494	4
2495	1
2496	0
2497	1
2498	1
2499	0
2500	3
2501	2
2502	3
2503	1
2504	0
2505	0
2506	1
2507	3
2508	0
2509	1
2510	1
2511	1
2512	1
2513	1
2514	1
2515	1
2516	2
2517	1
2518	2
2519	4
2520	1
2521	0
2522	0
2523	0
2524	0
2525	0
2526	3
2527	2
2528	0
2529	3
2530	2
2531	1
2532	1
2533	3
2534	3
2535	0
2536	0
2537	1
2538	2
2539	0
2540	2
2541	3
2542	0
2543	0
2544	2
2545	3
2546	2
2547	2
2548	0
2549	1
2550	2
2551	1
2552	0
2553	3
2554	2
2555	0
2556	1
2557	0
2558	0
2559	0
2560	2
2561	2
2562	1
2563	2
2564	2
2565	2
2566	0
2567	1
2568	2
2569	1
2570	2
2571	1
2572	0
2573	0
2574	1
2575	1
2576	1
2577	1
2578	0
2579	3
2580	1
2581	1
2582	1
2583	1
2584	1
2585	1
2586	0
2587	0
2588	0
2589	1
2590	2
2591	0
2592	0
2593	1
2594	1
2595	1
2596	3
2597	2
2598	0
2599	2
2600	0
2601	2
2602	1
2603	0
2604	0
2605	0
2606	0
2607	2
2608	1
2609	1
2610	1
2611	2
2612	0
2613	2
2614	0
2615	4
2616	1
2617	2
2618	3
2619	0
2620	2
2621	1
2622	1
2623	2
2624	2
2625	1
2626	1
2627	1
2628	3
2629	1
2630	0
2631	0
2632	0
2633	3
2634	0
2635	0
2636	2
2637	1
2638	0
2639	0
2640	0
2641	1
2642	0
2643	0
2644	1
2645	2
2646	1
2647	0
2648	1
2649	1
2650	0
2651	0
2652	0
2653	1
2654	1
2655	1
2656	2
2657	3
2658	1
2659	0
2660	0
2661	1
2662	2
2663	1
2664	1
2665	1
2666	2
2667	2
2668	5
2669	0
2670	1
2671	1
2672	1
2673	1
2674	0
2675	0
2676	0
2677	1
2678	0
2679	1
2680	1
2681	0
2682	0
2683	2
2684	0
2685	0
2686	1
2687	1
2688	0
2689	1
2690	1
2691	0
2692	1
2693	2
2694	2
2695	0
2696	1
2697	1
2698	3
2699	0
2700	0
2701	2
2702	1
2703	4
2704	1
2705	1
2706	0
2707	5
2708	3
2709	2
2710	1
2711	0
2712	0
2713	2
2714	1
2715	3
2716	1
2717	2
2718	1
2719	2
2720	0
2721	2
2722	0
2723	0
2724	1
2725	2
2726	2
2727	1
2728	1
2729	2
2730	1
2731	1
2732	2
2733	1
2734	1
2735	0
2736	0
2737	1
2738	4
2739	0
2740	0
2741	1
2742	2
2743	1
2744	1
2745	0
2746	2
2747	0
2748	1
2749	0
2750	0
2751	2
2752	0
2753	1
2754	1
2755	4
2756	0
2757	1
2758	0
2759	1
2760	1
2761	1
2762	0
2763	0
2764	2
2765	0
2766	0
2767	2
2768	1
2769	1
2770	2
2771	0
2772	3
2773	0
2774	1
2775	0
2776	0
2777	1
2778	1
2779	2
2780	1
2781	0
2782	2
2783	1
2784	1
2785	1
2786	1
2787	1
2788	1
2789	1
2790	1
2791	0
2792	1
2793	1
2794	1
2795	0
2796	0
2797	0
2798	3
2799	2
2800	1
2801	1
2802	1
2803	1
2804	0
2805	2
2806	0
2807	4
2808	0
2809	1
2810	0
2811	1
2812	1
2813	1
2814	2
2815	1
2816	0
2817	1
2818	1
2819	1
2820	0
2821	2
2822	1
2823	0
2824	0
2825	1
2826	0
2827	2
2828	1
2829	2
2830	1
2831	0
2832	0
2833	0
2834	1
2835	0
2836	0
2837	0
2838	2
2839	1
2840	2
2841	2
2842	2
2843	1
2844	0
2845	1
2846	3
2847	0
2848	1
2849	3
2850	0
2851	1
2852	1
2853	0
2854	0
2855	1
2856	1
2857	1
2858	2
2859	1
2860	0
2861	1
2862	1
2863	1
2864	3
2865	0
2866	2
2867	0
2868	1
2869	1
2870	0
2871	2
2872	0
2873	1
2874	0
2875	3
2876	0
2877	0
2878	0
2879	0
2880	3
2881	2
2882	2
2883	6
2884	0
2885	0
2886	1
2887	0
2888	0
2889	1
2890	1
2891	0
2892	2
2893	1
2894	1
2895	0
2896	2
2897	0
2898	1
2899	4
2900	2
2901	1
2902	1
2903	0
2904	0
2905	0
2906	1
2907	1
2908	3
2909	0
2910	0
2911	1
2912	1
2913	1
2914	3
2915	2
2916	1
2917	3
2918	1
2919	0
2920	0
2921	1
2922	0
2923	1
2924	0
2925	1
2926	0
2927	0
2928	1
2929	1
2930	2
2931	0
2932	1
2933	1
2934	1
2935	0
2936	1
2937	1
2938	0
2939	0
2940	1
2941	2
2942	1
2943	1
2944	1
2945	0
2946	1
2947	1
2948	0
2949	0
2950	2
2951	0
2952	1
2953	1
2954	0
2955	0
2956	0
2957	2
2958	2
2959	1
2960	0
2961	1
2962	0
2963	0
2964	0
2965	1
2966	1
2967	1
2968	1
2969	2
2970	1
2971	0
2972	0
2973	1
2974	1
2975	0
2976	0
2977	2
2978	0
2979	1
2980	0
2981	3
2982	0
2983	0
2984	0
2985	0
2986	1
2987	1
2988	2
2989	1
2990	1
2991	3
2992	0
2993	0
2994	0
2995	3
2996	1
2997	0
2998	1
2999	1
3000	0
3001	0
3002	2
3003	2
3004	0
3005	0
3006	1
3007	0
3008	0
3009	1
3010	1
3011	2
3012	0
3013	1
3014	2
3015	0
3016	1
3017	1
3018	2
3019	1
3020	4
3021	2
3022	0
3023	0
3024	1
3025	0
3026	2
3027	0
3028	1
3029	0
3030	1
3031	0
3032	0
3033	0
3034	2
3035	1
3036	0
3037	0
3038	1
3039	1
3040	1
3041	0
3042	0
3043	5
3044	1
3045	0
3046	0
3047	1
3048	0
3049	0
3050	1
3051	0
3052	2
3053	0
3054	1
3055	1
3056	1
3057	1
3058	0
3059	0
3060	1
3061	0
3062	2
3063	1
3064	1
3065	0
3066	3
3067	2
3068	1
3069	0
3070	1
3071	2
3072	1
3073	1
3074	1
3075	0
3076	1
3077	0
3078	1
3079	0
3080	0
3081	1
3082	0
3083	1
3084	1
3085	1
3086	0
3087	2
3088	1
3089	0
3090	2
3091	2
3092	2
3093	1
3094	1
3095	1
3096	0
3097	1
3098	2
3099	2
3100	1
3101	1
3102	1
3103	2
3104	0
3105	4
3106	1
3107	0
3108	2
3109	0
3110	0
3111	2
3112	2
3113	0
3114	4
3115	1
3116	1
3117	2
3118	1
3119	2
3120	0
3121	0
3122	1
3123	1
3124	1
3125	0
3126	1
3127	1
3128	2
3129	0
3130	0
3131	2
3132	3
3133	2
3134	0
3135	0
3136	0
3137	2
3138	0
3139	0
3140	1
3141	0
3142	1
3143	0
3144	2
3145	3
3146	2
3147	2
3148	0
3149	2
3150	1
3151	0
3152	0
3153	0
3154	3
3155	2
3156	1
3157	2
3158	3
3159	1
3160	0
3161	0
3162	2
3163	2
3164	0
3165	1
3166	0
3167	0
3168	1
3169	1
3170	0
3171	0
3172	0
3173	1
3174	0
3175	2
3176	1
3177	0
3178	1
3179	1
3180	0
3181	0
3182	2
3183	0
3184	1
3185	0
3186	1
3187	1
3188	1
3189	2
3190	0
3191	1
3192	0
3193	3
3194	1
3195	1
3196	2
3197	0
3198	0
3199	1
3200	1
3201	1
3202	1
3203	1
3204	0
3205	0
3206	1
3207	0
3208	1
3209	0
3210	1
3211	1
3212	0
3213	3
3214	1
3215	0
3216	0
3217	0
3218	1
3219	0
3220	2
3221	1
3222	1
3223	0
3224	0
3225	1
3226	4
3227	0
3228	2
3229	0
3230	1
3231	0
3232	1
3233	1
3234	1
3235	0
3236	1
3237	0
3238	0
3239	0
3240	0
3241	0
3242	1
3243	0
3244	0
3245	1
3246	0
3247	0
3248	1
3249	1
3250	1
3251	1
3252	1
3253	1
3254	0
3255	1
3256	0
3257	1
3258	0
3259	0
3260	0
3261	1
3262	1
3263	0
3264	1
3265	0
3266	1
3267	0
3268	1
3269	0
3270	0
3271	2
3272	3
3273	2
3274	0
3275	1
3276	1
3277	0
3278	0
3279	2
3280	0
3281	0
3282	0
3283	1
3284	3
3285	1
3286	1
3287	1
3288	2
3289	1
3290	1
3291	2
3292	2
3293	1
3294	1
3295	1
3296	1
3297	2
3298	1
3299	1
3300	1
3301	0
3302	0
3303	0
3304	0
3305	0
3306	3
3307	0
3308	1
3309	1
3310	2
3311	0
3312	1
3313	3
3314	0
3315	0
3316	1
3317	0
3318	0
3319	0
3320	0
3321	1
3322	0
3323	1
3324	0
3325	1
3326	0
3327	1
3328	1
3329	1
3330	0
3331	2
3332	2
3333	0
3334	1
3335	0
3336	0
3337	1
3338	1
3339	1
3340	2
3341	0
3342	2
3343	2
3344	0
3345	1
3346	1
3347	1
3348	0
3349	1
3350	0
3351	0
3352	1
3353	2
3354	1
3355	0
3356	0
3357	0
3358	1
3359	0
3360	0
3361	0
3362	0
3363	1
3364	2
3365	2
3366	0
3367	3
3368	2
3369	1
3370	1
3371	1
3372	2
3373	1
3374	0
3375	1
3376	0
3377	1
3378	0
3379	2
3380	0
3381	1
3382	1
3383	0
3384	0
3385	1
3386	1
3387	1
3388	0
3389	2
3390	0
3391	0
3392	0
3393	0
3394	0
3395	0
3396	2
3397	1
3398	2
3399	2
3400	0
3401	1
3402	0
3403	0
3404	1
3405	0
3406	0
3407	1
3408	0
3409	2
3410	2
3411	0
3412	0
3413	0
3414	2
3415	0
3416	1
3417	3
3418	0
3419	1
3420	1
3421	1
3422	0
3423	2
3424	0
3425	0
3426	0
3427	1
3428	1
3429	1
3430	0
3431	3
3432	1
3433	0
3434	0
3435	2
3436	0
3437	0
3438	0
3439	1
3440	0
3441	0
3442	1
3443	1
3444	0
3445	2
3446	1
3447	2
3448	2
3449	0
3450	0
3451	0
3452	0
3453	0
3454	1
3455	2
3456	0
3457	0
3458	1
3459	2
3460	1
3461	0
3462	0
3463	0
3464	0
3465	0
3466	2
3467	1
3468	2
3469	2
3470	1
3471	0
3472	2
3473	0
3474	0
3475	0
3476	0
3477	0
3478	0
3479	2
3480	0
3481	0
3482	1
3483	1
3484	2
3485	0
3486	0
3487	1
3488	0
3489	0
3490	1
3491	2
3492	3
3493	0
3494	1
3495	1
3496	1
3497	3
3498	0
3499	1
3500	1
3501	0
3502	2
3503	0
3504	0
3505	1
3506	1
3507	4
3508	0
3509	0
3510	1
3511	0
3512	1
3513	0
3514	0
3515	1
3516	1
3517	0
3518	0
3519	1
3520	1
3521	0
3522	1
3523	0
3524	3
3525	0
3526	1
3527	1
3528	1
3529	0
3530	2
3531	1
3532	0
3533	0
3534	0
3535	2
3536	0
3537	3
3538	1
3539	0
3540	1
3541	0
3542	0
3543	3
3544	0
3545	2
3546	1
3547	1
3548	2
3549	0
3550	0
3551	1
3552	1
3553	1
3554	0
3555	1
3556	0
3557	1
3558	0
3559	3
3560	1
3561	1
3562	0
3563	1
3564	0
3565	0
3566	0
3567	0
3568	0
3569	1
3570	0
3571	2
3572	3
3573	1
3574	0
3575	0
3576	0
3577	0
3578	1
3579	3
3580	0
3581	1
3582	0
3583	0
3584	2
3585	1
3586	1
3587	1
3588	0
3589	0
3590	1
3591	0
3592	0
3593	2
3594	0
3595	3
3596	0
3597	0
3598	1
3599	1
3600	0
3601	1
3602	0
3603	1
3604	2
3605	0
3606	0
3607	1
3608	2
3609	0
3610	2
3611	1
3612	0
3613	3
3614	0
3615	2
3616	0
3617	0
3618	0
3619	1
3620	0
3621	1
3622	1
3623	1
3624	1
3625	0
3626	1
3627	1
3628	1
3629	2
3630	0
3631	1
3632	2
3633	2
3634	0
3635	0
3636	1
3637	0
3638	0
3639	0
3640	1
3641	2
3642	2
3643	0
3644	1
3645	0
3646	0
3647	3
3648	1
3649	1
3650	1
3651	1
3652	1
3653	0
3654	2
3655	0
3656	0
3657	1
3658	1
3659	2
3660	0
3661	3
3662	0
3663	1
3664	0
3665	0
3666	1
3667	1
3668	2
3669	1
3670	0
3671	2
3672	2
3673	1
3674	1
3675	0
3676	1
3677	0
3678	0
3679	1
3680	1
3681	1
3682	0
3683	0
3684	2
3685	0
3686	2
3687	0
3688	0
3689	1
3690	0
3691	0
3692	0
3693	2
3694	1
3695	1
3696	0
3697	1
3698	1
3699	2
3700	2
3701	1
3702	1
3703	0
3704	2
3705	1
3706	1
3707	0
3708	0
3709	0
3710	0
3711	1
3712	0
3713	0
3714	0
3715	0
3716	3
3717	0
3718	1
3719	2
3720	0
3721	0
3722	0
3723	1
3724	1
3725	0
3726	2
3727	0
3728	0
3729	0
3730	1
3731	1
3732	0
3733	1
3734	1
3735	3
3736	0
3737	0
3738	0
3739	1
3740	0
3741	1
3742	0
3743	0
3744	1
3745	0
3746	2
3747	1
3748	0
3749	2
3750	0
3751	0
3752	2
3753	1
3754	0
3755	2
3756	1
3757	1
3758	6
3759	0
3760	1
3761	0
3762	1
3763	3
3764	0
3765	0
3766	0
3767	0
3768	0
3769	1
3770	1
3771	1
3772	2
3773	0
3774	1
3775	3
3776	1
3777	0
3778	0
3779	3
3780	4
3781	1
3782	2
3783	0
3784	2
3785	1
3786	2
3787	1
3788	1
3789	1
3790	0
3791	1
3792	1
3793	3
3794	1
3795	0
3796	0
3797	1
3798	0
3799	0
3800	3
3801	1
3802	0
3803	1
3804	1
3805	0
3806	1
3807	0
3808	0
3809	2
3810	0
3811	1
3812	1
3813	1
3814	1
3815	0
3816	0
3817	1
3818	0
3819	0
3820	0
3821	1
3822	3
3823	0
3824	0
3825	1
3826	0
3827	0
3828	0
3829	0
3830	0
3831	1
3832	1
3833	0
3834	0
3835	0
3836	1
3837	1
3838	2
3839	0
3840	2
3841	3
3842	3
3843	0
3844	1
3845	1
3846	1
3847	2
3848	1
3849	0
3850	1
3851	1
3852	0
3853	1
3854	1
3855	0
3856	0
3857	0
3858	1
3859	2
3860	0
3861	1
3862	1
3863	1
3864	0
3865	1
3866	2
3867	0
3868	2
3869	1
3870	0
3871	1
3872	0
3873	1
3874	0
3875	0
3876	1
3877	1
3878	0
3879	1
3880	0
3881	0
3882	0
3883	2
3884	3
3885	2
3886	1
3887	2
3888	1
3889	1
3890	0
3891	1
3892	0
3893	1
3894	0
3895	0
3896	0
3897	0
3898	2
3899	1
3900	0
3901	1
3902	0
3903	1
3904	1
3905	0
3906	1
3907	0
3908	1
3909	0
3910	1
3911	1
3912	2
3913	1
3914	1
3915	0
3916	0
3917	0
3918	1
3919	0
3920	1
3921	0
3922	1
3923	1
3924	0
3925	0
3926	2
3927	1
3928	2
3929	0
3930	1
3931	3
3932	0
3933	0
3934	0
3935	0
3936	0
3937	2
3938	1
3939	1
3940	1
3941	0
3942	0
3943	1
3944	0
3945	2
3946	0
3947	2
3948	1
3949	3
3950	3
3951	0
3952	1
3953	1
3954	0
3955	0
3956	2
3957	1
3958	0
3959	3
3960	0
3961	1
3962	0
3963	0
3964	2
3965	1
3966	0
3967	0
3968	1
3969	0
3970	1
3971	1
3972	1
3973	1
3974	0
3975	1
3976	1
3977	2
3978	1
3979	1
3980	1
3981	1
3982	2
3983	1
3984	0
3985	1
3986	0
3987	1
3988	2
3989	3
3990	3
3991	1
3992	1
3993	0
3994	1
3995	3
3996	1
3997	1
3998	2
3999	3
4000	0
4001	0
4002	1
4003	1
4004	0
4005	0
4006	1
4007	0
4008	0
4009	1
4010	1
4011	1
4012	1
4013	1
4014	0
4015	2
4016	0
4017	1
4018	0
4019	1
4020	3
4021	1
4022	1
4023	0
4024	0
4025	1
4026	1
4027	1
4028	1
4029	1
4030	0
4031	1
4032	2
4033	1
4034	1
4035	0
4036	0
4037	1
4038	0
4039	0
4040	0
4041	2
4042	1
4043	1
4044	0
4045	0
4046	0
4047	2
4048	0
4049	0
4050	0
4051	2
4052	1
4053	2
4054	0
4055	1
4056	1
4057	2
4058	0
4059	0
4060	3
4061	0
4062	0
4063	0
4064	0
4065	0
4066	1
4067	0
4068	3
4069	1
4070	1
4071	0
4072	0
4073	1
4074	0
4075	1
4076	1
4077	0
4078	0
4079	0
4080	2
4081	1
4082	0
4083	3
4084	0
4085	0
4086	0
4087	1
4088	0
4089	0
4090	0
4091	0
4092	0
4093	0
4094	0
4095	1
4096	0
4097	0
4098	0
4099	2
4100	0
4101	1
4102	0
4103	2
4104	0
4105	0
4106	0
4107	1
4108	0
4109	2
4110	4
4111	1
4112	0
4113	0
4114	1
4115	1
4116	0
4117	0
4118	0
4119	2
4120	1
4121	1
4122	1
4123	0
4124	0
4125	0
4126	0
4127	1
4128	0
4129	1
4130	2
4131	1
4132	0
4133	0
4134	2
4135	0
4136	0
4137	1
4138	0
4139	0
4140	1
4141	0
4142	1
4143	1
4144	1
4145	0
4146	1
4147	0
4148	0
4149	0
4150	0
4151	0
4152	1
4153	0
4154	5
4155	1
4156	0
4157	1
4158	0
4159	0
4160	0
4161	1
4162	1
4163	2
4164	0
4165	0
4166	0
4167	1
4168	0
4169	0
4170	0
4171	1
4172	0
4173	2
4174	0
4175	0
4176	1
4177	1
4178	2
4179	0
4180	0
4181	1
4182	0
4183	1
4184	0
4185	2
4186	1
4187	0
4188	0
4189	1
4190	0
4191	0
4192	2
4193	1
4194	1
4195	0
4196	0
4197	1
4198	3
4199	3
4200	1
4201	1
4202	1
4203	2
4204	0
4205	1
4206	1
4207	1
4208	1
4209	1
4210	2
4211	0
4212	0
4213	1
4214	2
4215	1
4216	0
4217	1
4218	0
4219	0
4220	2
4221	0
4222	0
4223	0
4224	1
4225	1
4226	1
4227	0
4228	0
4229	1
4230	0
4231	0
4232	0
4233	0
4234	0
4235	1
4236	2
4237	2
4238	2
4239	2
4240	1
4241	0
4242	3
4243	0
4244	5
4245	0
4246	1
4247	2
4248	0
4249	0
4250	0
4251	0
4252	0
4253	0
4254	0
4255	2
4256	0
4257	0
4258	1
4259	0
4260	1
4261	2
4262	2
4263	0
4264	1
4265	0
4266	0
4267	0
4268	0
4269	0
4270	1
4271	0
4272	0
4273	1
4274	0
4275	1
4276	2
4277	0
4278	0
4279	0
4280	0
4281	2
4282	0
4283	1
4284	2
4285	0
4286	1
4287	1
4288	2
4289	1
4290	0
4291	1
4292	3
4293	0
4294	1
4295	0
4296	1
4297	1
4298	1
4299	0
4300	1
4301	0
4302	0
4303	1
4304	1
4305	1
4306	3
4307	1
4308	0
4309	1
4310	1
4311	0
4312	0
4313	1
4314	2
4315	2
4316	0
4317	2
4318	0
4319	2
4320	0
4321	1
4322	2
4323	1
4324	1
4325	0
4326	0
4327	1
4328	2
4329	1
4330	0
4331	1
4332	2
4333	0
4334	0
4335	0
4336	0
4337	1
4338	0
4339	0
4340	0
4341	1
4342	0
4343	0
4344	2
4345	0
4346	0
4347	1
4348	1
4349	1
4350	1
4351	1
4352	1
4353	1
4354	0
4355	1
4356	0
4357	0
4358	1
4359	1
4360	0
4361	0
4362	0
4363	0
4364	0
4365	2
4366	2
4367	1
4368	1
4369	2
4370	0
4371	0
4372	1
4373	0
4374	3
4375	0
4376	0
4377	2
4378	0
4379	1
4380	1
4381	1
4382	0
4383	1
4384	0
4385	3
4386	1
4387	0
4388	0
4389	0
4390	0
4391	0
4392	0
4393	2
4394	2
4395	1
4396	0
4397	3
4398	0
4399	0
4400	0
4401	0
4402	1
4403	1
4404	2
4405	0
4406	2
4407	0
4408	1
4409	0
4410	0
4411	1
4412	0
4413	3
4414	1
4415	0
4416	1
4417	0
4418	1
4419	0
4420	1
4421	0
4422	0
4423	1
4424	2
4425	1
4426	0
4427	1
4428	1
4429	0
4430	1
4431	0
4432	0
4433	0
4434	0
4435	1
4436	1
4437	0
4438	0
4439	0
4440	2
4441	1
4442	1
4443	2
4444	1
4445	0
4446	0
4447	0
4448	1
4449	2
4450	0
4451	1
4452	1
4453	2
4454	0
4455	0
4456	1
4457	2
4458	1
4459	0
4460	0
4461	1
4462	0
4463	1
4464	0
4465	0
4466	1
4467	1
4468	1
4469	2
4470	1
4471	0
4472	0
4473	1
4474	1
4475	1
4476	2
4477	1
4478	1
4479	0
4480	0
4481	0
4482	1
4483	1
4484	0
4485	1
4486	2
4487	0
4488	3
4489	0
4490	0
4491	1
4492	1
4493	2
4494	0
4495	1
4496	0
4497	1
4498	0
4499	0
4500	2
4501	0
4502	2
4503	0
4504	0
4505	1
4506	0
4507	0
4508	2
4509	0
4510	2
4511	2
4512	0
4513	0
4514	0
4515	1
4516	0
4517	0
4518	0
4519	0
4520	0
4521	2
4522	1
4523	0
4524	2
4525	0
4526	3
4527	0
4528	1
4529	1
4530	0
4531	2
4532	1
4533	3
4534	0
4535	0
4536	0
4537	0
4538	1
4539	0
4540	1
4541	1
4542	0
4543	0
4544	0
4545	1
4546	0
4547	2
4548	0
4549	1
4550	1
4551	2
4552	0
4553	0
4554	2
4555	0
4556	1
4557	2
4558	1
4559	1
4560	1
4561	0
4562	3
4563	2
4564	1
4565	1
4566	0
4567	1
4568	1
4569	0
4570	0
4571	0
4572	0
4573	1
4574	0
4575	2
4576	1
4577	0
4578	1
4579	0
4580	0
4581	0
4582	2
4583	0
4584	1
4585	1
4586	0
4587	2
4588	0
4589	0
4590	0
4591	1
4592	2
4593	0
4594	1
4595	1
4596	1
4597	2
4598	0
4599	1
4600	1
4601	0
4602	0
4603	1
4604	1
4605	0
4606	1
4607	1
4608	2
4609	1
4610	1
4611	0
4612	1
4613	0
4614	0
4615	2
4616	1
4617	1
4618	2
4619	0
4620	0
4621	0
4622	1
4623	2
4624	1
4625	1
4626	2
4627	0
4628	1
4629	0
4630	1
4631	0
4632	1
4633	0
4634	0
4635	1
4636	0
4637	0
4638	2
4639	2
4640	0
4641	0
4642	0
4643	0
4644	0
4645	1
4646	1
4647	0
4648	2
4649	2
4650	0
4651	1
4652	0
4653	0
4654	0
4655	1
4656	1
4657	1
4658	0
4659	0
4660	0
4661	1
4662	0
4663	0
4664	1
4665	1
4666	1
4667	1
4668	1
4669	0
4670	1
4671	0
4672	1
4673	1
4674	3
4675	0
4676	0
4677	1
4678	0
4679	2
4680	0
4681	1
4682	1
4683	0
4684	1
4685	3
4686	1
4687	0
4688	3
4689	0
4690	0
4691	0
4692	0
4693	1
4694	0
4695	2
4696	0
4697	0
4698	0
4699	1
4700	0
4701	0
4702	0
4703	2
4704	1
4705	1
4706	0
4707	1
4708	1
4709	1
4710	0
4711	0
4712	1
4713	1
4714	3
4715	0
4716	0
4717	0
4718	1
4719	0
4720	0
4721	0
4722	0
4723	1
4724	4
4725	0
4726	1
4727	1
4728	3
4729	0
4730	0
4731	1
4732	1
4733	0
4734	0
4735	0
4736	0
4737	0
4738	0
4739	0
4740	1
4741	1
4742	1
4743	1
4744	0
4745	3
4746	0
4747	0
4748	0
4749	0
4750	1
4751	2
4752	1
4753	0
4754	1
4755	0
4756	0
4757	1
4758	0
4759	2
4760	0
4761	1
4762	1
4763	0
4764	0
4765	0
4766	0
4767	1
4768	1
4769	1
4770	0
4771	0
4772	0
4773	0
4774	1
4775	1
4776	1
4777	1
4778	1
4779	0
4780	0
4781	2
4782	0
4783	0
4784	0
4785	1
4786	1
4787	1
4788	2
4789	2
4790	0
4791	2
4792	1
4793	2
4794	0
4795	0
4796	2
4797	0
4798	0
4799	1
4800	1
4801	1
4802	0
4803	1
4804	0
4805	1
4806	1
4807	1
4808	1
4809	2
4810	1
4811	0
4812	1
4813	2
4814	2
4815	1
4816	1
4817	0
4818	0
4819	0
4820	2
4821	0
4822	2
4823	1
4824	2
4825	0
4826	1
4827	0
4828	1
4829	0
4830	0
4831	1
4832	1
4833	0
4834	1
4835	0
4836	3
4837	1
4838	0
4839	1
4840	0
4841	1
4842	1
4843	2
4844	1
4845	1
4846	0
4847	0
4848	1
4849	3
4850	3
4851	0
4852	1
4853	0
4854	0
4855	1
4856	0
4857	0
4858	2
4859	1
4860	2
4861	0
4862	1
4863	0
4864	1
4865	1
4866	2
4867	0
4868	0
4869	1
4870	0
4871	0
4872	0
4873	1
4874	0
4875	0
4876	0
4877	0
4878	1
4879	1
4880	1
4881	1
4882	0
4883	0
4884	1
4885	0
4886	2
4887	0
4888	0
4889	0
4890	3
4891	0
4892	0
4893	0
4894	0
4895	0
4896	1
4897	1
4898	0
4899	1
4900	0
4901	0
4902	0
4903	0
4904	0
4905	1
4906	0
4907	2
4908	1
4909	0
4910	0
4911	2
4912	0
4913	0
4914	0
4915	0
4916	1
4917	0
4918	0
4919	1
4920	1
4921	0
4922	0
4923	1
4924	0
4925	1
4926	0
4927	0
4928	1
4929	0
4930	0
4931	0
4932	0
4933	0
4934	3
4935	0
4936	0
4937	1
4938	1
4939	0
4940	2
4941	0
4942	2
4943	1
4944	0
4945	1
4946	1
4947	1
4948	0
4949	2
4950	3
4951	1
4952	0
4953	1
4954	0
4955	1
4956	1
4957	0
4958	0
4959	1
4960	2
4961	0
4962	0
4963	2
4964	0
4965	0
4966	0
4967	0
4968	0
4969	0
4970	0
4971	0
4972	1
4973	0
4974	0
4975	0
4976	0
4977	0
4978	0
4979	1
4980	0
4981	0
4982	0
4983	1
4984	0
4985	2
4986	0
4987	1
4988	0
4989	1
4990	0
4991	1
4992	1
4993	0
4994	1
4995	1
4996	0
4997	2
4998	1
4999	2
5000	0
5001	1
5002	0
5003	0
5004	0
5005	2
5006	3
5007	2
5008	3
5009	0
5010	0
5011	2
5012	1
5013	1
5014	0
5015	2
5016	0
5017	0
5018	1
5019	0
5020	2
5021	0
5022	0
5023	1
5024	0
5025	1
5026	0
5027	0
5028	0
5029	2
5030	0
5031	0
5032	0
5033	0
5034	0
5035	2
5036	2
5037	0
5038	1
5039	0
5040	1
5041	0
5042	2
5043	0
5044	0
5045	1
5046	1
5047	0
5048	0
5049	0
5050	1
5051	0
5052	0
5053	1
5054	0
5055	0
5056	2
5057	0
5058	2
5059	1
5060	0
5061	4
5062	0
5063	0
5064	1
5065	1
5066	0
5067	1
5068	0
5069	0
5070	0
5071	1
5072	0
5073	0
5074	0
5075	1
5076	0
5077	3
5078	1
5079	1
5080	0
5081	0
5082	0
5083	0
5084	2
5085	0
5086	0
5087	0
5088	1
5089	3
5090	0
5091	0
5092	1
5093	2
5094	1
5095	0
5096	0
5097	1
5098	0
5099	2
5100	1
5101	0
5102	1
5103	3
5104	2
5105	1
5106	3
5107	0
5108	1
5109	0
5110	0
5111	1
5112	0
5113	1
5114	0
5115	0
5116	1
5117	0
5118	2
5119	1
5120	1
5121	0
5122	0
5123	0
5124	1
5125	1
5126	1
5127	1
5128	0
5129	1
5130	0
5131	0
5132	1
5133	2
5134	1
5135	1
5136	0
5137	1
5138	0
5139	0
5140	0
5141	2
5142	1
5143	0
5144	0
5145	0
5146	1
5147	1
5148	0
5149	0
5150	0
5151	0
5152	0
5153	0
5154	2
5155	1
5156	0
5157	2
5158	0
5159	1
5160	0
5161	0
5162	1
5163	3
5164	1
5165	1
5166	1
5167	1
5168	1
5169	1
5170	0
5171	1
5172	0
5173	1
5174	0
5175	0
5176	1
5177	0
5178	0
5179	0
5180	1
5181	1
5182	0
5183	0
5184	0
5185	0
5186	0
5187	0
5188	0
5189	0
5190	1
5191	1
5192	3
5193	0
5194	0
5195	1
5196	2
5197	0
5198	1
5199	0
5200	2
5201	1
5202	1
5203	1
5204	0
5205	1
5206	0
5207	1
5208	4
5209	3
5210	0
5211	0
5212	0
5213	0
5214	0
5215	1
5216	0
5217	0
5218	1
5219	2
5220	1
5221	1
5222	0
5223	2
5224	1
5225	1
5226	1
5227	0
5228	2
5229	1
5230	0
5231	2
5232	0
5233	1
5234	0
5235	0
5236	2
5237	0
5238	0
5239	2
5240	0
5241	2
5242	0
5243	1
5244	0
5245	1
5246	0
5247	1
5248	1
5249	0
5250	0
5251	0
5252	1
5253	2
5254	1
5255	0
5256	2
5257	2
5258	3
5259	0
5260	1
5261	0
5262	1
5263	0
5264	0
5265	1
5266	1
5267	0
5268	1
5269	0
5270	1
5271	0
5272	2
5273	1
5274	1
5275	0
5276	0
5277	0
5278	0
5279	0
5280	1
5281	1
5282	2
5283	0
5284	1
5285	0
5286	1
5287	0
5288	0
5289	0
5290	2
5291	0
5292	1
5293	0
5294	2
5295	0
5296	2
5297	0
5298	2
5299	0
5300	0
5301	0
5302	1
5303	1
5304	3
5305	1
5306	0
5307	1
5308	0
5309	2
5310	0
5311	0
5312	0
5313	0
5314	0
5315	0
5316	1
5317	0
5318	0
5319	0
5320	1
5321	0
5322	1
5323	1
5324	0
5325	0
5326	0
5327	0
5328	0
5329	2
5330	1
5331	1
5332	1
5333	0
5334	1
5335	1
5336	1
5337	1
5338	1
5339	1
5340	1
5341	1
5342	2
5343	1
5344	1
5345	0
5346	0
5347	0
5348	0
5349	0
5350	0
5351	1
5352	2
5353	1
5354	0
5355	1
5356	0
5357	0
5358	0
5359	0
5360	0
5361	1
5362	1
5363	0
5364	1
5365	0
5366	1
5367	0
5368	1
5369	0
5370	2
5371	0
5372	1
5373	2
5374	0
5375	1
5376	1
5377	0
5378	3
5379	0
5380	1
5381	0
5382	1
5383	0
5384	1
5385	0
5386	0
5387	0
5388	0
5389	2
5390	1
5391	0
5392	2
5393	1
5394	0
5395	1
5396	0
5397	0
5398	2
5399	0
5400	0
5401	1
5402	0
5403	1
5404	0
5405	1
5406	0
5407	0
5408	1
5409	0
5410	1
5411	1
5412	2
5413	0
5414	0
5415	1
5416	0
5417	2
5418	1
5419	1
5420	0
5421	0
5422	0
5423	1
5424	0
5425	0
5426	1
5427	1
5428	1
5429	2
5430	2
5431	0
5432	2
5433	0
5434	0
5435	1
5436	0
5437	2
5438	1
5439	0
5440	0
5441	1
5442	2
5443	1
5444	0
5445	1
5446	0
5447	0
5448	2
5449	1
5450	0
5451	0
5452	1
5453	1
5454	1
5455	1
5456	0
5457	0
5458	0
5459	3
5460	0
5461	0
5462	0
5463	0
5464	0
5465	1
5466	0
5467	1
5468	0
5469	0
5470	2
5471	0
5472	0
5473	1
5474	0
5475	0
5476	1
5477	0
5478	0
5479	0
5480	0
5481	0
5482	0
5483	0
5484	0
5485	0
5486	2
5487	0
5488	0
5489	1
5490	1
5491	1
5492	0
5493	1
5494	2
5495	3
5496	2
5497	0
5498	0
5499	0
5500	0
5501	1
5502	1
5503	2
5504	0
5505	0
5506	0
5507	1
5508	2
5509	2
5510	2
5511	2
5512	0
5513	2
5514	0
5515	0
5516	0
5517	0
5518	1
5519	0
5520	0
5521	0
5522	2
5523	1
5524	0
5525	0
5526	1
5527	2
5528	1
5529	1
5530	0
5531	4
5532	1
5533	2
5534	0
5535	0
5536	0
5537	0
5538	0
5539	1
5540	0
5541	0
5542	2
5543	0
5544	0
5545	2
5546	1
5547	0
5548	0
5549	0
5550	0
5551	0
5552	0
5553	1
5554	3
5555	2
5556	1
5557	0
5558	0
5559	2
5560	0
5561	0
5562	2
5563	3
5564	1
5565	1
5566	1
5567	0
5568	1
5569	1
5570	0
5571	0
5572	0
5573	0
5574	0
5575	1
5576	1
5577	1
5578	2
5579	0
5580	1
5581	0
5582	0
5583	1
5584	0
5585	0
5586	2
5587	1
5588	2
5589	0
5590	1
5591	1
5592	1
5593	0
5594	0
5595	1
5596	0
5597	0
5598	0
5599	3
5600	1
5601	4
5602	1
5603	0
5604	1
5605	0
5606	0
5607	0
5608	0
5609	1
5610	0
5611	0
5612	1
5613	1
5614	1
5615	1
5616	0
5617	0
5618	0
5619	2
5620	0
5621	2
5622	2
5623	0
5624	0
5625	1
5626	1
5627	3
5628	1
5629	1
5630	0
5631	0
5632	0
5633	1
5634	1
5635	0
5636	0
5637	0
5638	0
5639	0
5640	0
5641	0
5642	3
5643	1
5644	0
5645	0
5646	3
5647	1
5648	1
5649	0
5650	1
5651	0
5652	0
5653	1
5654	0
5655	3
5656	0
5657	1
5658	0
5659	1
5660	1
5661	1
5662	0
5663	0
5664	1
5665	0
5666	0
5667	2
5668	1
5669	0
5670	0
5671	1
5672	0
5673	0
5674	0
5675	1
5676	0
5677	1
5678	0
5679	2
5680	0
5681	1
5682	1
5683	0
5684	0
5685	0
5686	2
5687	0
5688	0
5689	0
5690	0
5691	0
5692	1
5693	0
5694	0
5695	0
5696	0
5697	0
5698	1
5699	1
5700	1
5701	1
5702	1
5703	0
5704	1
5705	0
5706	0
5707	1
5708	1
5709	1
5710	1
5711	0
5712	1
5713	0
5714	0
5715	2
5716	0
5717	1
5718	2
5719	1
5720	1
5721	0
5722	0
5723	1
5724	1
5725	0
5726	0
5727	2
5728	0
5729	1
5730	3
5731	1
5732	0
5733	0
5734	1
5735	2
5736	1
5737	1
5738	0
5739	0
5740	0
5741	1
5742	1
5743	0
5744	0
5745	0
5746	1
5747	0
5748	0
5749	2
5750	0
5751	1
5752	0
5753	1
5754	0
5755	0
5756	0
5757	0
5758	1
5759	0
5760	2
5761	1
5762	0
5763	1
5764	1
5765	2
5766	0
5767	0
5768	0
5769	0
5770	1
5771	0
5772	0
5773	1
5774	0
5775	0
5776	0
5777	0
5778	1
5779	1
5780	2
5781	1
5782	3
5783	2
5784	0
5785	0
5786	1
5787	1
5788	2
5789	0
5790	0
5791	0
5792	1
5793	1
5794	1
5795	0
5796	0
5797	1
5798	0
5799	3
5800	0
5801	0
5802	0
5803	1
5804	0
5805	0
5806	0
5807	2
5808	2
5809	1
5810	0
5811	1
5812	0
5813	0
5814	4
5815	1
5816	1
5817	1
5818	0
5819	1
5820	1
5821	0
5822	0
5823	0
5824	0
5825	0
5826	2
5827	0
5828	0
5829	2
5830	1
5831	0
5832	3
5833	1
5834	1
5835	1
5836	0
5837	1
5838	0
5839	0
5840	0
5841	2
5842	0
5843	0
5844	0
5845	1
5846	1
5847	2
5848	0
5849	0
5850	0
5851	2
5852	0
5853	1
5854	0
5855	1
5856	0
5857	0
5858	0
5859	0
5860	1
5861	1
5862	1
5863	1
5864	1
5865	2
5866	0
5867	2
5868	2
5869	1
5870	1
5871	0
5872	2
5873	0
5874	3
5875	0
5876	0
5877	2
5878	0
5879	2
5880	0
5881	0
5882	1
5883	0
5884	0
5885	0
5886	0
5887	0
5888	0
5889	0
5890	0
5891	1
5892	0
5893	1
5894	0
5895	1
5896	0
5897	1
5898	1
5899	0
5900	2
5901	1
5902	2
5903	1
5904	1
5905	0
5906	0
5907	0
5908	0
5909	0
5910	1
5911	0
5912	2
5913	0
5914	0
5915	0
5916	1
5917	1
5918	1
5919	1
5920	0
5921	0
5922	2
5923	1
5924	0
5925	0
5926	1
5927	0
5928	1
5929	1
5930	1
5931	0
5932	0
5933	0
5934	2
5935	1
5936	1
5937	0
5938	0
5939	1
5940	1
5941	1
5942	2
5943	0
5944	0
5945	0
5946	1
5947	1
5948	0
5949	2
5950	0
5951	1
5952	0
5953	1
5954	0
5955	1
5956	1
5957	0
5958	0
5959	2
5960	1
5961	0
5962	0
5963	1
5964	0
5965	0
5966	0
5967	0
5968	2
5969	2
5970	1
5971	1
5972	2
5973	2
5974	1
5975	0
5976	1
5977	0
5978	1
5979	3
5980	1
5981	1
5982	0
5983	0
5984	1
5985	0
5986	1
5987	0
5988	1
5989	2
5990	1
5991	1
5992	0
5993	1
5994	0
5995	0
5996	1
5997	0
5998	0
5999	1
6000	1
6001	0
6002	0
6003	0
6004	0
6005	0
6006	1
6007	0
6008	1
6009	0
6010	1
6011	1
6012	0
6013	1
6014	0
6015	0
6016	1
6017	0
6018	2
6019	0
6020	2
6021	1
6022	1
6023	0
6024	0
6025	1
6026	1
6027	0
6028	0
6029	1
6030	0
6031	0
6032	2
6033	0
6034	2
6035	1
6036	0
6037	0
6038	1
6039	1
6040	2
6041	1
6042	2
6043	1
6044	0
6045	0
6046	1
6047	2
6048	0
6049	1
6050	0
6051	2
6052	0
6053	1
6054	1
6055	1
6056	0
6057	0
6058	0
6059	1
6060	1
6061	1
6062	0
6063	1
6064	1
6065	0
6066	1
6067	1
6068	1
6069	0
6070	0
6071	0
6072	1
6073	0
6074	1
6075	1
6076	1
6077	0
6078	2
6079	0
6080	1
6081	1
6082	0
6083	2
6084	1
6085	0
6086	0
6087	2
6088	2
6089	1
6090	0
6091	2
6092	1
6093	1
6094	0
6095	0
6096	0
6097	1
6098	1
6099	0
6100	1
6101	0
6102	1
6103	0
6104	0
6105	1
6106	0
6107	1
6108	2
6109	0
6110	0
6111	1
6112	1
6113	2
6114	0
6115	1
6116	2
6117	0
6118	2
6119	1
6120	0
6121	0
6122	1
6123	1
6124	0
6125	1
6126	2
6127	1
6128	1
6129	0
6130	1
6131	1
6132	1
6133	0
6134	0
6135	0
6136	1
6137	0
6138	0
6139	0
6140	0
6141	1
6142	2
6143	1
6144	2
6145	0
6146	0
6147	0
6148	1
6149	1
6150	4
6151	0
6152	1
6153	0
6154	0
6155	1
6156	0
6157	3
6158	1
6159	0
6160	0
6161	0
6162	0
6163	0
6164	0
6165	0
6166	0
6167	1
6168	0
6169	0
6170	0
6171	1
6172	0
6173	1
6174	1
6175	2
6176	0
6177	0
6178	1
6179	2
6180	0
6181	1
6182	0
6183	2
6184	0
6185	2
6186	0
6187	0
6188	1
6189	0
6190	1
6191	0
6192	0
6193	0
6194	0
6195	0
6196	2
6197	0
6198	0
6199	0
6200	2
6201	1
6202	1
6203	0
6204	1
6205	2
6206	2
6207	1
6208	0
6209	2
6210	0
6211	1
6212	0
6213	0
6214	0
6215	0
6216	1
6217	2
6218	0
6219	0
6220	0
6221	1
6222	0
6223	1
6224	1
6225	0
6226	1
6227	2
6228	2
6229	0
6230	1
6231	1
6232	0
6233	2
6234	3
6235	1
6236	0
6237	2
6238	2
6239	0
6240	0
6241	0
6242	0
6243	0
6244	0
6245	0
6246	0
6247	1
6248	0
6249	0
6250	0
6251	0
6252	0
6253	0
6254	0
6255	0
6256	0
6257	1
6258	1
6259	1
6260	0
6261	3
6262	0
6263	0
6264	1
6265	0
6266	0
6267	1
6268	1
6269	1
6270	0
6271	0
6272	2
6273	1
6274	0
6275	1
6276	0
6277	1
6278	1
6279	0
6280	1
6281	2
6282	3
6283	1
6284	0
6285	1
6286	1
6287	0
6288	1
6289	0
6290	1
6291	2
6292	1
6293	2
6294	1
6295	0
6296	1
6297	0
6298	1
6299	2
6300	0
6301	0
6302	1
6303	3
6304	0
6305	4
6306	1
6307	2
6308	2
6309	0
6310	0
6311	0
6312	0
6313	0
6314	1
6315	1
6316	0
6317	0
6318	0
6319	1
6320	1
6321	0
6322	2
6323	0
6324	0
6325	1
6326	1
6327	1
6328	1
6329	1
6330	0
6331	0
6332	0
6333	0
6334	0
6335	1
6336	0
6337	2
6338	1
6339	1
6340	1
6341	0
6342	0
6343	0
6344	1
6345	0
6346	2
6347	0
6348	0
6349	0
6350	0
6351	0
6352	0
6353	1
6354	1
6355	0
6356	1
6357	0
6358	0
6359	1
6360	0
6361	0
6362	0
6363	2
6364	0
6365	0
6366	2
6367	0
6368	0
6369	0
6370	1
6371	2
6372	1
6373	0
6374	0
6375	1
6376	0
6377	0
6378	0
6379	1
6380	1
6381	2
6382	1
6383	3
6384	0
6385	0
6386	1
6387	0
6388	0
6389	0
6390	1
6391	0
6392	2
6393	1
6394	0
6395	0
6396	0
6397	0
6398	0
6399	1
6400	1
6401	0
6402	1
6403	0
6404	2
6405	0
6406	0
6407	0
6408	1
6409	0
6410	0
6411	1
6412	0
6413	1
6414	1
6415	2
6416	0
6417	2
6418	0
6419	1
6420	0
6421	0
6422	2
6423	0
6424	1
6425	0
6426	0
6427	3
6428	0
6429	1
6430	1
6431	0
6432	0
6433	2
6434	0
6435	2
6436	1
6437	1
6438	0
6439	1
6440	2
6441	0
6442	0
6443	1
6444	2
6445	1
6446	0
6447	1
6448	0
6449	0
6450	0
6451	0
6452	0
6453	0
6454	0
6455	0
6456	3
6457	0
6458	0
6459	0
6460	0
6461	2
6462	0
6463	0
6464	0
6465	1
6466	0
6467	1
6468	0
6469	1
6470	0
6471	0
6472	0
6473	0
6474	1
6475	2
6476	1
6477	0
6478	2
6479	0
6480	0
6481	1
6482	0
6483	1
6484	2
6485	0
6486	0
6487	1
6488	3
6489	0
6490	0
6491	0
6492	2
6493	0
6494	0
6495	1
6496	0
6497	1
6498	0
6499	2
6500	0
6501	0
6502	2
6503	0
6504	2
6505	2
6506	0
6507	1
6508	1
6509	2
6510	0
6511	1
6512	1
6513	1
6514	0
6515	0
6516	1
6517	0
6518	1
6519	0
6520	1
6521	0
6522	0
6523	0
6524	1
6525	2
6526	1
6527	0
6528	1
6529	0
6530	1
6531	0
6532	2
6533	0
6534	1
6535	0
6536	0
6537	1
6538	0
6539	1
6540	1
6541	3
6542	2
6543	1
6544	0
6545	0
6546	2
6547	0
6548	2
6549	1
6550	0
6551	2
6552	0
6553	2
6554	0
6555	0
6556	1
6557	0
6558	0
6559	1
6560	0
6561	1
6562	1
6563	1
6564	1
6565	0
6566	0
6567	4
6568	1
6569	1
6570	1
6571	1
6572	1
6573	0
6574	2
6575	0
6576	1
6577	1
6578	0
6579	0
6580	2
6581	0
6582	1
6583	1
6584	2
6585	0
6586	0
6587	1
6588	3
6589	1
6590	1
6591	1
6592	1
6593	0
6594	0
6595	0
6596	0
6597	1
6598	0
6599	0
6600	2
6601	0
6602	0
6603	0
6604	0
6605	0
6606	0
6607	0
6608	3
6609	2
6610	0
6611	0
6612	0
6613	1
6614	2
6615	1
6616	1
6617	2
6618	1
6619	1
6620	2
6621	1
6622	1
6623	1
6624	0
6625	1
6626	0
6627	2
6628	0
6629	1
6630	0
6631	2
6632	1
6633	2
6634	0
6635	1
6636	0
6637	0
6638	0
6639	1
6640	2
6641	1
6642	3
6643	1
6644	0
6645	1
6646	1
6647	0
6648	0
6649	1
6650	0
6651	0
6652	0
6653	2
6654	0
6655	3
6656	0
6657	1
6658	2
6659	0
6660	1
6661	3
6662	1
6663	0
6664	0
6665	0
6666	1
6667	0
6668	0
6669	2
6670	0
6671	1
6672	0
6673	0
6674	1
6675	0
6676	2
6677	0
6678	0
6679	0
6680	1
6681	1
6682	0
6683	1
6684	1
6685	1
6686	1
6687	1
6688	0
6689	1
6690	0
6691	1
6692	0
6693	0
6694	1
6695	3
6696	1
6697	1
6698	1
6699	0
6700	0
6701	1
6702	1
6703	0
6704	0
6705	2
6706	2
6707	0
6708	0
6709	0
6710	1
6711	0
6712	2
6713	0
6714	0
6715	1
6716	0
6717	1
6718	0
6719	0
6720	0
6721	0
6722	1
6723	0
6724	1
6725	3
6726	1
6727	0
6728	1
6729	1
6730	0
6731	0
6732	4
6733	2
6734	2
6735	0
6736	1
6737	1
6738	1
6739	0
6740	2
6741	0
6742	2
6743	0
6744	0
6745	1
6746	1
6747	1
6748	2
6749	0
6750	0
6751	0
6752	0
6753	0
6754	1
6755	0
6756	1
6757	0
6758	1
6759	0
6760	0
6761	1
6762	0
6763	1
6764	0
6765	0
6766	2
6767	1
6768	1
6769	0
6770	1
6771	0
6772	0
6773	0
6774	0
6775	1
6776	0
6777	1
6778	3
6779	1
6780	1
6781	0
6782	1
6783	1
6784	1
6785	0
6786	0
6787	2
6788	0
6789	1
6790	1
6791	0
6792	0
6793	1
6794	2
6795	1
6796	0
6797	0
6798	1
6799	2
6800	2
6801	1
6802	0
6803	1
6804	2
6805	0
6806	0
6807	1
6808	2
6809	1
6810	1
6811	1
6812	1
6813	0
6814	1
6815	0
6816	0
6817	0
6818	0
6819	0
6820	0
6821	1
6822	0
6823	1
6824	0
6825	0
6826	1
6827	0
6828	0
6829	0
6830	0
6831	0
6832	0
6833	4
6834	0
6835	0
6836	0
6837	0
6838	2
6839	1
6840	0
6841	1
6842	2
6843	1
6844	1
6845	0
6846	1
6847	1
6848	0
6849	1
6850	1
6851	0
6852	0
6853	1
6854	0
6855	0
6856	0
6857	0
6858	0
6859	0
6860	0
6861	0
6862	1
6863	2
6864	0
6865	0
6866	0
6867	0
6868	0
6869	2
6870	0
6871	0
6872	0
6873	1
6874	0
6875	0
6876	0
6877	1
6878	2
6879	0
6880	0
6881	0
6882	0
6883	0
6884	0
6885	0
6886	2
6887	1
6888	0
6889	0
6890	1
6891	1
6892	0
6893	0
6894	0
6895	0
6896	0
6897	0
6898	1
6899	0
6900	0
6901	2
6902	3
6903	1
6904	0
6905	0
6906	2
6907	0
6908	0
6909	0
6910	0
6911	1
6912	2
6913	1
6914	0
6915	0
6916	0
6917	0
6918	0
6919	0
6920	1
6921	1
6922	0
6923	2
6924	1
6925	0
6926	0
6927	0
6928	0
6929	0
6930	1
6931	0
6932	2
6933	0
6934	2
6935	0
6936	1
6937	0
6938	0
6939	3
6940	1
6941	0
6942	0
6943	1
6944	0
6945	0
6946	1
6947	0
6948	0
6949	1
6950	1
6951	0
6952	1
6953	0
6954	3
6955	1
6956	0
6957	1
6958	1
6959	2
6960	0
6961	1
6962	0
6963	1
6964	1
6965	0
6966	0
6967	2
6968	0
6969	0
6970	1
6971	0
6972	1
6973	0
6974	1
6975	0
6976	0
6977	1
6978	2
6979	0
6980	1
6981	3
6982	1
6983	0
6984	0
6985	0
6986	0
6987	1
6988	1
6989	0
6990	0
6991	2
6992	0
6993	1
6994	0
6995	0
6996	1
6997	0
6998	2
6999	0
7000	0
7001	0
7002	1
7003	0
7004	1
7005	0
7006	0
7007	1
7008	1
7009	1
7010	0
7011	1
7012	0
7013	0
7014	0
7015	0
7016	0
7017	0
7018	0
7019	0
7020	1
7021	2
7022	0
7023	0
7024	0
7025	2
7026	2
7027	1
7028	0
7029	0
7030	1
7031	1
7032	0
7033	0
7034	1
7035	1
7036	1
7037	0
7038	1
7039	0
7040	0
7041	1
7042	1
7043	0
7044	1
7045	1
7046	1
7047	0
7048	0
7049	2
7050	0
7051	0
7052	0
7053	1
7054	2
7055	0
7056	1
7057	0
7058	2
7059	1
7060	1
7061	0
7062	1
7063	0
7064	1
7065	0
7066	1
7067	0
7068	1
7069	1
7070	1
7071	1
7072	1
7073	1
7074	3
7075	0
7076	0
7077	1
7078	1
7079	1
7080	0
7081	0
7082	1
7083	0
7084	1
7085	1
7086	0
7087	0
7088	1
7089	0
7090	0
7091	4
7092	1
7093	0
7094	2
7095	0
7096	0
7097	0
7098	0
7099	1
7100	0
7101	0
7102	0
7103	1
7104	1
7105	0
7106	0
7107	1
7108	0
7109	0
7110	0
7111	0
7112	0
7113	0
7114	1
7115	1
7116	3
7117	1
7118	0
7119	0
7120	1
7121	1
7122	0
7123	0
7124	2
7125	1
7126	1
7127	0
7128	1
7129	1
7130	0
7131	1
7132	1
7133	0
7134	2
7135	1
7136	1
7137	2
7138	0
7139	2
7140	1
7141	1
7142	2
7143	0
7144	0
7145	1
7146	1
7147	1
7148	0
7149	1
7150	1
7151	0
7152	0
7153	2
7154	0
7155	0
7156	1
7157	0
7158	1
7159	0
7160	1
7161	1
7162	0
7163	1
7164	1
7165	1
7166	0
7167	1
7168	0
7169	0
7170	0
7171	0
7172	1
7173	4
7174	0
7175	0
7176	0
7177	0
7178	0
7179	2
7180	2
7181	0
7182	1
7183	0
7184	0
7185	1
7186	0
7187	0
7188	0
7189	2
7190	0
7191	0
7192	0
7193	0
7194	0
7195	0
7196	0
7197	0
7198	0
7199	0
7200	0
7201	1
7202	1
7203	0
7204	0
7205	0
7206	1
7207	1
7208	2
7209	0
7210	0
7211	1
7212	1
7213	0
7214	1
7215	0
7216	0
7217	2
7218	0
7219	1
7220	1
7221	0
7222	1
7223	0
7224	1
7225	0
7226	2
7227	0
7228	0
7229	0
7230	1
7231	1
7232	1
7233	2
7234	0
7235	0
7236	1
7237	0
7238	0
7239	1
7240	0
7241	0
7242	0
7243	0
7244	1
7245	0
7246	0
7247	1
7248	1
7249	2
7250	0
7251	1
7252	1
7253	0
7254	1
7255	1
7256	0
7257	1
7258	0
7259	1
7260	1
7261	0
7262	1
7263	0
7264	0
7265	1
7266	0
7267	0
7268	0
7269	2
7270	0
7271	1
7272	0
7273	1
7274	1
7275	1
7276	1
7277	0
7278	0
7279	0
7280	0
7281	0
7282	1
7283	0
7284	0
7285	0
7286	0
7287	0
7288	0
7289	0
7290	3
7291	3
7292	0
7293	0
7294	0
7295	0
7296	0
7297	1
7298	0
7299	0
7300	0
7301	1
7302	1
7303	0
7304	1
7305	3
7306	0
7307	1
7308	4
7309	1
7310	0
7311	1
7312	2
7313	1
7314	0
7315	0
7316	2
7317	0
7318	0
7319	2
7320	1
7321	0
7322	1
7323	0
7324	1
7325	0
7326	0
7327	0
7328	0
7329	1
7330	2
7331	0
7332	0
7333	1
7334	0
7335	0
7336	0
7337	0
7338	0
7339	0
7340	0
7341	0
7342	1
7343	1
7344	0
7345	1
7346	0
7347	4
7348	1
7349	0
7350	1
7351	1
7352	0
7353	2
7354	0
7355	0
7356	1
7357	0
7358	0
7359	1
7360	1
7361	1
7362	0
7363	1
7364	1
7365	1
7366	1
7367	0
7368	1
7369	0
7370	2
7371	0
7372	1
7373	1
7374	1
7375	2
7376	0
7377	2
7378	1
7379	0
7380	1
7381	1
7382	3
7383	0
7384	1
7385	1
7386	0
7387	0
7388	3
7389	0
7390	0
7391	0
7392	0
7393	0
7394	2
7395	0
7396	0
7397	0
7398	0
7399	1
7400	1
7401	0
7402	1
7403	1
7404	0
7405	4
7406	0
7407	0
7408	0
7409	1
7410	0
7411	2
7412	0
7413	0
7414	0
7415	2
7416	1
7417	2
7418	0
7419	2
7420	0
7421	0
7422	1
7423	2
7424	0
7425	1
7426	0
7427	0
7428	2
7429	0
7430	0
7431	2
7432	1
7433	0
7434	2
7435	1
7436	0
7437	2
7438	1
7439	0
7440	0
7441	1
7442	0
7443	0
7444	1
7445	0
7446	0
7447	0
7448	0
7449	1
7450	2
7451	1
7452	1
7453	0
7454	1
7455	1
7456	0
7457	1
7458	0
7459	0
7460	1
7461	0
7462	0
7463	0
7464	2
7465	0
7466	0
7467	0
7468	3
7469	0
7470	0
7471	1
7472	0
7473	3
7474	0
7475	0
7476	0
7477	0
7478	0
7479	0
7480	0
7481	0
7482	2
7483	2
7484	0
7485	1
7486	1
7487	1
7488	0
7489	0
7490	1
7491	1
7492	0
7493	2
7494	1
7495	0
7496	1
7497	0
7498	0
7499	0
7500	0
7501	0
7502	1
7503	2
7504	0
7505	0
7506	0
7507	1
7508	1
7509	0
7510	0
7511	2
7512	0
7513	2
7514	0
7515	0
7516	0
7517	0
7518	1
7519	0
7520	0
7521	2
7522	1
7523	0
7524	0
7525	1
7526	0
7527	0
7528	1
7529	0
7530	1
7531	2
7532	2
7533	0
7534	0
7535	0
7536	0
7537	0
7538	0
7539	0
7540	0
7541	1
7542	1
7543	0
7544	0
7545	0
7546	1
7547	0
7548	1
7549	0
7550	0
7551	0
7552	0
7553	1
7554	0
7555	0
7556	0
7557	0
7558	1
7559	2
7560	0
7561	0
7562	1
7563	0
7564	1
7565	0
7566	1
7567	0
7568	0
7569	0
7570	0
7571	1
7572	0
7573	0
7574	0
7575	0
7576	0
7577	1
7578	1
7579	0
7580	0
7581	0
7582	0
7583	1
7584	0
7585	1
7586	0
7587	0
7588	0
7589	1
7590	0
7591	1
7592	2
7593	0
7594	0
7595	1
7596	1
7597	0
7598	0
7599	0
7600	0
7601	1
7602	2
7603	0
7604	0
7605	1
7606	3
7607	0
7608	1
7609	0
7610	1
7611	1
7612	0
7613	0
7614	0
7615	1
7616	0
7617	1
7618	0
7619	2
7620	0
7621	0
7622	0
7623	1
7624	0
7625	0
7626	0
7627	1
7628	2
7629	0
7630	0
7631	2
7632	1
7633	0
7634	2
7635	0
7636	0
7637	0
7638	1
7639	1
7640	0
7641	0
7642	2
7643	0
7644	1
7645	0
7646	2
7647	0
7648	2
7649	1
7650	0
7651	1
7652	0
7653	0
7654	0
7655	1
7656	2
7657	0
7658	0
7659	1
7660	2
7661	0
7662	1
7663	0
7664	0
7665	0
7666	1
7667	1
7668	0
7669	1
7670	1
7671	1
7672	1
7673	0
7674	0
7675	2
7676	0
7677	0
7678	0
7679	0
7680	1
7681	1
7682	1
7683	1
7684	0
7685	0
7686	0
7687	0
7688	0
7689	1
7690	0
7691	0
7692	2
7693	1
7694	1
7695	1
7696	2
7697	0
7698	2
7699	0
7700	1
7701	0
7702	0
7703	1
7704	1
7705	0
7706	0
7707	2
7708	2
7709	1
7710	2
7711	1
7712	0
7713	0
7714	0
7715	1
7716	1
7717	1
7718	1
7719	0
7720	0
7721	0
7722	0
7723	0
7724	1
7725	0
7726	1
7727	1
7728	1
7729	0
7730	0
7731	0
7732	0
7733	0
7734	0
7735	0
7736	1
7737	0
7738	1
7739	1
7740	1
7741	0
7742	1
7743	0
7744	2
7745	1
7746	2
7747	0
7748	1
7749	0
7750	2
7751	0
7752	0
7753	1
7754	1
7755	0
7756	0
7757	1
7758	1
7759	2
7760	0
7761	1
7762	0
7763	0
7764	0
7765	0
7766	2
7767	1
7768	0
7769	0
7770	3
7771	0
7772	0
7773	0
7774	1
7775	1
7776	1
7777	0
7778	1
7779	2
7780	0
7781	1
7782	2
7783	0
7784	0
7785	0
7786	0
7787	0
7788	0
7789	1
7790	0
7791	0
7792	1
7793	1
7794	2
7795	0
7796	1
7797	1
7798	0
7799	1
7800	1
7801	1
7802	0
7803	1
7804	1
7805	2
7806	0
7807	0
7808	2
7809	0
7810	1
7811	1
7812	1
7813	1
7814	0
7815	0
7816	3
7817	0
7818	0
7819	1
7820	1
7821	0
7822	0
7823	0
7824	1
7825	3
7826	1
7827	0
7828	1
7829	1
7830	0
7831	2
7832	2
7833	0
7834	1
7835	2
7836	1
7837	0
7838	2
7839	0
7840	1
7841	0
7842	0
7843	0
7844	0
7845	0
7846	1
7847	1
7848	0
7849	1
7850	0
7851	0
7852	1
7853	1
7854	0
7855	3
7856	1
7857	0
7858	0
7859	0
7860	0
7861	0
7862	1
7863	1
7864	2
7865	0
7866	1
7867	1
7868	2
7869	0
7870	2
7871	1
7872	1
7873	0
7874	0
7875	1
7876	1
7877	1
7878	1
7879	1
7880	0
7881	0
7882	1
7883	1
7884	1
7885	0
7886	0
7887	1
7888	0
7889	1
7890	0
7891	0
7892	0
7893	1
7894	0
7895	1
7896	0
7897	0
7898	0
7899	0
7900	1
7901	3
7902	1
7903	0
7904	0
7905	0
7906	1
7907	0
7908	1
7909	2
7910	0
7911	1
7912	0
7913	0
7914	1
7915	1
7916	1
7917	0
7918	2
7919	0
7920	0
7921	0
7922	0
7923	0
7924	0
7925	0
7926	1
7927	0
7928	0
7929	1
7930	1
7931	0
7932	2
7933	1
7934	1
7935	0
7936	0
7937	1
7938	0
7939	0
7940	0
7941	0
7942	0
7943	0
7944	0
7945	1
7946	0
7947	0
7948	2
7949	0
7950	1
7951	1
7952	0
7953	0
7954	1
7955	0
7956	0
7957	0
7958	1
7959	0
7960	0
7961	0
7962	0
7963	0
7964	3
7965	0
7966	0
7967	2
7968	0
7969	0
7970	0
7971	1
7972	0
7973	0
7974	1
7975	0
7976	1
7977	0
7978	0
7979	0
7980	1
7981	0
7982	1
7983	0
7984	1
7985	0
7986	0
7987	0
7988	0
7989	0
7990	0
7991	0
7992	0
7993	1
7994	0
7995	1
7996	1
7997	1
7998	0
7999	2
8000	1
8001	0
8002	0
8003	0
8004	0
8005	0
8006	0
8007	0
8008	0
8009	1
8010	0
8011	0
8012	0
8013	0
8014	0
8015	0
8016	0
8017	0
8018	0
8019	1
8020	1
8021	1
8022	0
8023	1
8024	1
8025	1
8026	2
8027	2
8028	1
8029	2
8030	1
8031	0
8032	0
8033	1
8034	1
8035	0
8036	0
8037	0
8038	2
8039	0
8040	0
8041	1
8042	1
8043	1
8044	0
8045	0
8046	0
8047	1
8048	0
8049	1
8050	0
8051	1
8052	0
8053	0
8054	1
8055	1
8056	0
8057	0
8058	1
8059	0
8060	1
8061	0
8062	0
8063	0
8064	1
8065	2
8066	0
8067	0
8068	1
8069	0
8070	2
8071	0
8072	1
8073	0
8074	0
8075	1
8076	0
8077	0
8078	1
8079	0
8080	2
8081	0
8082	0
8083	0
8084	0
8085	0
8086	0
8087	0
8088	0
8089	2
8090	0
8091	0
8092	1
8093	1
8094	2
8095	0
8096	2
8097	1
8098	2
8099	0
8100	0
8101	1
8102	0
8103	1
8104	0
8105	0
8106	0
8107	0
8108	0
8109	0
8110	1
8111	0
8112	0
8113	1
8114	1
8115	0
8116	0
8117	0
8118	1
8119	0
8120	1
8121	0
8122	1
8123	0
8124	0
8125	0
8126	0
8127	0
8128	0
8129	0
8130	0
8131	1
8132	0
8133	1
8134	0
8135	0
8136	0
8137	0
8138	0
8139	0
8140	0
8141	0
8142	0
8143	0
8144	0
8145	0
8146	0
8147	0
8148	0
8149	0
8150	0
8151	0
8152	0
8153	0
8154	0
8155	0
8156	0
8157	0
8158	0
8159	0
8160	0
8161	0
8162	0
8163	0
8164	0
8165	0
8166	0
8167	0
8168	0
8169	0
8170	0
8171	0
8172	0
8173	0
8174	0
8175	0
8176	0
8177	0
8178	0
8179	0
8180	0
8181	0
8182	0
8183	0
8184	0
8185	0
8186	0
8187	0
8188	0
8189	0
8190	0
8191	0
