0	0
1	0
2	0
3	0
4	0
5	0
6	0
7	0
8	0
9	0
10	0
11	0
12	0
13	0
14	0
15	0
16	0
17	0
18	0
19	0
20	0
21	0
22	0
23	0
24	0
25	0
26	0
27	0
28	0
29	0
30	0
31	0
32	0
33	0
34	0
35	0
36	0
37	0
38	0
39	0
40	0
41	0
42	0
43	0
44	0
45	0
46	0
47	0
48	0
49	0
50	0
51	0
52	0
53	0
54	0
55	0
56	0
57	0
58	0
59	0
60	0
61	0
62	0
63	0
64	0
65	0
66	0
67	0
68	0
69	0
70	0
71	0
72	0
73	0
74	0
75	0
76	0
77	0
78	0
79	0
80	0
81	0
82	0
83	0
84	0
85	0
86	0
87	0
88	0
89	0
90	0
91	0
92	0
93	0
94	0
95	0
96	0
97	0
98	0
99	0
100	0
101	0
102	0
103	0
104	0
105	0
106	0
107	0
108	0
109	0
110	0
111	0
112	0
113	0
114	0
115	0
116	0
117	0
118	0
119	0
120	0
121	0
122	0
123	0
124	0
125	0
126	0
127	0
128	0
129	0
130	0
131	0
132	0
133	0
134	0
135	0
136	0
137	0
138	0
139	0
140	0
141	0
142	0
143	0
144	0
145	0
146	0
147	0
148	0
149	0
150	0
151	0
152	0
153	0
154	0
155	0
156	0
157	0
158	0
159	0
160	0
161	0
162	0
163	0
164	0
165	0
166	0
167	0
168	0
169	0
170	0
171	0
172	0
173	0
174	0
175	0
176	0
177	0
178	0
179	0
180	0
181	0
182	0
183	0
184	0
185	0
186	0
187	0
188	0
189	0
190	0
191	0
192	0
193	0
194	0
195	0
196	0
197	0
198	0
199	0
200	0
201	0
202	0
203	0
204	0
205	0
206	0
207	0
208	0
209	0
210	0
211	0
212	0
213	0
214	0
215	0
216	0
217	0
218	0
219	0
220	0
221	0
222	0
223	0
224	0
225	0
226	0
227	0
228	0
229	0
230	0
231	0
232	0
233	0
234	0
235	0
236	0
237	0
238	0
239	0
240	0
241	0
242	0
243	0
244	0
245	0
246	0
247	0
248	0
249	0
250	0
251	0
252	0
253	0
254	0
255	0
256	0
257	0
258	0
259	0
260	0
261	0
262	0
263	0
264	0
265	0
266	0
267	0
268	0
269	0
270	0
271	0
272	0
273	0
274	0
275	0
276	0
277	0
278	0
279	0
280	0
281	0
282	0
283	0
284	0
285	0
286	0
287	0
288	0
289	0
290	0
291	0
292	0
293	0
294	0
295	0
296	0
297	0
298	0
299	0
300	0
301	0
302	0
303	0
304	0
305	0
306	0
307	0
308	0
309	0
310	0
311	0
312	0
313	0
314	0
315	0
316	0
317	0
318	0
319	0
320	0
321	0
322	0
323	0
324	0
325	0
326	0
327	0
328	0
329	0
330	0
331	0
332	0
333	0
334	0
335	0
336	0
337	0
338	0
339	0
340	0
341	0
342	0
343	0
344	0
345	0
346	0
347	0
348	0
349	0
350	0
351	0
352	0
353	0
354	0
355	0
356	0
357	0
358	0
359	0
360	0
361	0
362	0
363	0
364	0
365	0
366	0
367	0
368	0
369	0
370	0
371	0
372	0
373	0
374	0
375	0
376	0
377	0
378	0
379	0
380	0
381	0
382	0
383	0
384	0
385	0
386	0
387	0
388	0
389	0
390	0
391	0
392	0
393	0
394	0
395	0
396	0
397	0
398	0
399	0
400	0
401	0
402	0
403	0
404	0
405	0
406	0
407	0
408	0
409	0
410	0
411	0
412	0
413	0
414	0
415	0
416	0
417	0
418	0
419	0
420	0
421	0
422	0
423	0
424	0
425	0
426	0
427	0
428	0
429	0
430	0
431	0
432	0
433	0
434	0
435	0
436	0
437	0
438	0
439	0
440	0
441	0
442	0
443	0
444	0
445	0
446	0
447	0
448	0
449	0
450	0
451	0
452	0
453	0
454	0
455	0
456	0
457	0
458	0
459	0
460	0
461	0
462	0
463	0
464	0
465	0
466	0
467	0
468	0
469	0
470	0
471	0
472	0
473	0
474	0
475	0
476	0
477	0
478	0
479	0
480	0
481	0
482	0
483	0
484	0
485	0
486	0
487	0
488	0
489	0
490	0
491	0
492	0
493	0
494	0
495	0
496	0
497	0
498	0
499	0
500	0
501	0
502	0
503	0
504	0
505	0
506	0
507	0
508	0
509	0
510	0
511	0
512	0
513	0
514	0
515	0
516	0
517	0
518	0
519	0
520	0
521	0
522	0
523	0
524	0
525	0
526	0
527	0
528	0
529	0
530	0
531	0
532	0
533	0
534	0
535	0
536	0
537	0
538	0
539	0
540	0
541	0
542	0
543	0
544	0
545	0
546	0
547	0
548	0
549	0
550	0
551	0
552	0
553	0
554	0
555	0
556	0
557	0
558	0
559	0
560	0
561	0
562	0
563	0
564	0
565	0
566	0
567	0
568	0
569	0
570	0
571	0
572	0
573	0
574	0
575	0
576	0
577	0
578	0
579	0
580	1
581	0
582	0
583	0
584	0
585	0
586	0
587	0
588	0
589	0
590	0
591	0
592	0
593	0
594	0
595	0
596	0
597	0
598	0
599	0
600	0
601	0
602	0
603	0
604	0
605	0
606	0
607	0
608	0
609	0
610	0
611	0
612	0
613	2
614	1
615	1
616	2
617	1
618	1
619	5
620	1
621	2
622	5
623	1
624	4
625	5
626	4
627	7
628	11
629	8
630	7
631	6
632	6
633	4
634	16
635	17
636	10
637	14
638	9
639	17
640	18
641	26
642	19
643	26
644	27
645	31
646	40
647	60
648	45
649	46
650	77
651	85
652	74
653	83
654	77
655	77
656	94
657	85
658	93
659	100
660	101
661	93
662	104
663	92
664	99
665	126
666	115
667	109
668	128
669	147
670	110
671	138
672	128
673	141
674	160
675	142
676	171
677	157
678	163
679	171
680	175
681	193
682	208
683	211
684	204
685	189
686	205
687	214
688	206
689	218
690	225
691	241
692	293
693	259
694	312
695	273
696	297
697	290
698	340
699	364
700	346
701	379
702	352
703	362
704	360
705	398
706	364
707	385
708	481
709	395
710	427
711	421
712	445
713	464
714	474
715	512
716	492
717	489
718	511
719	579
720	601
721	576
722	568
723	620
724	595
725	639
726	637
727	665
728	709
729	742
730	719
731	723
732	755
733	817
734	784
735	797
736	888
737	868
738	883
739	866
740	906
741	892
742	939
743	1008
744	978
745	998
746	1028
747	1097
748	1077
749	1094
750	1113
751	1103
752	1122
753	1155
754	1143
755	1228
756	1166
757	1228
758	1272
759	1270
760	1297
761	1288
762	1378
763	1442
764	1358
765	1482
766	1469
767	1464
768	1488
769	1583
770	1522
771	1535
772	1563
773	1576
774	1630
775	1706
776	1652
777	1637
778	1650
779	1680
780	1703
781	1685
782	1820
783	1761
784	1791
785	1832
786	1769
787	1932
788	1906
789	1851
790	1873
791	1910
792	1952
793	1916
794	1933
795	1987
796	1858
797	1961
798	1971
799	2023
800	1975
801	1985
802	2006
803	2027
804	2035
805	2054
806	1953
807	2064
808	2038
809	2046
810	2051
811	2046
812	2010
813	2079
814	2042
815	2077
816	2042
817	2020
818	2054
819	1987
820	2029
821	2157
822	2021
823	2072
824	2075
825	2019
826	2012
827	1999
828	1969
829	1991
830	2074
831	2024
832	2036
833	2038
834	2014
835	2050
836	2017
837	1978
838	1951
839	1931
840	2003
841	1926
842	1870
843	1921
844	1893
845	1852
846	1856
847	1917
848	1833
849	1853
850	1850
851	1773
852	1816
853	1824
854	1812
855	1785
856	1754
857	1712
858	1695
859	1780
860	1588
861	1684
862	1668
863	1660
864	1658
865	1583
866	1637
867	1605
868	1502
869	1566
870	1539
871	1543
872	1531
873	1509
874	1484
875	1400
876	1405
877	1424
878	1395
879	1412
880	1306
881	1387
882	1356
883	1335
884	1337
885	1335
886	1233
887	1223
888	1315
889	1260
890	1230
891	1215
892	1185
893	1201
894	1211
895	1173
896	1104
897	1132
898	1074
899	1098
900	1087
901	1012
902	1036
903	1063
904	1037
905	1017
906	999
907	996
908	940
909	966
910	976
911	941
912	888
913	924
914	864
915	830
916	837
917	858
918	817
919	836
920	798
921	817
922	802
923	816
924	814
925	739
926	777
927	697
928	725
929	728
930	750
931	679
932	712
933	636
934	733
935	642
936	625
937	646
938	681
939	663
940	655
941	623
942	571
943	619
944	608
945	571
946	586
947	584
948	550
949	572
950	522
951	538
952	532
953	543
954	523
955	513
956	511
957	507
958	506
959	488
960	477
961	477
962	457
963	441
964	453
965	479
966	427
967	415
968	492
969	418
970	413
971	434
972	423
973	422
974	404
975	389
976	381
977	399
978	372
979	377
980	370
981	367
982	384
983	313
984	342
985	356
986	373
987	358
988	334
989	337
990	326
991	315
992	325
993	344
994	316
995	336
996	309
997	307
998	284
999	262
1000	296
1001	329
1002	253
1003	294
1004	268
1005	309
1006	275
1007	270
1008	231
1009	256
1010	262
1011	239
1012	261
1013	259
1014	257
1015	238
1016	214
1017	238
1018	235
1019	244
1020	245
1021	197
1022	220
1023	191
1024	225
1025	210
1026	186
1027	204
1028	211
1029	222
1030	202
1031	177
1032	199
1033	192
1034	180
1035	191
1036	203
1037	190
1038	210
1039	198
1040	200
1041	185
1042	214
1043	177
1044	167
1045	178
1046	151
1047	198
1048	187
1049	178
1050	173
1051	184
1052	164
1053	162
1054	170
1055	144
1056	161
1057	154
1058	142
1059	145
1060	135
1061	162
1062	139
1063	142
1064	137
1065	153
1066	154
1067	143
1068	130
1069	133
1070	149
1071	136
1072	116
1073	110
1074	141
1075	130
1076	123
1077	148
1078	126
1079	126
1080	127
1081	132
1082	139
1083	110
1084	115
1085	116
1086	105
1087	109
1088	125
1089	115
1090	103
1091	97
1092	104
1093	126
1094	112
1095	101
1096	98
1097	116
1098	102
1099	114
1100	109
1101	107
1102	109
1103	78
1104	106
1105	96
1106	104
1107	84
1108	118
1109	104
1110	100
1111	105
1112	99
1113	100
1114	84
1115	95
1116	98
1117	91
1118	94
1119	80
1120	94
1121	86
1122	87
1123	105
1124	94
1125	75
1126	105
1127	88
1128	63
1129	90
1130	83
1131	77
1132	75
1133	75
1134	81
1135	77
1136	99
1137	75
1138	69
1139	81
1140	78
1141	73
1142	81
1143	75
1144	74
1145	71
1146	80
1147	73
1148	67
1149	77
1150	83
1151	67
1152	80
1153	79
1154	60
1155	85
1156	63
1157	62
1158	70
1159	62
1160	69
1161	73
1162	79
1163	72
1164	67
1165	64
1166	67
1167	64
1168	71
1169	74
1170	76
1171	53
1172	65
1173	67
1174	50
1175	63
1176	54
1177	65
1178	61
1179	50
1180	54
1181	55
1182	67
1183	55
1184	57
1185	45
1186	58
1187	53
1188	53
1189	53
1190	55
1191	55
1192	52
1193	56
1194	62
1195	52
1196	51
1197	53
1198	56
1199	47
1200	48
1201	60
1202	60
1203	55
1204	58
1205	59
1206	49
1207	55
1208	43
1209	59
1210	51
1211	50
1212	59
1213	42
1214	50
1215	43
1216	51
1217	41
1218	41
1219	56
1220	43
1221	49
1222	40
1223	34
1224	52
1225	47
1226	41
1227	45
1228	50
1229	55
1230	39
1231	47
1232	48
1233	49
1234	52
1235	48
1236	33
1237	34
1238	43
1239	40
1240	41
1241	32
1242	45
1243	42
1244	30
1245	52
1246	34
1247	38
1248	36
1249	37
1250	42
1251	42
1252	38
1253	39
1254	35
1255	32
1256	25
1257	39
1258	40
1259	38
1260	36
1261	41
1262	39
1263	40
1264	27
1265	32
1266	39
1267	30
1268	41
1269	24
1270	32
1271	29
1272	27
1273	39
1274	38
1275	33
1276	37
1277	27
1278	30
1279	35
1280	42
1281	24
1282	32
1283	36
1284	32
1285	29
1286	18
1287	35
1288	38
1289	37
1290	36
1291	21
1292	36
1293	37
1294	26
1295	37
1296	37
1297	35
1298	23
1299	30
1300	14
1301	36
1302	28
1303	27
1304	32
1305	33
1306	30
1307	24
1308	29
1309	28
1310	26
1311	24
1312	23
1313	25
1314	20
1315	37
1316	31
1317	33
1318	22
1319	26
1320	24
1321	25
1322	25
1323	22
1324	28
1325	36
1326	22
1327	30
1328	20
1329	26
1330	29
1331	24
1332	19
1333	22
1334	21
1335	31
1336	27
1337	26
1338	26
1339	24
1340	24
1341	17
1342	28
1343	30
1344	22
1345	34
1346	33
1347	21
1348	26
1349	24
1350	15
1351	18
1352	20
1353	17
1354	18
1355	21
1356	16
1357	16
1358	28
1359	20
1360	22
1361	23
1362	18
1363	15
1364	27
1365	23
1366	16
1367	15
1368	19
1369	22
1370	20
1371	24
1372	22
1373	21
1374	17
1375	21
1376	13
1377	20
1378	22
1379	19
1380	22
1381	16
1382	16
1383	20
1384	19
1385	21
1386	18
1387	17
1388	12
1389	18
1390	15
1391	16
1392	17
1393	16
1394	18
1395	16
1396	19
1397	17
1398	17
1399	16
1400	14
1401	14
1402	20
1403	23
1404	14
1405	16
1406	16
1407	20
1408	24
1409	17
1410	14
1411	14
1412	21
1413	7
1414	13
1415	22
1416	22
1417	18
1418	12
1419	11
1420	17
1421	18
1422	12
1423	16
1424	22
1425	17
1426	19
1427	10
1428	10
1429	21
1430	23
1431	15
1432	11
1433	17
1434	6
1435	12
1436	17
1437	24
1438	13
1439	14
1440	22
1441	14
1442	13
1443	14
1444	12
1445	15
1446	12
1447	16
1448	15
1449	15
1450	13
1451	14
1452	14
1453	10
1454	7
1455	20
1456	14
1457	18
1458	6
1459	12
1460	13
1461	17
1462	14
1463	10
1464	16
1465	10
1466	10
1467	12
1468	9
1469	12
1470	15
1471	11
1472	15
1473	19
1474	6
1475	13
1476	14
1477	13
1478	13
1479	5
1480	12
1481	11
1482	11
1483	14
1484	12
1485	8
1486	16
1487	10
1488	9
1489	7
1490	11
1491	8
1492	9
1493	16
1494	13
1495	11
1496	11
1497	10
1498	10
1499	15
1500	8
1501	6
1502	4
1503	10
1504	9
1505	14
1506	9
1507	16
1508	10
1509	10
1510	7
1511	5
1512	14
1513	7
1514	7
1515	8
1516	9
1517	5
1518	9
1519	23
1520	14
1521	13
1522	12
1523	9
1524	8
1525	9
1526	8
1527	10
1528	10
1529	16
1530	13
1531	7
1532	12
1533	9
1534	10
1535	21
1536	18
1537	8
1538	6
1539	5
1540	12
1541	13
1542	9
1543	6
1544	10
1545	9
1546	9
1547	7
1548	6
1549	2
1550	11
1551	11
1552	9
1553	10
1554	10
1555	11
1556	9
1557	11
1558	4
1559	7
1560	7
1561	10
1562	13
1563	11
1564	12
1565	11
1566	10
1567	11
1568	7
1569	5
1570	14
1571	11
1572	14
1573	11
1574	9
1575	5
1576	9
1577	8
1578	7
1579	6
1580	3
1581	7
1582	6
1583	9
1584	10
1585	7
1586	9
1587	7
1588	7
1589	8
1590	7
1591	6
1592	11
1593	3
1594	9
1595	7
1596	5
1597	11
1598	9
1599	8
1600	6
1601	8
1602	10
1603	6
1604	6
1605	8
1606	5
1607	5
1608	6
1609	11
1610	7
1611	7
1612	12
1613	5
1614	2
1615	4
1616	6
1617	4
1618	8
1619	4
1620	8
1621	6
1622	7
1623	3
1624	8
1625	7
1626	6
1627	8
1628	3
1629	4
1630	4
1631	7
1632	6
1633	10
1634	5
1635	4
1636	10
1637	8
1638	6
1639	5
1640	9
1641	5
1642	12
1643	6
1644	6
1645	5
1646	4
1647	6
1648	6
1649	3
1650	6
1651	7
1652	7
1653	7
1654	6
1655	3
1656	6
1657	5
1658	5
1659	7
1660	7
1661	2
1662	6
1663	3
1664	4
1665	9
1666	5
1667	8
1668	5
1669	8
1670	8
1671	5
1672	5
1673	4
1674	5
1675	5
1676	3
1677	6
1678	5
1679	6
1680	2
1681	6
1682	6
1683	5
1684	3
1685	5
1686	4
1687	9
1688	7
1689	5
1690	8
1691	3
1692	3
1693	3
1694	6
1695	3
1696	8
1697	5
1698	5
1699	4
1700	1
1701	3
1702	3
1703	1
1704	5
1705	4
1706	3
1707	4
1708	7
1709	2
1710	4
1711	11
1712	1
1713	8
1714	7
1715	7
1716	1
1717	7
1718	4
1719	3
1720	7
1721	4
1722	5
1723	7
1724	3
1725	1
1726	7
1727	6
1728	2
1729	7
1730	3
1731	6
1732	0
1733	6
1734	1
1735	2
1736	3
1737	2
1738	5
1739	1
1740	8
1741	4
1742	4
1743	2
1744	3
1745	3
1746	3
1747	6
1748	2
1749	4
1750	4
1751	5
1752	1
1753	5
1754	7
1755	4
1756	4
1757	6
1758	6
1759	5
1760	3
1761	3
1762	6
1763	6
1764	4
1765	2
1766	3
1767	2
1768	3
1769	5
1770	3
1771	4
1772	3
1773	2
1774	2
1775	5
1776	7
1777	4
1778	5
1779	1
1780	4
1781	1
1782	4
1783	8
1784	4
1785	8
1786	4
1787	1
1788	3
1789	6
1790	3
1791	3
1792	2
1793	3
1794	3
1795	6
1796	4
1797	5
1798	5
1799	4
1800	3
1801	5
1802	0
1803	2
1804	4
1805	4
1806	6
1807	5
1808	4
1809	4
1810	3
1811	1
1812	2
1813	2
1814	5
1815	1
1816	8
1817	2
1818	4
1819	6
1820	4
1821	2
1822	2
1823	7
1824	0
1825	4
1826	5
1827	2
1828	4
1829	3
1830	3
1831	3
1832	5
1833	1
1834	4
1835	2
1836	0
1837	4
1838	1
1839	3
1840	2
1841	5
1842	3
1843	3
1844	1
1845	3
1846	5
1847	3
1848	5
1849	5
1850	2
1851	5
1852	4
1853	1
1854	5
1855	4
1856	3
1857	1
1858	0
1859	1
1860	4
1861	2
1862	1
1863	4
1864	5
1865	1
1866	3
1867	2
1868	2
1869	2
1870	2
1871	4
1872	1
1873	5
1874	1
1875	2
1876	3
1877	1
1878	2
1879	1
1880	3
1881	2
1882	1
1883	3
1884	2
1885	1
1886	2
1887	1
1888	0
1889	6
1890	2
1891	2
1892	1
1893	2
1894	4
1895	5
1896	3
1897	3
1898	1
1899	7
1900	4
1901	4
1902	2
1903	2
1904	1
1905	2
1906	1
1907	5
1908	4
1909	4
1910	4
1911	1
1912	4
1913	0
1914	1
1915	1
1916	2
1917	2
1918	1
1919	0
1920	1
1921	0
1922	3
1923	0
1924	1
1925	4
1926	1
1927	2
1928	3
1929	2
1930	3
1931	3
1932	2
1933	1
1934	2
1935	3
1936	2
1937	2
1938	4
1939	2
1940	2
1941	4
1942	2
1943	0
1944	3
1945	1
1946	1
1947	1
1948	2
1949	0
1950	3
1951	2
1952	2
1953	2
1954	2
1955	1
1956	1
1957	2
1958	2
1959	3
1960	4
1961	1
1962	0
1963	1
1964	1
1965	2
1966	2
1967	3
1968	1
1969	2
1970	1
1971	2
1972	3
1973	3
1974	2
1975	2
1976	3
1977	3
1978	4
1979	1
1980	1
1981	0
1982	3
1983	1
1984	1
1985	3
1986	4
1987	3
1988	1
1989	0
1990	1
1991	2
1992	2
1993	0
1994	0
1995	3
1996	0
1997	4
1998	5
1999	2
2000	3
2001	0
2002	3
2003	5
2004	3
2005	4
2006	1
2007	5
2008	1
2009	2
2010	1
2011	1
2012	3
2013	1
2014	2
2015	1
2016	0
2017	1
2018	1
2019	3
2020	1
2021	2
2022	2
2023	0
2024	0
2025	5
2026	2
2027	1
2028	0
2029	2
2030	2
2031	2
2032	2
2033	2
2034	0
2035	0
2036	1
2037	2
2038	4
2039	2
2040	2
2041	0
2042	1
2043	1
2044	1
2045	0
2046	2
2047	2
2048	1
2049	2
2050	1
2051	1
2052	3
2053	0
2054	2
2055	2
2056	2
2057	2
2058	0
2059	0
2060	1
2061	3
2062	0
2063	2
2064	1
2065	1
2066	2
2067	4
2068	3
2069	1
2070	3
2071	0
2072	0
2073	1
2074	1
2075	2
2076	1
2077	3
2078	0
2079	2
2080	0
2081	0
2082	0
2083	0
2084	0
2085	1
2086	1
2087	1
2088	2
2089	2
2090	1
2091	1
2092	2
2093	1
2094	1
2095	3
2096	2
2097	0
2098	2
2099	0
2100	1
2101	1
2102	2
2103	1
2104	1
2105	0
2106	4
2107	1
2108	1
2109	2
2110	3
2111	0
2112	1
2113	2
2114	1
2115	1
2116	1
2117	0
2118	1
2119	2
2120	2
2121	2
2122	0
2123	1
2124	3
2125	0
2126	0
2127	3
2128	1
2129	1
2130	1
2131	1
2132	1
2133	2
2134	0
2135	4
2136	2
2137	0
2138	1
2139	2
2140	1
2141	0
2142	3
2143	2
2144	0
2145	2
2146	3
2147	0
2148	0
2149	3
2150	1
2151	0
2152	1
2153	3
2154	3
2155	0
2156	2
2157	0
2158	0
2159	1
2160	0
2161	2
2162	1
2163	1
2164	0
2165	0
2166	1
2167	3
2168	0
2169	1
2170	1
2171	2
2172	1
2173	0
2174	0
2175	2
2176	1
2177	1
2178	3
2179	1
2180	1
2181	0
2182	2
2183	1
2184	0
2185	1
2186	1
2187	4
2188	1
2189	6
2190	0
2191	3
2192	0
2193	2
2194	0
2195	1
2196	1
2197	1
2198	2
2199	2
2200	1
2201	1
2202	1
2203	0
2204	2
2205	3
2206	2
2207	2
2208	0
2209	1
2210	1
2211	0
2212	4
2213	1
2214	1
2215	2
2216	1
2217	3
2218	1
2219	1
2220	1
2221	1
2222	0
2223	1
2224	1
2225	0
2226	1
2227	0
2228	0
2229	1
2230	1
2231	1
2232	3
2233	0
2234	1
2235	1
2236	3
2237	2
2238	1
2239	2
2240	1
2241	4
2242	0
2243	1
2244	0
2245	2
2246	0
2247	3
2248	0
2249	0
2250	0
2251	1
2252	1
2253	0
2254	1
2255	0
2256	1
2257	1
2258	1
2259	2
2260	0
2261	0
2262	0
2263	3
2264	0
2265	1
2266	2
2267	4
2268	1
2269	1
2270	1
2271	1
2272	1
2273	0
2274	2
2275	1
2276	2
2277	2
2278	2
2279	2
2280	2
2281	2
2282	1
2283	1
2284	2
2285	2
2286	0
2287	1
2288	1
2289	4
2290	1
2291	2
2292	1
2293	0
2294	0
2295	0
2296	1
2297	0
2298	0
2299	1
2300	3
2301	0
2302	0
2303	1
2304	0
2305	2
2306	0
2307	1
2308	1
2309	0
2310	0
2311	0
2312	4
2313	1
2314	2
2315	0
2316	1
2317	0
2318	1
2319	1
2320	1
2321	0
2322	3
2323	0
2324	0
2325	0
2326	2
2327	3
2328	1
2329	1
2330	2
2331	1
2332	1
2333	0
2334	1
2335	2
2336	1
2337	1
2338	0
2339	0
2340	4
2341	1
2342	0
2343	0
2344	0
2345	1
2346	1
2347	1
2348	0
2349	0
2350	4
2351	0
2352	2
2353	0
2354	0
2355	2
2356	1
2357	1
2358	0
2359	0
2360	1
2361	0
2362	0
2363	1
2364	4
2365	1
2366	1
2367	1
2368	1
2369	0
2370	3
2371	0
2372	0
2373	0
2374	1
2375	0
2376	2
2377	1
2378	1
2379	0
2380	0
2381	0
2382	1
2383	0
2384	1
2385	1
2386	0
2387	1
2388	1
2389	0
2390	1
2391	2
2392	1
2393	0
2394	0
2395	1
2396	0
2397	0
2398	0
2399	2
2400	0
2401	2
2402	1
2403	0
2404	0
2405	2
2406	0
2407	1
2408	0
2409	1
2410	1
2411	4
2412	2
2413	2
2414	0
2415	1
2416	2
2417	1
2418	2
2419	1
2420	0
2421	0
2422	1
2423	1
2424	2
2425	1
2426	1
2427	1
2428	2
2429	0
2430	2
2431	2
2432	3
2433	2
2434	0
2435	3
2436	0
2437	2
2438	2
2439	0
2440	0
2441	0
2442	0
2443	0
2444	0
2445	0
2446	2
2447	0
2448	0
2449	0
2450	0
2451	2
2452	1
2453	0
2454	2
2455	1
2456	0
2457	0
2458	0
2459	0
2460	0
2461	3
2462	0
2463	0
2464	1
2465	1
2466	0
2467	1
2468	0
2469	1
2470	1
2471	0
2472	0
2473	1
2474	1
2475	1
2476	1
2477	0
2478	1
2479	1
2480	0
2481	2
2482	2
2483	1
2484	0
2485	0
2486	0
2487	2
2488	0
2489	1
2490	1
2491	1
2492	0
2493	0
2494	0
2495	0
2496	2
2497	1
2498	0
2499	1
2500	0
2501	1
2502	2
2503	0
2504	0
2505	1
2506	0
2507	2
2508	0
2509	2
2510	3
2511	1
2512	1
2513	1
2514	0
2515	1
2516	2
2517	2
2518	0
2519	1
2520	0
2521	1
2522	0
2523	0
2524	1
2525	1
2526	0
2527	0
2528	0
2529	2
2530	1
2531	1
2532	0
2533	2
2534	0
2535	0
2536	0
2537	0
2538	0
2539	1
2540	0
2541	1
2542	0
2543	0
2544	2
2545	1
2546	3
2547	0
2548	0
2549	0
2550	1
2551	0
2552	1
2553	0
2554	2
2555	2
2556	0
2557	0
2558	0
2559	0
2560	0
2561	0
2562	0
2563	1
2564	0
2565	0
2566	0
2567	0
2568	1
2569	0
2570	3
2571	1
2572	1
2573	1
2574	1
2575	2
2576	1
2577	0
2578	2
2579	1
2580	1
2581	0
2582	1
2583	0
2584	1
2585	2
2586	1
2587	1
2588	0
2589	1
2590	4
2591	0
2592	0
2593	1
2594	1
2595	0
2596	0
2597	1
2598	1
2599	1
2600	0
2601	1
2602	0
2603	0
2604	1
2605	1
2606	1
2607	1
2608	2
2609	2
2610	0
2611	0
2612	0
2613	1
2614	0
2615	3
2616	0
2617	0
2618	0
2619	0
2620	1
2621	2
2622	0
2623	0
2624	0
2625	1
2626	0
2627	0
2628	1
2629	0
2630	0
2631	1
2632	1
2633	1
2634	0
2635	0
2636	0
2637	0
2638	1
2639	0
2640	0
2641	0
2642	1
2643	1
2644	0
2645	0
2646	0
2647	1
2648	1
2649	1
2650	0
2651	0
2652	2
2653	0
2654	0
2655	1
2656	1
2657	0
2658	0
2659	1
2660	1
2661	0
2662	0
2663	0
2664	0
2665	0
2666	0
2667	0
2668	0
2669	1
2670	4
2671	0
2672	1
2673	3
2674	1
2675	0
2676	1
2677	2
2678	0
2679	1
2680	0
2681	0
2682	0
2683	1
2684	1
2685	0
2686	2
2687	0
2688	1
2689	1
2690	0
2691	0
2692	1
2693	0
2694	3
2695	0
2696	0
2697	0
2698	1
2699	1
2700	2
2701	1
2702	0
2703	0
2704	1
2705	1
2706	0
2707	0
2708	2
2709	0
2710	0
2711	0
2712	0
2713	0
2714	1
2715	0
2716	0
2717	0
2718	1
2719	1
2720	1
2721	0
2722	0
2723	0
2724	1
2725	0
2726	0
2727	0
2728	1
2729	1
2730	1
2731	1
2732	2
2733	0
2734	0
2735	0
2736	2
2737	3
2738	2
2739	0
2740	0
2741	1
2742	1
2743	0
2744	0
2745	1
2746	1
2747	1
2748	0
2749	1
2750	2
2751	0
2752	1
2753	2
2754	0
2755	0
2756	2
2757	1
2758	0
2759	1
2760	1
2761	0
2762	1
2763	0
2764	0
2765	1
2766	0
2767	0
2768	0
2769	1
2770	2
2771	2
2772	0
2773	2
2774	0
2775	0
2776	1
2777	0
2778	1
2779	0
2780	0
2781	1
2782	1
2783	2
2784	0
2785	2
2786	0
2787	1
2788	2
2789	0
2790	0
2791	0
2792	0
2793	0
2794	0
2795	0
2796	0
2797	0
2798	0
2799	0
2800	0
2801	0
2802	2
2803	1
2804	0
2805	2
2806	0
2807	1
2808	0
2809	2
2810	0
2811	2
2812	1
2813	0
2814	0
2815	1
2816	3
2817	0
2818	0
2819	1
2820	0
2821	1
2822	0
2823	1
2824	0
2825	0
2826	1
2827	1
2828	0
2829	1
2830	2
2831	1
2832	0
2833	0
2834	0
2835	0
2836	0
2837	1
2838	0
2839	0
2840	1
2841	1
2842	0
2843	0
2844	0
2845	0
2846	0
2847	0
2848	1
2849	0
2850	2
2851	0
2852	1
2853	1
2854	0
2855	0
2856	0
2857	1
2858	0
2859	2
2860	1
2861	2
2862	1
2863	2
2864	2
2865	0
2866	1
2867	0
2868	0
2869	0
2870	1
2871	0
2872	2
2873	1
2874	0
2875	1
2876	0
2877	1
2878	2
2879	1
2880	0
2881	3
2882	1
2883	1
2884	1
2885	2
2886	3
2887	1
2888	1
2889	0
2890	1
2891	1
2892	1
2893	2
2894	1
2895	2
2896	0
2897	0
2898	1
2899	1
2900	2
2901	0
2902	1
2903	0
2904	0
2905	2
2906	0
2907	0
2908	1
2909	0
2910	2
2911	1
2912	0
2913	1
2914	0
2915	0
2916	0
2917	0
2918	0
2919	1
2920	0
2921	1
2922	1
2923	0
2924	0
2925	0
2926	0
2927	0
2928	0
2929	0
2930	1
2931	0
2932	0
2933	0
2934	0
2935	0
2936	0
2937	0
2938	0
2939	0
2940	0
2941	0
2942	1
2943	0
2944	2
2945	0
2946	2
2947	0
2948	1
2949	2
2950	1
2951	0
2952	0
2953	0
2954	1
2955	1
2956	1
2957	2
2958	2
2959	1
2960	1
2961	1
2962	0
2963	0
2964	0
2965	0
2966	0
2967	1
2968	1
2969	3
2970	1
2971	1
2972	1
2973	0
2974	1
2975	0
2976	0
2977	0
2978	0
2979	1
2980	1
2981	0
2982	0
2983	0
2984	2
2985	1
2986	1
2987	0
2988	0
2989	0
2990	0
2991	1
2992	2
2993	0
2994	0
2995	0
2996	1
2997	1
2998	0
2999	1
3000	0
3001	1
3002	0
3003	1
3004	2
3005	0
3006	0
3007	1
3008	1
3009	2
3010	0
3011	0
3012	1
3013	0
3014	1
3015	1
3016	0
3017	0
3018	0
3019	1
3020	3
3021	0
3022	0
3023	0
3024	0
3025	1
3026	0
3027	1
3028	0
3029	0
3030	0
3031	0
3032	0
3033	0
3034	1
3035	0
3036	0
3037	1
3038	0
3039	0
3040	0
3041	1
3042	1
3043	0
3044	1
3045	0
3046	2
3047	0
3048	2
3049	0
3050	1
3051	0
3052	0
3053	0
3054	0
3055	1
3056	0
3057	1
3058	1
3059	1
3060	0
3061	0
3062	1
3063	0
3064	0
3065	0
3066	0
3067	1
3068	0
3069	0
3070	0
3071	0
3072	0
3073	0
3074	0
3075	0
3076	2
3077	0
3078	0
3079	1
3080	0
3081	0
3082	2
3083	1
3084	0
3085	0
3086	1
3087	0
3088	1
3089	1
3090	0
3091	2
3092	1
3093	0
3094	0
3095	0
3096	3
3097	2
3098	2
3099	0
3100	1
3101	0
3102	1
3103	0
3104	0
3105	0
3106	0
3107	0
3108	0
3109	1
3110	0
3111	0
3112	0
3113	1
3114	1
3115	0
3116	1
3117	0
3118	2
3119	0
3120	0
3121	0
3122	0
3123	0
3124	0
3125	0
3126	0
3127	2
3128	1
3129	0
3130	1
3131	1
3132	0
3133	0
3134	2
3135	1
3136	1
3137	1
3138	0
3139	1
3140	3
3141	2
3142	1
3143	0
3144	1
3145	1
3146	0
3147	0
3148	0
3149	0
3150	0
3151	1
3152	0
3153	0
3154	0
3155	0
3156	2
3157	0
3158	0
3159	1
3160	1
3161	3
3162	0
3163	1
3164	0
3165	1
3166	2
3167	1
3168	0
3169	0
3170	0
3171	2
3172	1
3173	1
3174	1
3175	0
3176	0
3177	0
3178	0
3179	0
3180	3
3181	0
3182	0
3183	2
3184	2
3185	0
3186	0
3187	1
3188	1
3189	1
3190	1
3191	1
3192	0
3193	0
3194	1
3195	1
3196	0
3197	1
3198	0
3199	0
3200	0
3201	0
3202	0
3203	0
3204	0
3205	2
3206	1
3207	1
3208	0
3209	1
3210	1
3211	1
3212	0
3213	2
3214	1
3215	2
3216	0
3217	0
3218	2
3219	1
3220	0
3221	1
3222	0
3223	0
3224	0
3225	0
3226	2
3227	1
3228	0
3229	1
3230	0
3231	0
3232	2
3233	0
3234	3
3235	1
3236	0
3237	1
3238	1
3239	1
3240	0
3241	0
3242	0
3243	2
3244	2
3245	0
3246	1
3247	0
3248	2
3249	0
3250	1
3251	0
3252	1
3253	1
3254	1
3255	0
3256	1
3257	0
3258	1
3259	2
3260	1
3261	1
3262	2
3263	0
3264	0
3265	0
3266	0
3267	2
3268	1
3269	0
3270	0
3271	0
3272	0
3273	1
3274	1
3275	1
3276	1
3277	0
3278	1
3279	1
3280	0
3281	1
3282	0
3283	0
3284	2
3285	0
3286	1
3287	0
3288	1
3289	0
3290	0
3291	1
3292	1
3293	1
3294	1
3295	0
3296	0
3297	1
3298	1
3299	0
3300	0
3301	0
3302	1
3303	0
3304	2
3305	0
3306	0
3307	0
3308	0
3309	1
3310	0
3311	0
3312	0
3313	0
3314	0
3315	0
3316	0
3317	0
3318	1
3319	2
3320	1
3321	0
3322	0
3323	1
3324	0
3325	0
3326	0
3327	0
3328	1
3329	1
3330	0
3331	1
3332	0
3333	0
3334	0
3335	0
3336	2
3337	0
3338	0
3339	1
3340	1
3341	0
3342	2
3343	0
3344	0
3345	1
3346	0
3347	0
3348	2
3349	1
3350	0
3351	0
3352	0
3353	0
3354	1
3355	1
3356	1
3357	1
3358	1
3359	0
3360	0
3361	0
3362	1
3363	1
3364	1
3365	0
3366	1
3367	1
3368	1
3369	0
3370	2
3371	0
3372	0
3373	2
3374	0
3375	2
3376	1
3377	1
3378	1
3379	2
3380	0
3381	0
3382	0
3383	1
3384	0
3385	0
3386	1
3387	1
3388	0
3389	0
3390	1
3391	1
3392	1
3393	0
3394	0
3395	0
3396	1
3397	0
3398	0
3399	2
3400	1
3401	1
3402	0
3403	1
3404	0
3405	0
3406	0
3407	1
3408	0
3409	2
3410	0
3411	0
3412	0
3413	0
3414	0
3415	1
3416	1
3417	0
3418	0
3419	1
3420	0
3421	1
3422	0
3423	0
3424	2
3425	0
3426	0
3427	1
3428	0
3429	0
3430	1
3431	1
3432	2
3433	0
3434	0
3435	0
3436	0
3437	1
3438	1
3439	0
3440	2
3441	0
3442	2
3443	1
3444	0
3445	1
3446	0
3447	1
3448	1
3449	1
3450	0
3451	0
3452	0
3453	0
3454	0
3455	1
3456	2
3457	0
3458	1
3459	1
3460	0
3461	0
3462	0
3463	1
3464	1
3465	0
3466	1
3467	0
3468	3
3469	0
3470	0
3471	3
3472	0
3473	0
3474	0
3475	0
3476	1
3477	1
3478	1
3479	2
3480	0
3481	0
3482	0
3483	1
3484	3
3485	0
3486	2
3487	0
3488	1
3489	0
3490	0
3491	2
3492	0
3493	0
3494	0
3495	1
3496	1
3497	0
3498	0
3499	1
3500	1
3501	1
3502	1
3503	1
3504	1
3505	0
3506	2
3507	1
3508	2
3509	0
3510	1
3511	1
3512	1
3513	1
3514	2
3515	0
3516	0
3517	0
3518	0
3519	2
3520	0
3521	0
3522	0
3523	0
3524	1
3525	1
3526	0
3527	0
3528	0
3529	0
3530	1
3531	1
3532	1
3533	1
3534	0
3535	0
3536	1
3537	0
3538	1
3539	1
3540	1
3541	0
3542	1
3543	0
3544	1
3545	1
3546	0
3547	1
3548	1
3549	0
3550	0
3551	0
3552	0
3553	1
3554	2
3555	0
3556	0
3557	0
3558	0
3559	0
3560	1
3561	1
3562	2
3563	0
3564	0
3565	1
3566	0
3567	0
3568	0
3569	0
3570	0
3571	1
3572	0
3573	1
3574	0
3575	2
3576	1
3577	1
3578	1
3579	0
3580	0
3581	0
3582	1
3583	0
3584	0
3585	1
3586	1
3587	1
3588	0
3589	0
3590	0
3591	0
3592	0
3593	1
3594	0
3595	0
3596	1
3597	0
3598	1
3599	2
3600	0
3601	0
3602	1
3603	0
3604	0
3605	2
3606	2
3607	2
3608	2
3609	1
3610	1
3611	0
3612	2
3613	0
3614	1
3615	2
3616	0
3617	2
3618	1
3619	0
3620	0
3621	0
3622	1
3623	0
3624	1
3625	2
3626	2
3627	2
3628	2
3629	0
3630	1
3631	0
3632	0
3633	0
3634	1
3635	0
3636	0
3637	0
3638	0
3639	0
3640	0
3641	0
3642	1
3643	1
3644	0
3645	0
3646	0
3647	0
3648	0
3649	1
3650	0
3651	0
3652	1
3653	1
3654	1
3655	3
3656	1
3657	0
3658	0
3659	0
3660	0
3661	0
3662	1
3663	0
3664	0
3665	1
3666	0
3667	0
3668	1
3669	0
3670	1
3671	0
3672	1
3673	0
3674	0
3675	1
3676	0
3677	1
3678	0
3679	0
3680	0
3681	0
3682	0
3683	2
3684	1
3685	1
3686	1
3687	0
3688	0
3689	1
3690	0
3691	0
3692	0
3693	1
3694	0
3695	0
3696	4
3697	2
3698	1
3699	0
3700	0
3701	1
3702	1
3703	0
3704	1
3705	1
3706	0
3707	2
3708	0
3709	1
3710	0
3711	1
3712	0
3713	2
3714	0
3715	0
3716	1
3717	1
3718	0
3719	0
3720	1
3721	1
3722	0
3723	0
3724	0
3725	1
3726	0
3727	0
3728	0
3729	0
3730	0
3731	0
3732	1
3733	0
3734	2
3735	0
3736	1
3737	1
3738	0
3739	0
3740	0
3741	1
3742	0
3743	0
3744	0
3745	0
3746	1
3747	0
3748	1
3749	1
3750	1
3751	1
3752	1
3753	1
3754	1
3755	1
3756	2
3757	0
3758	0
3759	0
3760	1
3761	0
3762	0
3763	0
3764	1
3765	1
3766	1
3767	1
3768	2
3769	1
3770	1
3771	0
3772	1
3773	1
3774	0
3775	0
3776	1
3777	0
3778	0
3779	0
3780	0
3781	0
3782	0
3783	0
3784	0
3785	0
3786	0
3787	2
3788	0
3789	1
3790	0
3791	1
3792	1
3793	0
3794	1
3795	0
3796	1
3797	0
3798	1
3799	1
3800	0
3801	1
3802	0
3803	1
3804	1
3805	0
3806	0
3807	1
3808	4
3809	2
3810	0
3811	0
3812	0
3813	1
3814	1
3815	0
3816	0
3817	0
3818	1
3819	0
3820	3
3821	0
3822	1
3823	1
3824	1
3825	0
3826	1
3827	2
3828	0
3829	0
3830	0
3831	0
3832	2
3833	2
3834	0
3835	1
3836	1
3837	1
3838	0
3839	2
3840	0
3841	0
3842	0
3843	1
3844	0
3845	0
3846	2
3847	0
3848	2
3849	0
3850	1
3851	2
3852	0
3853	1
3854	0
3855	1
3856	1
3857	0
3858	0
3859	1
3860	1
3861	0
3862	0
3863	0
3864	0
3865	0
3866	2
3867	0
3868	1
3869	0
3870	0
3871	0
3872	0
3873	0
3874	0
3875	0
3876	0
3877	1
3878	2
3879	0
3880	0
3881	1
3882	2
3883	0
3884	0
3885	0
3886	0
3887	1
3888	1
3889	2
3890	0
3891	0
3892	1
3893	0
3894	1
3895	1
3896	0
3897	1
3898	0
3899	0
3900	1
3901	1
3902	0
3903	0
3904	2
3905	0
3906	0
3907	1
3908	0
3909	4
3910	1
3911	2
3912	0
3913	0
3914	1
3915	2
3916	0
3917	0
3918	0
3919	0
3920	0
3921	1
3922	1
3923	1
3924	0
3925	0
3926	0
3927	1
3928	1
3929	0
3930	1
3931	0
3932	0
3933	1
3934	0
3935	1
3936	0
3937	1
3938	1
3939	0
3940	0
3941	0
3942	0
3943	1
3944	0
3945	0
3946	2
3947	1
3948	1
3949	1
3950	0
3951	1
3952	0
3953	1
3954	1
3955	2
3956	0
3957	2
3958	2
3959	0
3960	1
3961	0
3962	1
3963	0
3964	3
3965	0
3966	0
3967	0
3968	0
3969	0
3970	1
3971	0
3972	1
3973	0
3974	0
3975	0
3976	0
3977	3
3978	0
3979	0
3980	1
3981	0
3982	0
3983	0
3984	0
3985	0
3986	0
3987	0
3988	0
3989	0
3990	1
3991	0
3992	0
3993	2
3994	1
3995	0
3996	1
3997	2
3998	0
3999	0
4000	0
4001	1
4002	1
4003	1
4004	0
4005	0
4006	1
4007	1
4008	1
4009	0
4010	0
4011	0
4012	0
4013	2
4014	0
4015	2
4016	1
4017	1
4018	1
4019	0
4020	0
4021	1
4022	0
4023	0
4024	0
4025	0
4026	3
4027	0
4028	2
4029	0
4030	0
4031	1
4032	0
4033	0
4034	0
4035	1
4036	0
4037	1
4038	0
4039	3
4040	1
4041	0
4042	2
4043	1
4044	3
4045	1
4046	0
4047	0
4048	0
4049	0
4050	0
4051	1
4052	0
4053	0
4054	0
4055	0
4056	1
4057	3
4058	0
4059	1
4060	0
4061	1
4062	1
4063	0
4064	0
4065	0
4066	1
4067	0
4068	1
4069	2
4070	1
4071	1
4072	0
4073	1
4074	0
4075	0
4076	1
4077	2
4078	0
4079	0
4080	1
4081	1
4082	0
4083	0
4084	0
4085	1
4086	1
4087	1
4088	0
4089	1
4090	0
4091	0
4092	0
4093	1
4094	0
4095	0
4096	2
4097	0
4098	0
4099	1
4100	0
4101	0
4102	1
4103	0
4104	1
4105	1
4106	1
4107	0
4108	1
4109	0
4110	0
4111	0
4112	0
4113	1
4114	0
4115	0
4116	0
4117	0
4118	1
4119	1
4120	1
4121	0
4122	0
4123	1
4124	1
4125	1
4126	0
4127	0
4128	0
4129	0
4130	0
4131	1
4132	0
4133	3
4134	0
4135	0
4136	1
4137	0
4138	0
4139	0
4140	0
4141	0
4142	1
4143	0
4144	0
4145	0
4146	1
4147	1
4148	1
4149	0
4150	1
4151	1
4152	1
4153	1
4154	0
4155	2
4156	2
4157	0
4158	0
4159	2
4160	1
4161	0
4162	1
4163	0
4164	0
4165	0
4166	0
4167	1
4168	0
4169	1
4170	0
4171	0
4172	0
4173	1
4174	0
4175	0
4176	0
4177	2
4178	0
4179	2
4180	1
4181	2
4182	1
4183	0
4184	3
4185	0
4186	1
4187	0
4188	1
4189	0
4190	0
4191	1
4192	1
4193	0
4194	0
4195	0
4196	0
4197	1
4198	0
4199	0
4200	2
4201	1
4202	0
4203	1
4204	0
4205	0
4206	2
4207	0
4208	0
4209	0
4210	0
4211	1
4212	0
4213	0
4214	0
4215	0
4216	3
4217	1
4218	0
4219	0
4220	0
4221	0
4222	1
4223	1
4224	2
4225	0
4226	0
4227	0
4228	0
4229	0
4230	1
4231	0
4232	2
4233	0
4234	0
4235	0
4236	0
4237	1
4238	0
4239	0
4240	2
4241	0
4242	1
4243	0
4244	0
4245	1
4246	1
4247	0
4248	0
4249	2
4250	2
4251	0
4252	2
4253	1
4254	0
4255	0
4256	0
4257	0
4258	0
4259	0
4260	0
4261	0
4262	0
4263	1
4264	0
4265	1
4266	1
4267	0
4268	1
4269	0
4270	1
4271	1
4272	3
4273	0
4274	0
4275	2
4276	0
4277	0
4278	0
4279	0
4280	0
4281	1
4282	0
4283	0
4284	1
4285	0
4286	0
4287	0
4288	0
4289	0
4290	0
4291	1
4292	2
4293	0
4294	0
4295	0
4296	0
4297	1
4298	0
4299	0
4300	0
4301	1
4302	0
4303	2
4304	0
4305	0
4306	0
4307	2
4308	0
4309	0
4310	1
4311	0
4312	0
4313	1
4314	0
4315	0
4316	0
4317	1
4318	0
4319	1
4320	0
4321	0
4322	0
4323	0
4324	0
4325	0
4326	0
4327	1
4328	2
4329	0
4330	0
4331	0
4332	0
4333	1
4334	0
4335	1
4336	1
4337	1
4338	1
4339	1
4340	0
4341	0
4342	0
4343	0
4344	0
4345	0
4346	1
4347	0
4348	1
4349	1
4350	0
4351	0
4352	1
4353	0
4354	1
4355	0
4356	1
4357	0
4358	0
4359	1
4360	0
4361	0
4362	0
4363	0
4364	0
4365	0
4366	0
4367	2
4368	0
4369	3
4370	0
4371	0
4372	0
4373	0
4374	0
4375	0
4376	0
4377	1
4378	1
4379	1
4380	1
4381	0
4382	3
4383	1
4384	1
4385	1
4386	1
4387	2
4388	0
4389	0
4390	0
4391	0
4392	0
4393	0
4394	0
4395	0
4396	1
4397	0
4398	0
4399	2
4400	0
4401	0
4402	1
4403	0
4404	0
4405	0
4406	3
4407	0
4408	0
4409	2
4410	1
4411	2
4412	0
4413	2
4414	1
4415	1
4416	0
4417	0
4418	0
4419	0
4420	0
4421	0
4422	1
4423	0
4424	1
4425	0
4426	1
4427	0
4428	0
4429	0
4430	0
4431	0
4432	0
4433	0
4434	1
4435	0
4436	1
4437	2
4438	0
4439	1
4440	0
4441	1
4442	0
4443	1
4444	0
4445	0
4446	1
4447	1
4448	1
4449	0
4450	0
4451	0
4452	0
4453	1
4454	1
4455	0
4456	0
4457	0
4458	0
4459	1
4460	1
4461	0
4462	0
4463	0
4464	0
4465	0
4466	1
4467	0
4468	2
4469	0
4470	0
4471	0
4472	1
4473	0
4474	0
4475	1
4476	1
4477	1
4478	0
4479	1
4480	0
4481	0
4482	0
4483	0
4484	1
4485	0
4486	2
4487	1
4488	1
4489	0
4490	0
4491	0
4492	1
4493	0
4494	1
4495	0
4496	0
4497	1
4498	1
4499	0
4500	0
4501	0
4502	0
4503	2
4504	0
4505	0
4506	0
4507	0
4508	0
4509	3
4510	0
4511	0
4512	0
4513	0
4514	0
4515	0
4516	0
4517	1
4518	0
4519	0
4520	0
4521	0
4522	0
4523	0
4524	1
4525	1
4526	1
4527	0
4528	0
4529	0
4530	0
4531	0
4532	0
4533	1
4534	0
4535	0
4536	0
4537	0
4538	1
4539	0
4540	0
4541	1
4542	0
4543	0
4544	0
4545	0
4546	0
4547	0
4548	1
4549	0
4550	1
4551	0
4552	0
4553	1
4554	0
4555	0
4556	2
4557	0
4558	0
4559	0
4560	1
4561	0
4562	1
4563	0
4564	1
4565	0
4566	0
4567	0
4568	0
4569	0
4570	0
4571	1
4572	1
4573	0
4574	3
4575	0
4576	0
4577	0
4578	0
4579	0
4580	0
4581	0
4582	0
4583	1
4584	0
4585	0
4586	1
4587	1
4588	0
4589	1
4590	0
4591	0
4592	1
4593	1
4594	0
4595	1
4596	1
4597	1
4598	2
4599	1
4600	0
4601	2
4602	0
4603	0
4604	0
4605	1
4606	0
4607	0
4608	0
4609	1
4610	1
4611	0
4612	0
4613	1
4614	0
4615	0
4616	0
4617	0
4618	0
4619	0
4620	1
4621	0
4622	1
4623	1
4624	1
4625	0
4626	0
4627	0
4628	1
4629	1
4630	0
4631	0
4632	0
4633	1
4634	2
4635	1
4636	1
4637	0
4638	0
4639	1
4640	0
4641	1
4642	1
4643	1
4644	0
4645	1
4646	0
4647	1
4648	0
4649	1
4650	1
4651	0
4652	0
4653	2
4654	1
4655	1
4656	1
4657	2
4658	1
4659	1
4660	1
4661	0
4662	1
4663	1
4664	3
4665	0
4666	1
4667	1
4668	0
4669	0
4670	0
4671	0
4672	1
4673	1
4674	0
4675	1
4676	1
4677	0
4678	0
4679	0
4680	1
4681	0
4682	0
4683	0
4684	0
4685	0
4686	0
4687	2
4688	1
4689	0
4690	2
4691	0
4692	0
4693	0
4694	0
4695	0
4696	1
4697	0
4698	0
4699	0
4700	0
4701	0
4702	1
4703	1
4704	0
4705	0
4706	1
4707	0
4708	0
4709	3
4710	0
4711	0
4712	1
4713	0
4714	1
4715	0
4716	0
4717	2
4718	1
4719	0
4720	0
4721	1
4722	0
4723	0
4724	1
4725	0
4726	1
4727	0
4728	0
4729	0
4730	1
4731	1
4732	0
4733	0
4734	1
4735	0
4736	0
4737	1
4738	0
4739	0
4740	1
4741	1
4742	0
4743	0
4744	1
4745	0
4746	0
4747	0
4748	1
4749	1
4750	0
4751	0
4752	0
4753	2
4754	1
4755	1
4756	1
4757	0
4758	1
4759	0
4760	0
4761	0
4762	2
4763	1
4764	2
4765	0
4766	0
4767	0
4768	0
4769	0
4770	0
4771	0
4772	0
4773	1
4774	3
4775	0
4776	0
4777	0
4778	0
4779	1
4780	0
4781	0
4782	0
4783	1
4784	1
4785	1
4786	1
4787	0
4788	0
4789	0
4790	0
4791	1
4792	0
4793	0
4794	0
4795	0
4796	2
4797	0
4798	0
4799	0
4800	0
4801	0
4802	1
4803	0
4804	1
4805	0
4806	2
4807	0
4808	0
4809	0
4810	2
4811	0
4812	1
4813	0
4814	0
4815	0
4816	1
4817	0
4818	0
4819	0
4820	1
4821	0
4822	0
4823	1
4824	0
4825	2
4826	2
4827	0
4828	0
4829	2
4830	0
4831	1
4832	1
4833	0
4834	0
4835	0
4836	0
4837	0
4838	1
4839	0
4840	0
4841	1
4842	1
4843	0
4844	0
4845	2
4846	1
4847	1
4848	0
4849	0
4850	0
4851	1
4852	1
4853	1
4854	0
4855	1
4856	0
4857	0
4858	1
4859	1
4860	1
4861	1
4862	1
4863	0
4864	2
4865	0
4866	1
4867	0
4868	0
4869	0
4870	0
4871	0
4872	0
4873	0
4874	0
4875	1
4876	0
4877	0
4878	0
4879	0
4880	0
4881	0
4882	1
4883	0
4884	0
4885	1
4886	0
4887	1
4888	1
4889	0
4890	0
4891	1
4892	0
4893	1
4894	0
4895	0
4896	0
4897	0
4898	1
4899	0
4900	0
4901	0
4902	0
4903	1
4904	0
4905	0
4906	0
4907	1
4908	0
4909	1
4910	1
4911	1
4912	0
4913	2
4914	0
4915	0
4916	0
4917	0
4918	2
4919	0
4920	0
4921	0
4922	2
4923	1
4924	0
4925	2
4926	0
4927	1
4928	1
4929	1
4930	0
4931	0
4932	0
4933	0
4934	0
4935	0
4936	0
4937	1
4938	0
4939	1
4940	0
4941	1
4942	0
4943	0
4944	1
4945	0
4946	0
4947	1
4948	0
4949	1
4950	0
4951	0
4952	0
4953	0
4954	1
4955	1
4956	0
4957	3
4958	2
4959	2
4960	1
4961	0
4962	0
4963	1
4964	0
4965	0
4966	1
4967	0
4968	1
4969	0
4970	0
4971	0
4972	1
4973	0
4974	0
4975	0
4976	0
4977	0
4978	1
4979	0
4980	1
4981	0
4982	0
4983	0
4984	0
4985	0
4986	0
4987	0
4988	0
4989	0
4990	5
4991	1
4992	0
4993	0
4994	0
4995	2
4996	1
4997	1
4998	0
4999	0
5000	0
5001	1
5002	1
5003	0
5004	1
5005	0
5006	1
5007	0
5008	0
5009	2
5010	1
5011	1
5012	1
5013	0
5014	0
5015	1
5016	0
5017	2
5018	0
5019	0
5020	1
5021	0
5022	0
5023	1
5024	0
5025	0
5026	0
5027	0
5028	1
5029	0
5030	0
5031	0
5032	2
5033	0
5034	0
5035	0
5036	0
5037	0
5038	1
5039	1
5040	0
5041	0
5042	0
5043	2
5044	0
5045	0
5046	0
5047	0
5048	0
5049	0
5050	0
5051	2
5052	0
5053	0
5054	0
5055	1
5056	0
5057	1
5058	0
5059	1
5060	1
5061	0
5062	0
5063	1
5064	0
5065	0
5066	0
5067	0
5068	0
5069	0
5070	0
5071	0
5072	0
5073	1
5074	0
5075	0
5076	1
5077	1
5078	1
5079	1
5080	0
5081	0
5082	2
5083	0
5084	0
5085	0
5086	1
5087	2
5088	1
5089	1
5090	0
5091	2
5092	1
5093	0
5094	0
5095	1
5096	0
5097	0
5098	2
5099	0
5100	0
5101	1
5102	0
5103	0
5104	1
5105	0
5106	0
5107	0
5108	0
5109	0
5110	1
5111	0
5112	1
5113	1
5114	0
5115	1
5116	0
5117	1
5118	0
5119	0
5120	1
5121	1
5122	0
5123	0
5124	1
5125	0
5126	0
5127	1
5128	0
5129	0
5130	0
5131	1
5132	1
5133	0
5134	0
5135	0
5136	0
5137	1
5138	0
5139	0
5140	2
5141	1
5142	1
5143	1
5144	1
5145	1
5146	3
5147	0
5148	0
5149	0
5150	0
5151	1
5152	0
5153	1
5154	0
5155	0
5156	1
5157	0
5158	0
5159	0
5160	1
5161	0
5162	1
5163	0
5164	0
5165	0
5166	2
5167	1
5168	0
5169	1
5170	0
5171	0
5172	1
5173	0
5174	0
5175	0
5176	1
5177	0
5178	1
5179	1
5180	0
5181	1
5182	1
5183	4
5184	0
5185	1
5186	0
5187	0
5188	1
5189	2
5190	0
5191	1
5192	0
5193	1
5194	0
5195	1
5196	1
5197	1
5198	1
5199	1
5200	0
5201	0
5202	0
5203	0
5204	0
5205	1
5206	0
5207	0
5208	1
5209	1
5210	0
5211	1
5212	0
5213	1
5214	0
5215	0
5216	3
5217	0
5218	1
5219	3
5220	1
5221	0
5222	1
5223	0
5224	0
5225	0
5226	0
5227	0
5228	0
5229	1
5230	0
5231	1
5232	1
5233	0
5234	2
5235	0
5236	2
5237	0
5238	1
5239	0
5240	0
5241	1
5242	1
5243	1
5244	1
5245	1
5246	0
5247	0
5248	1
5249	2
5250	1
5251	0
5252	2
5253	0
5254	1
5255	0
5256	1
5257	0
5258	1
5259	1
5260	0
5261	2
5262	1
5263	2
5264	0
5265	1
5266	0
5267	0
5268	0
5269	0
5270	0
5271	0
5272	1
5273	2
5274	0
5275	1
5276	1
5277	0
5278	0
5279	0
5280	0
5281	1
5282	0
5283	0
5284	0
5285	1
5286	0
5287	0
5288	1
5289	1
5290	1
5291	0
5292	2
5293	0
5294	0
5295	0
5296	2
5297	1
5298	0
5299	0
5300	0
5301	1
5302	0
5303	1
5304	0
5305	0
5306	0
5307	1
5308	0
5309	0
5310	1
5311	0
5312	1
5313	1
5314	0
5315	1
5316	1
5317	0
5318	1
5319	0
5320	1
5321	1
5322	0
5323	2
5324	0
5325	0
5326	1
5327	2
5328	0
5329	0
5330	0
5331	0
5332	0
5333	0
5334	0
5335	0
5336	0
5337	0
5338	0
5339	0
5340	1
5341	0
5342	1
5343	0
5344	1
5345	0
5346	1
5347	1
5348	0
5349	2
5350	0
5351	0
5352	1
5353	0
5354	0
5355	1
5356	2
5357	0
5358	0
5359	1
5360	0
5361	1
5362	0
5363	0
5364	0
5365	0
5366	1
5367	0
5368	0
5369	2
5370	1
5371	1
5372	0
5373	1
5374	0
5375	1
5376	0
5377	0
5378	1
5379	0
5380	2
5381	1
5382	0
5383	0
5384	1
5385	0
5386	0
5387	1
5388	0
5389	0
5390	0
5391	0
5392	1
5393	0
5394	0
5395	0
5396	0
5397	0
5398	0
5399	0
5400	0
5401	0
5402	0
5403	0
5404	0
5405	0
5406	1
5407	0
5408	0
5409	1
5410	0
5411	2
5412	0
5413	4
5414	2
5415	0
5416	1
5417	1
5418	1
5419	0
5420	0
5421	1
5422	0
5423	0
5424	1
5425	1
5426	0
5427	0
5428	0
5429	1
5430	0
5431	0
5432	2
5433	0
5434	1
5435	0
5436	0
5437	0
5438	1
5439	0
5440	0
5441	0
5442	2
5443	0
5444	0
5445	2
5446	0
5447	0
5448	0
5449	1
5450	0
5451	1
5452	0
5453	1
5454	0
5455	0
5456	1
5457	0
5458	0
5459	0
5460	2
5461	0
5462	0
5463	1
5464	2
5465	1
5466	0
5467	2
5468	1
5469	0
5470	0
5471	0
5472	1
5473	0
5474	1
5475	1
5476	1
5477	0
5478	0
5479	0
5480	0
5481	0
5482	0
5483	0
5484	1
5485	0
5486	2
5487	1
5488	0
5489	0
5490	1
5491	1
5492	0
5493	0
5494	0
5495	0
5496	0
5497	1
5498	1
5499	0
5500	0
5501	0
5502	0
5503	1
5504	0
5505	0
5506	2
5507	0
5508	0
5509	1
5510	0
5511	0
5512	1
5513	0
5514	0
5515	1
5516	0
5517	0
5518	0
5519	0
5520	0
5521	0
5522	0
5523	0
5524	0
5525	1
5526	1
5527	1
5528	1
5529	2
5530	4
5531	0
5532	0
5533	0
5534	1
5535	0
5536	1
5537	0
5538	1
5539	0
5540	0
5541	2
5542	0
5543	0
5544	0
5545	0
5546	1
5547	3
5548	0
5549	0
5550	0
5551	0
5552	1
5553	4
5554	0
5555	0
5556	3
5557	0
5558	0
5559	0
5560	0
5561	0
5562	1
5563	0
5564	0
5565	0
5566	1
5567	0
5568	2
5569	1
5570	0
5571	0
5572	0
5573	0
5574	0
5575	0
5576	0
5577	0
5578	0
5579	0
5580	1
5581	0
5582	0
5583	0
5584	0
5585	2
5586	1
5587	0
5588	0
5589	0
5590	0
5591	0
5592	0
5593	0
5594	0
5595	2
5596	1
5597	0
5598	1
5599	0
5600	0
5601	0
5602	0
5603	1
5604	0
5605	0
5606	0
5607	1
5608	0
5609	0
5610	0
5611	0
5612	2
5613	0
5614	2
5615	1
5616	0
5617	1
5618	1
5619	1
5620	0
5621	2
5622	0
5623	0
5624	1
5625	0
5626	0
5627	0
5628	1
5629	0
5630	0
5631	0
5632	0
5633	0
5634	0
5635	1
5636	1
5637	0
5638	0
5639	1
5640	0
5641	0
5642	0
5643	1
5644	1
5645	0
5646	0
5647	1
5648	1
5649	0
5650	0
5651	0
5652	1
5653	0
5654	0
5655	0
5656	0
5657	0
5658	2
5659	1
5660	2
5661	1
5662	1
5663	0
5664	1
5665	0
5666	1
5667	1
5668	0
5669	0
5670	0
5671	0
5672	1
5673	0
5674	0
5675	1
5676	0
5677	1
5678	1
5679	1
5680	0
5681	0
5682	0
5683	2
5684	1
5685	0
5686	1
5687	0
5688	2
5689	0
5690	0
5691	0
5692	0
5693	0
5694	1
5695	0
5696	0
5697	1
5698	1
5699	0
5700	0
5701	0
5702	0
5703	0
5704	1
5705	1
5706	0
5707	1
5708	1
5709	0
5710	0
5711	2
5712	0
5713	0
5714	0
5715	2
5716	1
5717	0
5718	1
5719	0
5720	0
5721	0
5722	0
5723	0
5724	0
5725	0
5726	0
5727	0
5728	1
5729	2
5730	1
5731	0
5732	1
5733	1
5734	1
5735	0
5736	0
5737	0
5738	0
5739	0
5740	0
5741	3
5742	0
5743	3
5744	1
5745	1
5746	0
5747	0
5748	0
5749	1
5750	0
5751	1
5752	0
5753	0
5754	0
5755	2
5756	0
5757	1
5758	0
5759	0
5760	1
5761	0
5762	2
5763	0
5764	1
5765	3
5766	0
5767	0
5768	0
5769	1
5770	0
5771	2
5772	0
5773	0
5774	2
5775	0
5776	1
5777	1
5778	0
5779	0
5780	1
5781	0
5782	0
5783	1
5784	1
5785	2
5786	1
5787	1
5788	0
5789	1
5790	0
5791	1
5792	0
5793	1
5794	0
5795	1
5796	0
5797	0
5798	0
5799	0
5800	1
5801	1
5802	0
5803	0
5804	0
5805	0
5806	0
5807	0
5808	0
5809	1
5810	0
5811	1
5812	0
5813	1
5814	0
5815	0
5816	0
5817	0
5818	1
5819	1
5820	1
5821	0
5822	1
5823	0
5824	0
5825	0
5826	1
5827	1
5828	0
5829	0
5830	1
5831	1
5832	0
5833	1
5834	0
5835	0
5836	1
5837	0
5838	0
5839	0
5840	0
5841	0
5842	0
5843	0
5844	0
5845	3
5846	0
5847	2
5848	0
5849	0
5850	0
5851	1
5852	0
5853	0
5854	0
5855	0
5856	1
5857	0
5858	0
5859	0
5860	0
5861	1
5862	1
5863	0
5864	1
5865	0
5866	0
5867	0
5868	0
5869	0
5870	0
5871	0
5872	0
5873	0
5874	0
5875	0
5876	0
5877	0
5878	1
5879	0
5880	0
5881	0
5882	0
5883	1
5884	0
5885	2
5886	0
5887	0
5888	0
5889	1
5890	0
5891	0
5892	1
5893	0
5894	0
5895	0
5896	1
5897	0
5898	0
5899	2
5900	0
5901	4
5902	0
5903	0
5904	1
5905	1
5906	2
5907	0
5908	2
5909	0
5910	0
5911	0
5912	0
5913	0
5914	0
5915	1
5916	0
5917	0
5918	0
5919	0
5920	0
5921	0
5922	2
5923	1
5924	0
5925	2
5926	0
5927	0
5928	0
5929	1
5930	0
5931	0
5932	1
5933	1
5934	0
5935	0
5936	0
5937	0
5938	0
5939	0
5940	0
5941	2
5942	0
5943	0
5944	2
5945	0
5946	0
5947	1
5948	0
5949	0
5950	0
5951	0
5952	1
5953	1
5954	0
5955	0
5956	0
5957	0
5958	1
5959	1
5960	0
5961	0
5962	0
5963	0
5964	1
5965	0
5966	2
5967	1
5968	1
5969	0
5970	0
5971	0
5972	0
5973	2
5974	1
5975	0
5976	1
5977	1
5978	0
5979	0
5980	0
5981	0
5982	0
5983	0
5984	0
5985	0
5986	1
5987	1
5988	0
5989	0
5990	1
5991	0
5992	1
5993	0
5994	1
5995	1
5996	2
5997	0
5998	0
5999	1
6000	0
6001	0
6002	2
6003	0
6004	0
6005	0
6006	0
6007	1
6008	0
6009	0
6010	1
6011	0
6012	0
6013	0
6014	1
6015	1
6016	1
6017	0
6018	0
6019	0
6020	1
6021	0
6022	0
6023	0
6024	0
6025	0
6026	0
6027	1
6028	1
6029	1
6030	0
6031	0
6032	2
6033	0
6034	0
6035	0
6036	0
6037	1
6038	1
6039	0
6040	0
6041	0
6042	1
6043	1
6044	2
6045	0
6046	1
6047	0
6048	0
6049	0
6050	1
6051	0
6052	1
6053	1
6054	1
6055	0
6056	0
6057	0
6058	0
6059	0
6060	2
6061	1
6062	0
6063	1
6064	0
6065	0
6066	0
6067	0
6068	2
6069	1
6070	0
6071	1
6072	0
6073	1
6074	0
6075	0
6076	2
6077	0
6078	0
6079	1
6080	0
6081	0
6082	0
6083	0
6084	1
6085	1
6086	1
6087	3
6088	1
6089	0
6090	2
6091	0
6092	1
6093	0
6094	0
6095	0
6096	1
6097	0
6098	1
6099	1
6100	1
6101	0
6102	0
6103	1
6104	0
6105	1
6106	0
6107	1
6108	0
6109	1
6110	0
6111	1
6112	1
6113	1
6114	0
6115	2
6116	0
6117	1
6118	1
6119	1
6120	1
6121	0
6122	1
6123	1
6124	0
6125	0
6126	2
6127	0
6128	2
6129	0
6130	1
6131	0
6132	0
6133	0
6134	0
6135	0
6136	0
6137	0
6138	1
6139	1
6140	0
6141	1
6142	0
6143	0
6144	0
6145	0
6146	0
6147	0
6148	0
6149	0
6150	0
6151	1
6152	0
6153	1
6154	0
6155	0
6156	1
6157	0
6158	0
6159	1
6160	2
6161	0
6162	2
6163	1
6164	0
6165	1
6166	0
6167	0
6168	0
6169	0
6170	0
6171	0
6172	0
6173	0
6174	1
6175	1
6176	1
6177	0
6178	2
6179	1
6180	1
6181	0
6182	0
6183	2
6184	1
6185	1
6186	0
6187	0
6188	0
6189	1
6190	1
6191	2
6192	0
6193	0
6194	2
6195	0
6196	1
6197	0
6198	2
6199	1
6200	1
6201	0
6202	1
6203	2
6204	0
6205	0
6206	0
6207	1
6208	1
6209	0
6210	0
6211	0
6212	0
6213	1
6214	0
6215	0
6216	0
6217	0
6218	0
6219	0
6220	1
6221	0
6222	0
6223	0
6224	0
6225	1
6226	1
6227	1
6228	0
6229	0
6230	0
6231	0
6232	1
6233	1
6234	0
6235	0
6236	0
6237	0
6238	1
6239	3
6240	1
6241	0
6242	0
6243	0
6244	0
6245	0
6246	0
6247	0
6248	1
6249	3
6250	2
6251	0
6252	0
6253	1
6254	0
6255	2
6256	0
6257	1
6258	1
6259	0
6260	1
6261	1
6262	0
6263	1
6264	1
6265	0
6266	0
6267	0
6268	0
6269	2
6270	2
6271	0
6272	0
6273	0
6274	2
6275	0
6276	0
6277	0
6278	1
6279	2
6280	0
6281	1
6282	1
6283	0
6284	1
6285	1
6286	0
6287	1
6288	0
6289	0
6290	1
6291	0
6292	0
6293	0
6294	0
6295	0
6296	0
6297	0
6298	0
6299	1
6300	0
6301	1
6302	2
6303	1
6304	1
6305	1
6306	2
6307	1
6308	1
6309	1
6310	0
6311	0
6312	1
6313	1
6314	0
6315	0
6316	1
6317	0
6318	0
6319	0
6320	1
6321	1
6322	0
6323	2
6324	0
6325	1
6326	1
6327	1
6328	0
6329	0
6330	0
6331	0
6332	1
6333	1
6334	1
6335	0
6336	1
6337	1
6338	0
6339	0
6340	0
6341	1
6342	1
6343	0
6344	0
6345	0
6346	0
6347	0
6348	0
6349	0
6350	0
6351	1
6352	0
6353	0
6354	0
6355	1
6356	0
6357	0
6358	0
6359	1
6360	0
6361	1
6362	2
6363	1
6364	2
6365	0
6366	0
6367	1
6368	2
6369	0
6370	0
6371	1
6372	0
6373	0
6374	2
6375	1
6376	0
6377	2
6378	0
6379	2
6380	1
6381	1
6382	0
6383	1
6384	0
6385	0
6386	2
6387	0
6388	0
6389	1
6390	0
6391	0
6392	1
6393	1
6394	0
6395	0
6396	0
6397	1
6398	0
6399	1
6400	1
6401	0
6402	0
6403	1
6404	0
6405	0
6406	1
6407	0
6408	0
6409	2
6410	1
6411	0
6412	0
6413	2
6414	0
6415	0
6416	1
6417	0
6418	1
6419	1
6420	0
6421	0
6422	0
6423	0
6424	1
6425	1
6426	0
6427	0
6428	0
6429	0
6430	1
6431	0
6432	1
6433	2
6434	1
6435	1
6436	0
6437	0
6438	1
6439	0
6440	0
6441	0
6442	0
6443	0
6444	1
6445	1
6446	2
6447	1
6448	0
6449	1
6450	0
6451	1
6452	1
6453	1
6454	0
6455	1
6456	0
6457	0
6458	2
6459	1
6460	0
6461	1
6462	2
6463	0
6464	0
6465	0
6466	0
6467	0
6468	1
6469	0
6470	3
6471	1
6472	1
6473	0
6474	0
6475	0
6476	0
6477	0
6478	2
6479	1
6480	2
6481	0
6482	0
6483	0
6484	0
6485	0
6486	1
6487	1
6488	1
6489	0
6490	0
6491	0
6492	1
6493	1
6494	2
6495	0
6496	0
6497	0
6498	0
6499	1
6500	0
6501	0
6502	1
6503	0
6504	0
6505	0
6506	0
6507	2
6508	0
6509	0
6510	1
6511	1
6512	0
6513	1
6514	1
6515	0
6516	1
6517	0
6518	1
6519	0
6520	0
6521	0
6522	0
6523	0
6524	0
6525	0
6526	1
6527	0
6528	0
6529	0
6530	2
6531	1
6532	0
6533	0
6534	0
6535	0
6536	2
6537	0
6538	0
6539	2
6540	0
6541	0
6542	0
6543	1
6544	2
6545	0
6546	1
6547	0
6548	3
6549	1
6550	0
6551	0
6552	2
6553	0
6554	1
6555	0
6556	1
6557	0
6558	0
6559	1
6560	0
6561	0
6562	0
6563	0
6564	0
6565	0
6566	1
6567	0
6568	0
6569	1
6570	0
6571	1
6572	0
6573	0
6574	1
6575	0
6576	1
6577	1
6578	0
6579	1
6580	0
6581	0
6582	0
6583	0
6584	0
6585	0
6586	0
6587	1
6588	0
6589	0
6590	0
6591	0
6592	1
6593	0
6594	0
6595	1
6596	1
6597	0
6598	1
6599	2
6600	1
6601	0
6602	1
6603	0
6604	1
6605	0
6606	1
6607	2
6608	0
6609	0
6610	1
6611	1
6612	0
6613	1
6614	1
6615	0
6616	1
6617	0
6618	0
6619	0
6620	1
6621	0
6622	0
6623	1
6624	0
6625	0
6626	0
6627	1
6628	0
6629	1
6630	2
6631	0
6632	2
6633	1
6634	0
6635	0
6636	1
6637	1
6638	0
6639	0
6640	2
6641	0
6642	1
6643	0
6644	1
6645	1
6646	0
6647	1
6648	0
6649	0
6650	0
6651	0
6652	0
6653	0
6654	0
6655	2
6656	1
6657	2
6658	0
6659	0
6660	0
6661	0
6662	0
6663	0
6664	0
6665	1
6666	0
6667	1
6668	1
6669	0
6670	1
6671	0
6672	2
6673	0
6674	0
6675	1
6676	0
6677	0
6678	1
6679	0
6680	1
6681	1
6682	1
6683	2
6684	1
6685	0
6686	3
6687	2
6688	1
6689	1
6690	1
6691	0
6692	1
6693	2
6694	1
6695	0
6696	0
6697	0
6698	1
6699	0
6700	1
6701	0
6702	0
6703	2
6704	0
6705	0
6706	0
6707	1
6708	0
6709	0
6710	0
6711	0
6712	1
6713	0
6714	0
6715	0
6716	0
6717	1
6718	0
6719	0
6720	3
6721	2
6722	2
6723	0
6724	0
6725	2
6726	0
6727	1
6728	0
6729	0
6730	0
6731	0
6732	1
6733	0
6734	1
6735	0
6736	1
6737	0
6738	0
6739	0
6740	0
6741	4
6742	0
6743	0
6744	0
6745	0
6746	0
6747	0
6748	1
6749	1
6750	0
6751	0
6752	0
6753	0
6754	0
6755	0
6756	0
6757	0
6758	2
6759	0
6760	1
6761	0
6762	2
6763	0
6764	0
6765	1
6766	1
6767	0
6768	0
6769	1
6770	2
6771	0
6772	3
6773	0
6774	1
6775	0
6776	0
6777	1
6778	2
6779	0
6780	0
6781	0
6782	0
6783	0
6784	0
6785	0
6786	1
6787	0
6788	0
6789	0
6790	0
6791	1
6792	1
6793	1
6794	0
6795	0
6796	0
6797	0
6798	1
6799	0
6800	2
6801	0
6802	1
6803	1
6804	0
6805	1
6806	1
6807	0
6808	2
6809	2
6810	1
6811	1
6812	0
6813	0
6814	1
6815	2
6816	3
6817	0
6818	1
6819	1
6820	0
6821	0
6822	0
6823	0
6824	0
6825	0
6826	0
6827	0
6828	0
6829	2
6830	0
6831	1
6832	0
6833	0
6834	0
6835	0
6836	0
6837	0
6838	1
6839	2
6840	3
6841	0
6842	0
6843	0
6844	0
6845	0
6846	0
6847	1
6848	0
6849	1
6850	0
6851	0
6852	0
6853	1
6854	1
6855	0
6856	0
6857	0
6858	1
6859	1
6860	0
6861	1
6862	3
6863	2
6864	2
6865	0
6866	0
6867	1
6868	1
6869	1
6870	1
6871	1
6872	1
6873	0
6874	0
6875	2
6876	0
6877	2
6878	0
6879	0
6880	1
6881	0
6882	0
6883	1
6884	0
6885	0
6886	1
6887	2
6888	0
6889	0
6890	0
6891	0
6892	0
6893	1
6894	0
6895	0
6896	0
6897	1
6898	0
6899	1
6900	0
6901	0
6902	0
6903	0
6904	1
6905	1
6906	0
6907	1
6908	0
6909	0
6910	1
6911	2
6912	0
6913	0
6914	0
6915	1
6916	1
6917	4
6918	0
6919	0
6920	1
6921	2
6922	0
6923	0
6924	0
6925	1
6926	0
6927	0
6928	0
6929	0
6930	1
6931	0
6932	0
6933	1
6934	0
6935	1
6936	0
6937	0
6938	0
6939	1
6940	1
6941	1
6942	0
6943	0
6944	0
6945	0
6946	0
6947	1
6948	2
6949	0
6950	0
6951	0
6952	0
6953	2
6954	0
6955	0
6956	0
6957	1
6958	0
6959	0
6960	1
6961	0
6962	1
6963	1
6964	0
6965	1
6966	1
6967	0
6968	0
6969	0
6970	0
6971	0
6972	0
6973	0
6974	1
6975	0
6976	2
6977	1
6978	0
6979	0
6980	1
6981	0
6982	1
6983	0
6984	0
6985	1
6986	0
6987	0
6988	0
6989	1
6990	1
6991	1
6992	0
6993	0
6994	0
6995	1
6996	2
6997	0
6998	0
6999	0
7000	0
7001	1
7002	0
7003	0
7004	0
7005	0
7006	0
7007	0
7008	0
7009	2
7010	1
7011	0
7012	0
7013	0
7014	1
7015	1
7016	0
7017	2
7018	0
7019	2
7020	1
7021	2
7022	0
7023	1
7024	1
7025	0
7026	0
7027	0
7028	1
7029	2
7030	0
7031	1
7032	0
7033	1
7034	0
7035	1
7036	0
7037	0
7038	2
7039	0
7040	0
7041	0
7042	0
7043	0
7044	1
7045	1
7046	0
7047	0
7048	0
7049	0
7050	1
7051	0
7052	0
7053	0
7054	0
7055	1
7056	0
7057	0
7058	0
7059	1
7060	0
7061	0
7062	0
7063	0
7064	0
7065	1
7066	0
7067	0
7068	1
7069	1
7070	0
7071	1
7072	2
7073	0
7074	0
7075	0
7076	0
7077	2
7078	0
7079	0
7080	0
7081	1
7082	0
7083	2
7084	0
7085	0
7086	2
7087	1
7088	0
7089	0
7090	0
7091	0
7092	1
7093	0
7094	2
7095	0
7096	1
7097	0
7098	0
7099	0
7100	1
7101	0
7102	1
7103	2
7104	0
7105	2
7106	2
7107	2
7108	1
7109	0
7110	1
7111	0
7112	0
7113	0
7114	1
7115	0
7116	0
7117	2
7118	0
7119	0
7120	1
7121	2
7122	1
7123	1
7124	0
7125	0
7126	1
7127	0
7128	1
7129	0
7130	0
7131	2
7132	0
7133	1
7134	0
7135	1
7136	1
7137	1
7138	1
7139	0
7140	1
7141	1
7142	0
7143	0
7144	1
7145	0
7146	1
7147	0
7148	0
7149	0
7150	1
7151	0
7152	0
7153	0
7154	0
7155	0
7156	2
7157	0
7158	2
7159	0
7160	0
7161	1
7162	0
7163	0
7164	0
7165	0
7166	1
7167	0
7168	0
7169	2
7170	0
7171	0
7172	1
7173	0
7174	1
7175	0
7176	0
7177	1
7178	0
7179	2
7180	0
7181	1
7182	0
7183	0
7184	0
7185	1
7186	0
7187	1
7188	1
7189	0
7190	1
7191	0
7192	1
7193	0
7194	0
7195	0
7196	0
7197	1
7198	1
7199	0
7200	0
7201	0
7202	0
7203	0
7204	1
7205	0
7206	0
7207	1
7208	0
7209	1
7210	0
7211	0
7212	0
7213	0
7214	0
7215	1
7216	2
7217	2
7218	1
7219	0
7220	1
7221	0
7222	2
7223	0
7224	0
7225	1
7226	0
7227	0
7228	0
7229	0
7230	0
7231	0
7232	1
7233	0
7234	0
7235	0
7236	0
7237	0
7238	0
7239	0
7240	0
7241	1
7242	0
7243	1
7244	1
7245	0
7246	0
7247	0
7248	2
7249	1
7250	1
7251	1
7252	2
7253	1
7254	0
7255	0
7256	1
7257	0
7258	0
7259	0
7260	0
7261	2
7262	0
7263	1
7264	1
7265	2
7266	0
7267	1
7268	0
7269	0
7270	0
7271	0
7272	0
7273	1
7274	0
7275	0
7276	0
7277	0
7278	0
7279	0
7280	0
7281	1
7282	0
7283	0
7284	0
7285	0
7286	0
7287	0
7288	0
7289	0
7290	0
7291	2
7292	0
7293	0
7294	1
7295	0
7296	0
7297	1
7298	1
7299	0
7300	0
7301	0
7302	0
7303	0
7304	1
7305	0
7306	1
7307	1
7308	0
7309	1
7310	1
7311	2
7312	0
7313	1
7314	1
7315	0
7316	1
7317	1
7318	0
7319	0
7320	0
7321	1
7322	1
7323	0
7324	1
7325	1
7326	0
7327	2
7328	1
7329	0
7330	0
7331	2
7332	0
7333	0
7334	0
7335	1
7336	2
7337	1
7338	0
7339	2
7340	0
7341	1
7342	1
7343	0
7344	0
7345	2
7346	0
7347	2
7348	1
7349	0
7350	0
7351	1
7352	0
7353	0
7354	0
7355	0
7356	1
7357	0
7358	1
7359	0
7360	3
7361	1
7362	1
7363	1
7364	1
7365	0
7366	3
7367	0
7368	0
7369	0
7370	1
7371	2
7372	1
7373	0
7374	0
7375	2
7376	1
7377	0
7378	0
7379	1
7380	0
7381	1
7382	2
7383	0
7384	0
7385	0
7386	1
7387	1
7388	1
7389	0
7390	0
7391	0
7392	0
7393	0
7394	0
7395	2
7396	0
7397	0
7398	1
7399	0
7400	0
7401	1
7402	2
7403	0
7404	0
7405	0
7406	2
7407	0
7408	0
7409	1
7410	0
7411	0
7412	0
7413	3
7414	1
7415	1
7416	0
7417	0
7418	0
7419	0
7420	0
7421	1
7422	2
7423	0
7424	0
7425	0
7426	0
7427	2
7428	0
7429	1
7430	0
7431	0
7432	1
7433	0
7434	0
7435	1
7436	1
7437	1
7438	0
7439	0
7440	1
7441	0
7442	1
7443	0
7444	0
7445	2
7446	0
7447	0
7448	0
7449	0
7450	0
7451	0
7452	1
7453	0
7454	1
7455	2
7456	0
7457	0
7458	1
7459	2
7460	2
7461	0
7462	0
7463	0
7464	1
7465	0
7466	0
7467	1
7468	1
7469	0
7470	1
7471	0
7472	1
7473	0
7474	1
7475	0
7476	1
7477	0
7478	1
7479	1
7480	1
7481	1
7482	0
7483	2
7484	0
7485	1
7486	0
7487	1
7488	1
7489	0
7490	0
7491	0
7492	1
7493	0
7494	0
7495	0
7496	0
7497	1
7498	0
7499	0
7500	0
7501	0
7502	0
7503	1
7504	0
7505	2
7506	0
7507	1
7508	0
7509	1
7510	0
7511	1
7512	0
7513	0
7514	0
7515	0
7516	0
7517	1
7518	4
7519	1
7520	3
7521	1
7522	2
7523	1
7524	2
7525	0
7526	1
7527	1
7528	2
7529	0
7530	0
7531	0
7532	0
7533	1
7534	0
7535	0
7536	0
7537	0
7538	1
7539	0
7540	0
7541	0
7542	0
7543	0
7544	1
7545	1
7546	0
7547	0
7548	0
7549	0
7550	1
7551	3
7552	0
7553	0
7554	0
7555	1
7556	0
7557	0
7558	0
7559	0
7560	0
7561	0
7562	0
7563	0
7564	0
7565	0
7566	2
7567	0
7568	0
7569	1
7570	1
7571	0
7572	1
7573	1
7574	1
7575	0
7576	0
7577	0
7578	0
7579	0
7580	0
7581	1
7582	0
7583	1
7584	0
7585	0
7586	1
7587	0
7588	0
7589	0
7590	0
7591	0
7592	2
7593	0
7594	0
7595	0
7596	0
7597	0
7598	0
7599	1
7600	1
7601	0
7602	0
7603	1
7604	0
7605	0
7606	2
7607	1
7608	2
7609	0
7610	0
7611	2
7612	0
7613	1
7614	0
7615	1
7616	0
7617	0
7618	0
7619	1
7620	0
7621	1
7622	0
7623	2
7624	0
7625	0
7626	1
7627	1
7628	0
7629	1
7630	1
7631	1
7632	0
7633	1
7634	0
7635	0
7636	0
7637	0
7638	0
7639	0
7640	1
7641	0
7642	0
7643	0
7644	1
7645	2
7646	0
7647	2
7648	0
7649	0
7650	0
7651	1
7652	1
7653	0
7654	0
7655	1
7656	0
7657	0
7658	0
7659	0
7660	0
7661	0
7662	2
7663	0
7664	0
7665	0
7666	0
7667	0
7668	0
7669	0
7670	0
7671	1
7672	0
7673	0
7674	1
7675	1
7676	0
7677	0
7678	2
7679	0
7680	1
7681	0
7682	2
7683	0
7684	0
7685	0
7686	1
7687	0
7688	1
7689	0
7690	0
7691	0
7692	0
7693	1
7694	1
7695	1
7696	0
7697	0
7698	1
7699	0
7700	1
7701	0
7702	0
7703	0
7704	0
7705	1
7706	0
7707	0
7708	1
7709	1
7710	0
7711	0
7712	1
7713	0
7714	0
7715	0
7716	1
7717	0
7718	0
7719	0
7720	0
7721	0
7722	0
7723	0
7724	1
7725	1
7726	0
7727	1
7728	1
7729	0
7730	0
7731	0
7732	0
7733	0
7734	0
7735	0
7736	1
7737	0
7738	0
7739	1
7740	0
7741	0
7742	0
7743	1
7744	1
7745	0
7746	1
7747	0
7748	1
7749	0
7750	1
7751	1
7752	1
7753	1
7754	0
7755	0
7756	0
7757	0
7758	1
7759	1
7760	1
7761	1
7762	0
7763	1
7764	2
7765	1
7766	1
7767	0
7768	0
7769	0
7770	0
7771	0
7772	0
7773	2
7774	1
7775	1
7776	0
7777	0
7778	1
7779	1
7780	0
7781	1
7782	1
7783	1
7784	0
7785	0
7786	0
7787	0
7788	0
7789	0
7790	0
7791	0
7792	1
7793	0
7794	0
7795	1
7796	0
7797	1
7798	0
7799	0
7800	0
7801	0
7802	0
7803	0
7804	0
7805	0
7806	0
7807	0
7808	1
7809	1
7810	3
7811	0
7812	2
7813	0
7814	0
7815	0
7816	0
7817	0
7818	2
7819	0
7820	1
7821	0
7822	0
7823	2
7824	0
7825	0
7826	0
7827	0
7828	0
7829	0
7830	0
7831	0
7832	1
7833	0
7834	0
7835	0
7836	0
7837	0
7838	0
7839	0
7840	1
7841	0
7842	1
7843	1
7844	1
7845	0
7846	0
7847	0
7848	0
7849	0
7850	3
7851	1
7852	0
7853	1
7854	1
7855	1
7856	0
7857	1
7858	0
7859	0
7860	2
7861	0
7862	0
7863	1
7864	1
7865	1
7866	1
7867	1
7868	0
7869	0
7870	0
7871	0
7872	0
7873	2
7874	0
7875	0
7876	0
7877	0
7878	0
7879	0
7880	1
7881	0
7882	0
7883	1
7884	1
7885	0
7886	0
7887	0
7888	0
7889	0
7890	0
7891	0
7892	0
7893	1
7894	1
7895	0
7896	1
7897	0
7898	1
7899	0
7900	1
7901	0
7902	0
7903	1
7904	2
7905	1
7906	0
7907	2
7908	0
7909	0
7910	0
7911	0
7912	0
7913	0
7914	2
7915	1
7916	1
7917	1
7918	0
7919	0
7920	0
7921	0
7922	0
7923	1
7924	0
7925	0
7926	1
7927	0
7928	0
7929	0
7930	3
7931	0
7932	1
7933	3
7934	0
7935	0
7936	0
7937	1
7938	0
7939	0
7940	0
7941	0
7942	0
7943	0
7944	1
7945	0
7946	0
7947	0
7948	0
7949	0
7950	0
7951	0
7952	0
7953	2
7954	0
7955	1
7956	0
7957	0
7958	0
7959	1
7960	0
7961	0
7962	0
7963	0
7964	0
7965	0
7966	1
7967	0
7968	0
7969	1
7970	0
7971	1
7972	0
7973	0
7974	0
7975	0
7976	1
7977	1
7978	0
7979	0
7980	2
7981	1
7982	0
7983	0
7984	0
7985	1
7986	0
7987	1
7988	0
7989	1
7990	1
7991	0
7992	1
7993	0
7994	0
7995	0
7996	0
7997	0
7998	0
7999	0
8000	1
8001	0
8002	0
8003	1
8004	1
8005	1
8006	0
8007	0
8008	0
8009	0
8010	0
8011	0
8012	0
8013	0
8014	0
8015	0
8016	2
8017	2
8018	0
8019	1
8020	0
8021	1
8022	1
8023	1
8024	0
8025	0
8026	1
8027	0
8028	1
8029	0
8030	1
8031	1
8032	0
8033	1
8034	0
8035	0
8036	1
8037	0
8038	0
8039	0
8040	0
8041	1
8042	0
8043	1
8044	0
8045	0
8046	0
8047	0
8048	0
8049	1
8050	0
8051	0
8052	0
8053	0
8054	1
8055	1
8056	1
8057	0
8058	0
8059	0
8060	1
8061	1
8062	2
8063	1
8064	0
8065	1
8066	1
8067	0
8068	0
8069	1
8070	0
8071	0
8072	0
8073	2
8074	0
8075	1
8076	1
8077	0
8078	1
8079	0
8080	0
8081	1
8082	0
8083	0
8084	1
8085	1
8086	2
8087	2
8088	0
8089	1
8090	0
8091	1
8092	0
8093	0
8094	2
8095	1
8096	0
8097	0
8098	0
8099	0
8100	0
8101	1
8102	2
8103	1
8104	0
8105	0
8106	0
8107	0
8108	1
8109	0
8110	0
8111	0
8112	0
8113	0
8114	1
8115	0
8116	1
8117	1
8118	0
8119	0
8120	0
8121	0
8122	0
8123	0
8124	0
8125	2
8126	0
8127	1
8128	0
8129	0
8130	0
8131	0
8132	2
8133	0
8134	1
8135	0
8136	0
8137	0
8138	0
8139	0
8140	0
8141	0
8142	0
8143	0
8144	1
8145	0
8146	0
8147	0
8148	0
8149	0
8150	0
8151	0
8152	0
8153	0
8154	0
8155	0
8156	0
8157	0
8158	0
8159	0
8160	0
8161	0
8162	0
8163	0
8164	0
8165	0
8166	0
8167	0
8168	0
8169	0
8170	0
8171	0
8172	0
8173	0
8174	0
8175	0
8176	0
8177	0
8178	0
8179	0
8180	0
8181	0
8182	0
8183	0
8184	0
8185	0
8186	0
8187	0
8188	0
8189	0
8190	0
8191	0
