0	0
1	0
2	0
3	0
4	0
5	0
6	0
7	0
8	0
9	0
10	0
11	0
12	0
13	0
14	0
15	0
16	0
17	0
18	0
19	0
20	0
21	0
22	0
23	0
24	0
25	0
26	0
27	0
28	0
29	0
30	0
31	0
32	0
33	0
34	0
35	0
36	0
37	0
38	0
39	0
40	0
41	0
42	0
43	0
44	0
45	1
46	0
47	0
48	0
49	0
50	0
51	0
52	0
53	0
54	0
55	0
56	0
57	0
58	0
59	0
60	0
61	0
62	0
63	0
64	0
65	0
66	0
67	0
68	0
69	0
70	0
71	0
72	0
73	0
74	0
75	0
76	0
77	0
78	0
79	0
80	0
81	0
82	0
83	0
84	0
85	0
86	0
87	0
88	0
89	0
90	0
91	0
92	0
93	0
94	0
95	0
96	0
97	0
98	0
99	0
100	0
101	0
102	0
103	0
104	0
105	0
106	0
107	0
108	0
109	0
110	0
111	0
112	0
113	0
114	0
115	0
116	0
117	0
118	0
119	0
120	0
121	0
122	0
123	0
124	0
125	0
126	0
127	0
128	0
129	0
130	0
131	0
132	0
133	0
134	0
135	0
136	0
137	0
138	0
139	0
140	0
141	0
142	0
143	0
144	0
145	0
146	0
147	0
148	0
149	0
150	0
151	0
152	0
153	0
154	0
155	0
156	0
157	0
158	0
159	0
160	0
161	0
162	0
163	0
164	0
165	0
166	0
167	0
168	0
169	0
170	0
171	0
172	0
173	0
174	0
175	0
176	0
177	0
178	0
179	0
180	0
181	0
182	0
183	0
184	0
185	0
186	0
187	0
188	0
189	0
190	0
191	0
192	0
193	0
194	0
195	0
196	0
197	0
198	0
199	0
200	0
201	0
202	0
203	0
204	0
205	0
206	0
207	0
208	0
209	0
210	0
211	0
212	0
213	0
214	0
215	0
216	0
217	0
218	0
219	0
220	0
221	0
222	0
223	0
224	0
225	0
226	0
227	0
228	0
229	0
230	0
231	0
232	0
233	0
234	0
235	0
236	0
237	0
238	0
239	0
240	0
241	0
242	0
243	0
244	0
245	0
246	0
247	0
248	0
249	0
250	0
251	0
252	0
253	0
254	0
255	0
256	1
257	0
258	0
259	0
260	0
261	0
262	0
263	0
264	0
265	0
266	0
267	0
268	0
269	0
270	0
271	0
272	0
273	0
274	0
275	0
276	0
277	0
278	0
279	0
280	0
281	0
282	0
283	0
284	0
285	0
286	0
287	0
288	0
289	0
290	0
291	0
292	0
293	0
294	0
295	0
296	0
297	0
298	0
299	0
300	0
301	0
302	0
303	0
304	0
305	0
306	0
307	0
308	0
309	0
310	0
311	0
312	0
313	0
314	0
315	0
316	0
317	0
318	0
319	0
320	0
321	0
322	0
323	0
324	0
325	0
326	0
327	0
328	0
329	0
330	0
331	0
332	0
333	0
334	0
335	0
336	0
337	0
338	0
339	0
340	0
341	0
342	0
343	0
344	0
345	0
346	0
347	0
348	0
349	0
350	0
351	0
352	0
353	0
354	0
355	0
356	0
357	0
358	0
359	0
360	0
361	0
362	0
363	0
364	0
365	0
366	0
367	0
368	0
369	0
370	0
371	0
372	0
373	0
374	0
375	0
376	0
377	0
378	0
379	0
380	0
381	0
382	0
383	0
384	0
385	0
386	0
387	0
388	0
389	0
390	0
391	0
392	0
393	0
394	0
395	0
396	0
397	0
398	0
399	0
400	0
401	0
402	0
403	0
404	0
405	0
406	0
407	0
408	0
409	0
410	0
411	0
412	0
413	0
414	0
415	0
416	0
417	0
418	0
419	0
420	0
421	0
422	0
423	0
424	0
425	0
426	0
427	0
428	0
429	0
430	0
431	0
432	0
433	0
434	0
435	0
436	0
437	0
438	0
439	0
440	0
441	0
442	0
443	0
444	0
445	0
446	0
447	0
448	0
449	0
450	0
451	0
452	0
453	0
454	0
455	0
456	0
457	0
458	0
459	0
460	0
461	0
462	0
463	0
464	0
465	0
466	0
467	0
468	0
469	0
470	0
471	0
472	0
473	0
474	0
475	0
476	0
477	0
478	0
479	0
480	0
481	0
482	0
483	0
484	0
485	0
486	0
487	0
488	0
489	0
490	0
491	0
492	0
493	0
494	0
495	0
496	0
497	0
498	0
499	0
500	0
501	0
502	0
503	0
504	0
505	0
506	0
507	0
508	0
509	0
510	0
511	0
512	0
513	0
514	0
515	0
516	0
517	0
518	0
519	0
520	0
521	0
522	0
523	0
524	0
525	0
526	0
527	0
528	0
529	0
530	0
531	0
532	0
533	0
534	0
535	0
536	0
537	0
538	0
539	0
540	0
541	0
542	0
543	0
544	0
545	0
546	0
547	0
548	0
549	0
550	0
551	0
552	0
553	0
554	0
555	0
556	0
557	0
558	0
559	0
560	0
561	0
562	0
563	0
564	0
565	0
566	0
567	0
568	0
569	0
570	0
571	0
572	0
573	0
574	0
575	0
576	0
577	0
578	0
579	0
580	0
581	0
582	0
583	0
584	0
585	0
586	0
587	0
588	0
589	0
590	0
591	0
592	0
593	0
594	0
595	0
596	0
597	0
598	0
599	0
600	0
601	0
602	0
603	0
604	0
605	0
606	0
607	0
608	0
609	0
610	1
611	0
612	1
613	0
614	0
615	0
616	0
617	0
618	0
619	0
620	4
621	2
622	3
623	3
624	2
625	3
626	8
627	9
628	2
629	1
630	8
631	7
632	10
633	6
634	12
635	6
636	8
637	7
638	13
639	19
640	17
641	17
642	21
643	32
644	31
645	32
646	38
647	45
648	52
649	46
650	64
651	72
652	69
653	74
654	71
655	83
656	78
657	87
658	95
659	89
660	99
661	102
662	81
663	103
664	124
665	108
666	123
667	121
668	110
669	135
670	120
671	116
672	130
673	125
674	151
675	166
676	149
677	144
678	160
679	156
680	178
681	171
682	178
683	193
684	201
685	196
686	226
687	220
688	216
689	198
690	255
691	232
692	248
693	269
694	281
695	246
696	270
697	283
698	278
699	294
700	318
701	295
702	342
703	336
704	328
705	376
706	394
707	408
708	401
709	437
710	444
711	422
712	459
713	480
714	508
715	449
716	508
717	485
718	504
719	555
720	531
721	566
722	611
723	592
724	614
725	618
726	655
727	624
728	710
729	697
730	713
731	723
732	764
733	739
734	772
735	747
736	783
737	801
738	875
739	822
740	880
741	902
742	881
743	905
744	951
745	937
746	1001
747	1025
748	1058
749	1086
750	1093
751	1054
752	1150
753	1158
754	1150
755	1162
756	1194
757	1152
758	1243
759	1219
760	1256
761	1243
762	1309
763	1387
764	1373
765	1423
766	1439
767	1367
768	1481
769	1356
770	1537
771	1516
772	1582
773	1563
774	1469
775	1551
776	1545
777	1545
778	1600
779	1658
780	1579
781	1726
782	1648
783	1708
784	1835
785	1705
786	1781
787	1798
788	1779
789	1827
790	1784
791	1794
792	1799
793	1859
794	1822
795	1934
796	1876
797	1915
798	1877
799	1914
800	1888
801	1816
802	1881
803	1984
804	1983
805	1967
806	1970
807	1939
808	1956
809	1983
810	1961
811	2022
812	2045
813	1978
814	1997
815	1955
816	2016
817	1994
818	1911
819	1932
820	2039
821	2059
822	1977
823	2040
824	1993
825	1975
826	2039
827	1941
828	1976
829	1958
830	1988
831	1922
832	1942
833	1904
834	1878
835	1963
836	2027
837	1966
838	1988
839	1894
840	1889
841	1942
842	1875
843	1777
844	1804
845	1793
846	1791
847	1792
848	1801
849	1759
850	1815
851	1806
852	1757
853	1729
854	1656
855	1720
856	1616
857	1717
858	1671
859	1694
860	1647
861	1544
862	1605
863	1600
864	1595
865	1603
866	1483
867	1516
868	1507
869	1461
870	1450
871	1382
872	1467
873	1464
874	1501
875	1456
876	1378
877	1394
878	1331
879	1399
880	1371
881	1333
882	1328
883	1343
884	1226
885	1247
886	1254
887	1248
888	1233
889	1206
890	1124
891	1196
892	1118
893	1175
894	1095
895	1041
896	1039
897	1039
898	1030
899	1046
900	1034
901	1083
902	984
903	1001
904	984
905	989
906	977
907	976
908	944
909	932
910	924
911	928
912	859
913	929
914	878
915	864
916	830
917	846
918	860
919	788
920	839
921	806
922	781
923	738
924	738
925	757
926	730
927	754
928	700
929	713
930	680
931	689
932	666
933	674
934	688
935	645
936	660
937	639
938	603
939	616
940	612
941	642
942	605
943	596
944	576
945	591
946	547
947	567
948	575
949	531
950	532
951	472
952	511
953	507
954	485
955	540
956	488
957	472
958	504
959	504
960	463
961	447
962	502
963	430
964	424
965	430
966	460
967	442
968	394
969	419
970	436
971	437
972	361
973	398
974	346
975	393
976	377
977	385
978	356
979	398
980	382
981	342
982	336
983	361
984	351
985	330
986	356
987	314
988	354
989	361
990	330
991	316
992	322
993	319
994	289
995	282
996	301
997	288
998	289
999	284
1000	270
1001	288
1002	305
1003	260
1004	289
1005	299
1006	255
1007	242
1008	248
1009	277
1010	240
1011	255
1012	229
1013	256
1014	212
1015	236
1016	243
1017	231
1018	222
1019	227
1020	211
1021	209
1022	215
1023	208
1024	224
1025	182
1026	225
1027	204
1028	193
1029	199
1030	202
1031	169
1032	184
1033	217
1034	200
1035	206
1036	185
1037	164
1038	178
1039	196
1040	176
1041	179
1042	184
1043	177
1044	191
1045	175
1046	201
1047	171
1048	158
1049	180
1050	178
1051	171
1052	160
1053	140
1054	146
1055	176
1056	134
1057	167
1058	161
1059	135
1060	158
1061	139
1062	157
1063	149
1064	175
1065	154
1066	163
1067	123
1068	139
1069	152
1070	139
1071	136
1072	125
1073	141
1074	140
1075	132
1076	122
1077	138
1078	118
1079	120
1080	122
1081	123
1082	114
1083	137
1084	114
1085	110
1086	120
1087	94
1088	136
1089	109
1090	105
1091	108
1092	116
1093	122
1094	105
1095	107
1096	111
1097	112
1098	107
1099	109
1100	97
1101	106
1102	106
1103	113
1104	86
1105	99
1106	91
1107	79
1108	115
1109	96
1110	121
1111	111
1112	111
1113	100
1114	71
1115	103
1116	103
1117	96
1118	97
1119	82
1120	96
1121	95
1122	70
1123	86
1124	91
1125	84
1126	83
1127	76
1128	92
1129	83
1130	78
1131	89
1132	92
1133	78
1134	84
1135	83
1136	80
1137	84
1138	77
1139	56
1140	76
1141	84
1142	75
1143	77
1144	77
1145	74
1146	80
1147	76
1148	65
1149	61
1150	76
1151	72
1152	59
1153	73
1154	58
1155	84
1156	74
1157	74
1158	65
1159	57
1160	67
1161	54
1162	72
1163	51
1164	56
1165	51
1166	62
1167	54
1168	61
1169	62
1170	50
1171	59
1172	55
1173	54
1174	65
1175	71
1176	66
1177	61
1178	83
1179	72
1180	50
1181	56
1182	46
1183	46
1184	57
1185	71
1186	59
1187	58
1188	50
1189	52
1190	58
1191	59
1192	45
1193	52
1194	55
1195	44
1196	59
1197	35
1198	52
1199	52
1200	62
1201	55
1202	57
1203	41
1204	62
1205	52
1206	41
1207	57
1208	46
1209	47
1210	52
1211	43
1212	59
1213	39
1214	61
1215	46
1216	41
1217	50
1218	41
1219	45
1220	42
1221	48
1222	55
1223	40
1224	44
1225	57
1226	51
1227	44
1228	37
1229	42
1230	39
1231	43
1232	40
1233	37
1234	44
1235	42
1236	39
1237	31
1238	34
1239	34
1240	24
1241	35
1242	38
1243	57
1244	40
1245	42
1246	41
1247	29
1248	51
1249	38
1250	40
1251	33
1252	33
1253	40
1254	42
1255	41
1256	46
1257	33
1258	22
1259	29
1260	44
1261	40
1262	46
1263	37
1264	31
1265	32
1266	39
1267	43
1268	43
1269	28
1270	31
1271	37
1272	40
1273	38
1274	34
1275	41
1276	28
1277	37
1278	32
1279	30
1280	33
1281	34
1282	33
1283	35
1284	32
1285	23
1286	31
1287	34
1288	30
1289	32
1290	29
1291	25
1292	32
1293	33
1294	31
1295	30
1296	36
1297	29
1298	32
1299	37
1300	36
1301	24
1302	27
1303	24
1304	26
1305	25
1306	24
1307	31
1308	31
1309	23
1310	38
1311	24
1312	31
1313	38
1314	26
1315	19
1316	22
1317	24
1318	32
1319	21
1320	25
1321	23
1322	35
1323	19
1324	29
1325	27
1326	32
1327	17
1328	29
1329	31
1330	33
1331	29
1332	19
1333	31
1334	26
1335	22
1336	21
1337	28
1338	20
1339	26
1340	20
1341	29
1342	20
1343	21
1344	15
1345	25
1346	16
1347	22
1348	27
1349	19
1350	29
1351	15
1352	20
1353	18
1354	20
1355	19
1356	25
1357	23
1358	18
1359	17
1360	25
1361	21
1362	20
1363	24
1364	29
1365	29
1366	21
1367	18
1368	17
1369	21
1370	36
1371	16
1372	18
1373	19
1374	23
1375	18
1376	12
1377	19
1378	16
1379	15
1380	15
1381	15
1382	14
1383	19
1384	20
1385	18
1386	16
1387	15
1388	20
1389	27
1390	14
1391	24
1392	22
1393	8
1394	18
1395	25
1396	15
1397	15
1398	10
1399	13
1400	16
1401	14
1402	14
1403	17
1404	15
1405	10
1406	14
1407	16
1408	14
1409	17
1410	13
1411	9
1412	12
1413	19
1414	19
1415	17
1416	21
1417	20
1418	11
1419	17
1420	17
1421	20
1422	15
1423	17
1424	21
1425	17
1426	10
1427	13
1428	14
1429	16
1430	10
1431	13
1432	16
1433	21
1434	12
1435	14
1436	9
1437	19
1438	8
1439	14
1440	12
1441	20
1442	16
1443	13
1444	11
1445	21
1446	16
1447	17
1448	13
1449	7
1450	13
1451	6
1452	14
1453	20
1454	9
1455	11
1456	10
1457	10
1458	14
1459	18
1460	12
1461	10
1462	14
1463	15
1464	12
1465	11
1466	15
1467	9
1468	14
1469	11
1470	13
1471	7
1472	17
1473	10
1474	9
1475	9
1476	12
1477	13
1478	10
1479	6
1480	14
1481	5
1482	5
1483	11
1484	12
1485	6
1486	10
1487	12
1488	6
1489	14
1490	15
1491	10
1492	13
1493	8
1494	8
1495	7
1496	10
1497	10
1498	9
1499	12
1500	7
1501	9
1502	18
1503	12
1504	19
1505	7
1506	9
1507	14
1508	14
1509	9
1510	13
1511	10
1512	10
1513	11
1514	12
1515	8
1516	11
1517	17
1518	16
1519	8
1520	9
1521	11
1522	9
1523	8
1524	9
1525	10
1526	6
1527	8
1528	11
1529	8
1530	12
1531	9
1532	12
1533	8
1534	12
1535	8
1536	13
1537	9
1538	13
1539	11
1540	16
1541	10
1542	10
1543	11
1544	8
1545	6
1546	3
1547	11
1548	13
1549	10
1550	8
1551	6
1552	6
1553	6
1554	11
1555	9
1556	11
1557	6
1558	11
1559	8
1560	5
1561	8
1562	8
1563	5
1564	8
1565	9
1566	6
1567	11
1568	5
1569	11
1570	5
1571	5
1572	6
1573	4
1574	7
1575	7
1576	17
1577	9
1578	6
1579	11
1580	8
1581	7
1582	5
1583	7
1584	9
1585	10
1586	4
1587	8
1588	10
1589	4
1590	3
1591	11
1592	5
1593	13
1594	5
1595	6
1596	9
1597	9
1598	4
1599	8
1600	9
1601	5
1602	6
1603	6
1604	5
1605	6
1606	5
1607	15
1608	4
1609	8
1610	6
1611	7
1612	8
1613	7
1614	6
1615	7
1616	8
1617	6
1618	2
1619	5
1620	4
1621	3
1622	8
1623	7
1624	7
1625	6
1626	3
1627	8
1628	4
1629	4
1630	4
1631	8
1632	3
1633	5
1634	12
1635	7
1636	5
1637	9
1638	7
1639	9
1640	5
1641	9
1642	6
1643	6
1644	4
1645	7
1646	6
1647	4
1648	4
1649	4
1650	9
1651	4
1652	2
1653	3
1654	5
1655	6
1656	8
1657	3
1658	3
1659	5
1660	6
1661	7
1662	11
1663	3
1664	6
1665	6
1666	7
1667	7
1668	4
1669	9
1670	9
1671	2
1672	4
1673	6
1674	7
1675	10
1676	4
1677	5
1678	6
1679	7
1680	7
1681	9
1682	2
1683	6
1684	5
1685	7
1686	8
1687	7
1688	7
1689	10
1690	6
1691	6
1692	5
1693	7
1694	3
1695	7
1696	1
1697	2
1698	1
1699	4
1700	5
1701	3
1702	6
1703	2
1704	7
1705	3
1706	1
1707	8
1708	5
1709	1
1710	5
1711	1
1712	3
1713	4
1714	4
1715	5
1716	6
1717	5
1718	3
1719	0
1720	7
1721	4
1722	2
1723	4
1724	3
1725	6
1726	1
1727	8
1728	7
1729	9
1730	0
1731	4
1732	4
1733	3
1734	7
1735	4
1736	4
1737	3
1738	3
1739	5
1740	1
1741	1
1742	1
1743	6
1744	4
1745	1
1746	4
1747	5
1748	7
1749	5
1750	5
1751	3
1752	2
1753	6
1754	4
1755	7
1756	5
1757	6
1758	1
1759	5
1760	2
1761	6
1762	6
1763	4
1764	5
1765	2
1766	5
1767	2
1768	3
1769	3
1770	8
1771	7
1772	2
1773	4
1774	3
1775	4
1776	1
1777	5
1778	1
1779	5
1780	2
1781	2
1782	3
1783	6
1784	2
1785	1
1786	2
1787	4
1788	4
1789	5
1790	3
1791	4
1792	5
1793	3
1794	1
1795	6
1796	5
1797	1
1798	6
1799	2
1800	4
1801	6
1802	4
1803	4
1804	1
1805	4
1806	1
1807	6
1808	5
1809	3
1810	3
1811	2
1812	4
1813	1
1814	2
1815	1
1816	4
1817	3
1818	6
1819	4
1820	1
1821	4
1822	1
1823	4
1824	2
1825	1
1826	3
1827	4
1828	4
1829	2
1830	3
1831	4
1832	3
1833	3
1834	7
1835	5
1836	4
1837	5
1838	2
1839	3
1840	3
1841	1
1842	5
1843	1
1844	4
1845	2
1846	7
1847	4
1848	3
1849	4
1850	3
1851	3
1852	5
1853	2
1854	2
1855	7
1856	5
1857	2
1858	6
1859	2
1860	3
1861	3
1862	3
1863	3
1864	4
1865	2
1866	1
1867	3
1868	6
1869	2
1870	3
1871	4
1872	2
1873	6
1874	2
1875	3
1876	4
1877	1
1878	0
1879	7
1880	5
1881	3
1882	3
1883	3
1884	7
1885	2
1886	4
1887	1
1888	2
1889	4
1890	1
1891	1
1892	2
1893	3
1894	2
1895	4
1896	1
1897	2
1898	2
1899	1
1900	3
1901	3
1902	3
1903	1
1904	4
1905	5
1906	2
1907	5
1908	5
1909	5
1910	6
1911	3
1912	2
1913	1
1914	3
1915	1
1916	2
1917	5
1918	1
1919	3
1920	3
1921	3
1922	2
1923	4
1924	3
1925	2
1926	1
1927	1
1928	1
1929	2
1930	1
1931	1
1932	3
1933	3
1934	2
1935	3
1936	1
1937	4
1938	1
1939	1
1940	1
1941	1
1942	3
1943	3
1944	3
1945	5
1946	1
1947	0
1948	2
1949	2
1950	2
1951	2
1952	2
1953	3
1954	4
1955	1
1956	2
1957	5
1958	0
1959	0
1960	5
1961	2
1962	1
1963	2
1964	1
1965	3
1966	3
1967	0
1968	1
1969	2
1970	1
1971	1
1972	1
1973	3
1974	3
1975	4
1976	2
1977	2
1978	1
1979	4
1980	3
1981	4
1982	4
1983	2
1984	2
1985	3
1986	0
1987	1
1988	2
1989	2
1990	2
1991	5
1992	3
1993	2
1994	4
1995	4
1996	2
1997	4
1998	4
1999	1
2000	3
2001	3
2002	1
2003	0
2004	2
2005	1
2006	3
2007	2
2008	2
2009	4
2010	3
2011	1
2012	1
2013	1
2014	1
2015	0
2016	3
2017	2
2018	2
2019	1
2020	0
2021	6
2022	0
2023	1
2024	1
2025	1
2026	1
2027	2
2028	0
2029	3
2030	1
2031	3
2032	1
2033	2
2034	0
2035	0
2036	3
2037	2
2038	2
2039	3
2040	2
2041	1
2042	1
2043	3
2044	2
2045	2
2046	1
2047	1
2048	2
2049	1
2050	3
2051	1
2052	3
2053	1
2054	0
2055	3
2056	2
2057	3
2058	0
2059	2
2060	4
2061	0
2062	4
2063	3
2064	4
2065	2
2066	4
2067	0
2068	1
2069	1
2070	1
2071	1
2072	3
2073	3
2074	1
2075	1
2076	2
2077	2
2078	4
2079	2
2080	0
2081	1
2082	1
2083	1
2084	3
2085	0
2086	0
2087	1
2088	0
2089	1
2090	1
2091	1
2092	2
2093	1
2094	1
2095	0
2096	0
2097	0
2098	0
2099	2
2100	1
2101	2
2102	2
2103	1
2104	0
2105	1
2106	0
2107	3
2108	0
2109	0
2110	2
2111	1
2112	2
2113	1
2114	2
2115	1
2116	0
2117	2
2118	1
2119	2
2120	1
2121	1
2122	3
2123	1
2124	2
2125	3
2126	0
2127	2
2128	1
2129	1
2130	1
2131	1
2132	1
2133	2
2134	3
2135	0
2136	0
2137	0
2138	2
2139	2
2140	3
2141	2
2142	1
2143	0
2144	0
2145	1
2146	0
2147	2
2148	0
2149	1
2150	0
2151	1
2152	0
2153	0
2154	3
2155	1
2156	1
2157	0
2158	2
2159	0
2160	1
2161	3
2162	1
2163	1
2164	1
2165	1
2166	1
2167	2
2168	2
2169	2
2170	2
2171	0
2172	1
2173	3
2174	2
2175	1
2176	1
2177	1
2178	1
2179	0
2180	0
2181	2
2182	0
2183	1
2184	0
2185	1
2186	2
2187	0
2188	0
2189	0
2190	0
2191	1
2192	0
2193	1
2194	2
2195	3
2196	2
2197	3
2198	1
2199	0
2200	2
2201	1
2202	2
2203	2
2204	1
2205	2
2206	3
2207	1
2208	2
2209	1
2210	1
2211	1
2212	0
2213	2
2214	4
2215	1
2216	1
2217	0
2218	2
2219	3
2220	1
2221	0
2222	0
2223	3
2224	2
2225	0
2226	0
2227	2
2228	0
2229	0
2230	3
2231	2
2232	1
2233	1
2234	2
2235	2
2236	0
2237	1
2238	1
2239	0
2240	0
2241	1
2242	0
2243	2
2244	0
2245	2
2246	0
2247	1
2248	0
2249	2
2250	1
2251	1
2252	0
2253	0
2254	1
2255	1
2256	2
2257	0
2258	2
2259	0
2260	1
2261	2
2262	2
2263	3
2264	1
2265	0
2266	4
2267	0
2268	1
2269	1
2270	0
2271	1
2272	4
2273	2
2274	0
2275	1
2276	1
2277	4
2278	1
2279	1
2280	2
2281	1
2282	2
2283	2
2284	1
2285	2
2286	1
2287	0
2288	3
2289	0
2290	1
2291	3
2292	1
2293	1
2294	2
2295	1
2296	1
2297	2
2298	2
2299	0
2300	1
2301	3
2302	0
2303	1
2304	0
2305	0
2306	0
2307	3
2308	2
2309	2
2310	0
2311	2
2312	0
2313	1
2314	1
2315	1
2316	2
2317	0
2318	0
2319	0
2320	1
2321	1
2322	2
2323	0
2324	0
2325	0
2326	0
2327	0
2328	2
2329	1
2330	1
2331	0
2332	4
2333	1
2334	2
2335	0
2336	1
2337	0
2338	1
2339	0
2340	0
2341	1
2342	2
2343	1
2344	1
2345	1
2346	4
2347	0
2348	0
2349	1
2350	1
2351	2
2352	2
2353	1
2354	1
2355	0
2356	2
2357	1
2358	1
2359	0
2360	0
2361	2
2362	2
2363	1
2364	0
2365	0
2366	2
2367	1
2368	1
2369	1
2370	2
2371	0
2372	2
2373	1
2374	3
2375	4
2376	0
2377	0
2378	0
2379	1
2380	0
2381	0
2382	2
2383	0
2384	1
2385	1
2386	1
2387	2
2388	1
2389	2
2390	0
2391	1
2392	0
2393	2
2394	4
2395	1
2396	0
2397	1
2398	0
2399	1
2400	1
2401	0
2402	2
2403	1
2404	0
2405	0
2406	2
2407	1
2408	2
2409	0
2410	0
2411	0
2412	1
2413	0
2414	1
2415	0
2416	2
2417	1
2418	1
2419	0
2420	1
2421	2
2422	1
2423	0
2424	0
2425	1
2426	0
2427	1
2428	1
2429	1
2430	0
2431	0
2432	0
2433	3
2434	0
2435	0
2436	2
2437	0
2438	0
2439	0
2440	0
2441	1
2442	0
2443	1
2444	1
2445	0
2446	1
2447	1
2448	0
2449	1
2450	1
2451	1
2452	2
2453	0
2454	1
2455	1
2456	0
2457	2
2458	0
2459	1
2460	0
2461	2
2462	0
2463	1
2464	0
2465	1
2466	2
2467	1
2468	0
2469	1
2470	1
2471	2
2472	0
2473	0
2474	1
2475	0
2476	2
2477	1
2478	1
2479	0
2480	0
2481	0
2482	0
2483	0
2484	0
2485	0
2486	0
2487	1
2488	1
2489	0
2490	1
2491	0
2492	0
2493	2
2494	3
2495	0
2496	2
2497	0
2498	2
2499	0
2500	1
2501	2
2502	1
2503	0
2504	1
2505	0
2506	0
2507	1
2508	1
2509	0
2510	2
2511	0
2512	3
2513	0
2514	1
2515	2
2516	2
2517	0
2518	2
2519	1
2520	1
2521	1
2522	1
2523	2
2524	0
2525	0
2526	1
2527	1
2528	1
2529	0
2530	1
2531	0
2532	2
2533	1
2534	0
2535	0
2536	0
2537	2
2538	1
2539	0
2540	1
2541	1
2542	2
2543	0
2544	1
2545	0
2546	1
2547	0
2548	2
2549	1
2550	1
2551	0
2552	0
2553	1
2554	1
2555	3
2556	0
2557	0
2558	0
2559	2
2560	2
2561	1
2562	1
2563	0
2564	0
2565	1
2566	0
2567	0
2568	0
2569	0
2570	0
2571	3
2572	0
2573	3
2574	0
2575	1
2576	1
2577	1
2578	1
2579	0
2580	0
2581	2
2582	0
2583	0
2584	0
2585	2
2586	0
2587	0
2588	1
2589	0
2590	0
2591	1
2592	0
2593	1
2594	0
2595	1
2596	1
2597	2
2598	2
2599	1
2600	0
2601	0
2602	2
2603	0
2604	1
2605	1
2606	1
2607	0
2608	0
2609	2
2610	1
2611	0
2612	1
2613	0
2614	1
2615	0
2616	0
2617	1
2618	1
2619	0
2620	1
2621	0
2622	1
2623	0
2624	0
2625	2
2626	3
2627	0
2628	1
2629	3
2630	0
2631	0
2632	1
2633	1
2634	3
2635	0
2636	0
2637	2
2638	0
2639	1
2640	0
2641	2
2642	0
2643	0
2644	0
2645	1
2646	1
2647	0
2648	2
2649	1
2650	1
2651	2
2652	0
2653	1
2654	0
2655	0
2656	1
2657	1
2658	0
2659	1
2660	2
2661	2
2662	1
2663	3
2664	0
2665	1
2666	2
2667	1
2668	0
2669	1
2670	0
2671	1
2672	0
2673	1
2674	0
2675	1
2676	1
2677	0
2678	0
2679	0
2680	0
2681	3
2682	1
2683	1
2684	0
2685	2
2686	0
2687	1
2688	0
2689	0
2690	0
2691	2
2692	0
2693	0
2694	0
2695	0
2696	0
2697	0
2698	1
2699	1
2700	0
2701	2
2702	0
2703	1
2704	0
2705	0
2706	1
2707	1
2708	0
2709	1
2710	0
2711	0
2712	0
2713	1
2714	1
2715	2
2716	1
2717	1
2718	3
2719	0
2720	3
2721	2
2722	0
2723	1
2724	1
2725	0
2726	1
2727	4
2728	0
2729	2
2730	0
2731	1
2732	1
2733	2
2734	0
2735	1
2736	1
2737	0
2738	1
2739	0
2740	3
2741	0
2742	0
2743	0
2744	1
2745	0
2746	0
2747	0
2748	1
2749	2
2750	1
2751	0
2752	0
2753	1
2754	0
2755	0
2756	0
2757	0
2758	1
2759	0
2760	0
2761	1
2762	0
2763	1
2764	1
2765	0
2766	0
2767	2
2768	0
2769	2
2770	1
2771	2
2772	0
2773	0
2774	0
2775	0
2776	1
2777	2
2778	2
2779	2
2780	0
2781	0
2782	1
2783	0
2784	0
2785	2
2786	0
2787	0
2788	0
2789	0
2790	0
2791	1
2792	1
2793	1
2794	0
2795	1
2796	2
2797	1
2798	0
2799	2
2800	0
2801	0
2802	0
2803	0
2804	0
2805	2
2806	0
2807	0
2808	1
2809	0
2810	2
2811	0
2812	0
2813	1
2814	1
2815	0
2816	0
2817	3
2818	0
2819	1
2820	2
2821	2
2822	1
2823	1
2824	1
2825	1
2826	0
2827	1
2828	2
2829	0
2830	0
2831	0
2832	0
2833	0
2834	3
2835	0
2836	1
2837	0
2838	0
2839	2
2840	0
2841	1
2842	0
2843	2
2844	1
2845	2
2846	1
2847	0
2848	0
2849	0
2850	1
2851	2
2852	0
2853	0
2854	1
2855	1
2856	1
2857	2
2858	0
2859	0
2860	0
2861	0
2862	1
2863	1
2864	0
2865	2
2866	0
2867	1
2868	0
2869	1
2870	0
2871	0
2872	0
2873	1
2874	1
2875	1
2876	0
2877	0
2878	1
2879	0
2880	0
2881	0
2882	1
2883	3
2884	1
2885	0
2886	0
2887	1
2888	0
2889	0
2890	0
2891	3
2892	1
2893	0
2894	1
2895	3
2896	0
2897	0
2898	1
2899	0
2900	1
2901	1
2902	0
2903	0
2904	0
2905	2
2906	1
2907	0
2908	0
2909	1
2910	1
2911	1
2912	2
2913	0
2914	0
2915	1
2916	0
2917	1
2918	4
2919	0
2920	0
2921	0
2922	0
2923	0
2924	0
2925	0
2926	0
2927	0
2928	0
2929	1
2930	0
2931	1
2932	0
2933	2
2934	1
2935	0
2936	0
2937	0
2938	1
2939	0
2940	0
2941	0
2942	2
2943	2
2944	1
2945	1
2946	0
2947	0
2948	0
2949	1
2950	1
2951	0
2952	0
2953	0
2954	0
2955	0
2956	1
2957	1
2958	0
2959	1
2960	0
2961	0
2962	1
2963	2
2964	2
2965	1
2966	1
2967	0
2968	1
2969	2
2970	0
2971	0
2972	1
2973	1
2974	1
2975	0
2976	0
2977	1
2978	1
2979	1
2980	0
2981	0
2982	2
2983	1
2984	1
2985	1
2986	0
2987	1
2988	1
2989	0
2990	0
2991	0
2992	1
2993	0
2994	1
2995	0
2996	0
2997	0
2998	1
2999	1
3000	0
3001	2
3002	0
3003	0
3004	1
3005	0
3006	1
3007	1
3008	0
3009	2
3010	1
3011	1
3012	1
3013	0
3014	0
3015	0
3016	0
3017	1
3018	1
3019	1
3020	0
3021	0
3022	1
3023	0
3024	1
3025	1
3026	1
3027	0
3028	0
3029	0
3030	0
3031	0
3032	0
3033	1
3034	0
3035	1
3036	1
3037	1
3038	2
3039	0
3040	0
3041	1
3042	0
3043	0
3044	1
3045	1
3046	0
3047	1
3048	1
3049	0
3050	0
3051	1
3052	2
3053	1
3054	0
3055	0
3056	0
3057	1
3058	0
3059	0
3060	0
3061	0
3062	1
3063	0
3064	0
3065	0
3066	0
3067	4
3068	0
3069	0
3070	0
3071	1
3072	2
3073	0
3074	0
3075	1
3076	0
3077	0
3078	0
3079	2
3080	0
3081	2
3082	0
3083	0
3084	0
3085	0
3086	0
3087	0
3088	1
3089	1
3090	0
3091	0
3092	0
3093	0
3094	1
3095	1
3096	1
3097	0
3098	0
3099	1
3100	0
3101	0
3102	0
3103	2
3104	2
3105	0
3106	0
3107	2
3108	1
3109	2
3110	2
3111	0
3112	0
3113	0
3114	0
3115	1
3116	0
3117	1
3118	1
3119	1
3120	1
3121	0
3122	0
3123	0
3124	1
3125	1
3126	0
3127	2
3128	1
3129	0
3130	1
3131	0
3132	0
3133	0
3134	0
3135	1
3136	0
3137	1
3138	3
3139	0
3140	0
3141	0
3142	0
3143	1
3144	0
3145	2
3146	1
3147	2
3148	0
3149	2
3150	1
3151	0
3152	1
3153	0
3154	0
3155	1
3156	1
3157	3
3158	0
3159	1
3160	0
3161	0
3162	0
3163	0
3164	2
3165	0
3166	1
3167	1
3168	0
3169	0
3170	0
3171	0
3172	0
3173	0
3174	0
3175	0
3176	1
3177	0
3178	2
3179	0
3180	1
3181	0
3182	1
3183	1
3184	0
3185	0
3186	0
3187	0
3188	1
3189	1
3190	1
3191	1
3192	0
3193	1
3194	3
3195	0
3196	1
3197	0
3198	0
3199	1
3200	1
3201	1
3202	0
3203	0
3204	1
3205	1
3206	1
3207	0
3208	0
3209	0
3210	1
3211	2
3212	2
3213	0
3214	1
3215	1
3216	0
3217	1
3218	3
3219	0
3220	0
3221	0
3222	1
3223	1
3224	0
3225	0
3226	0
3227	0
3228	0
3229	0
3230	0
3231	0
3232	2
3233	0
3234	2
3235	1
3236	1
3237	0
3238	0
3239	1
3240	1
3241	1
3242	1
3243	0
3244	0
3245	2
3246	1
3247	1
3248	0
3249	1
3250	2
3251	2
3252	0
3253	2
3254	0
3255	0
3256	3
3257	2
3258	1
3259	1
3260	1
3261	0
3262	0
3263	0
3264	0
3265	1
3266	1
3267	1
3268	1
3269	0
3270	0
3271	1
3272	0
3273	1
3274	1
3275	1
3276	2
3277	0
3278	0
3279	2
3280	0
3281	2
3282	1
3283	1
3284	2
3285	1
3286	2
3287	0
3288	0
3289	1
3290	1
3291	2
3292	0
3293	3
3294	0
3295	0
3296	0
3297	0
3298	0
3299	1
3300	3
3301	0
3302	0
3303	1
3304	1
3305	1
3306	1
3307	0
3308	0
3309	0
3310	1
3311	1
3312	1
3313	0
3314	1
3315	0
3316	0
3317	0
3318	1
3319	0
3320	1
3321	2
3322	0
3323	4
3324	0
3325	1
3326	0
3327	0
3328	0
3329	0
3330	2
3331	0
3332	2
3333	0
3334	1
3335	1
3336	0
3337	1
3338	0
3339	0
3340	2
3341	2
3342	0
3343	1
3344	2
3345	0
3346	0
3347	0
3348	0
3349	0
3350	1
3351	0
3352	1
3353	0
3354	0
3355	0
3356	1
3357	0
3358	0
3359	0
3360	2
3361	0
3362	1
3363	0
3364	1
3365	0
3366	0
3367	0
3368	2
3369	0
3370	0
3371	0
3372	0
3373	0
3374	2
3375	0
3376	1
3377	2
3378	0
3379	0
3380	0
3381	0
3382	1
3383	2
3384	1
3385	0
3386	2
3387	1
3388	0
3389	1
3390	3
3391	1
3392	0
3393	0
3394	1
3395	2
3396	0
3397	0
3398	0
3399	0
3400	0
3401	1
3402	1
3403	0
3404	2
3405	0
3406	0
3407	0
3408	0
3409	0
3410	0
3411	2
3412	1
3413	3
3414	0
3415	0
3416	0
3417	2
3418	0
3419	2
3420	0
3421	0
3422	1
3423	0
3424	2
3425	0
3426	0
3427	2
3428	0
3429	1
3430	2
3431	0
3432	0
3433	0
3434	2
3435	1
3436	0
3437	1
3438	1
3439	1
3440	0
3441	4
3442	0
3443	0
3444	1
3445	0
3446	0
3447	1
3448	1
3449	2
3450	2
3451	0
3452	0
3453	0
3454	0
3455	0
3456	1
3457	0
3458	1
3459	1
3460	1
3461	0
3462	0
3463	2
3464	0
3465	0
3466	0
3467	1
3468	1
3469	0
3470	0
3471	0
3472	0
3473	1
3474	1
3475	1
3476	1
3477	0
3478	3
3479	0
3480	2
3481	0
3482	0
3483	0
3484	0
3485	1
3486	0
3487	1
3488	2
3489	0
3490	1
3491	1
3492	0
3493	0
3494	0
3495	0
3496	1
3497	1
3498	1
3499	0
3500	0
3501	0
3502	1
3503	0
3504	0
3505	0
3506	2
3507	1
3508	0
3509	1
3510	0
3511	1
3512	1
3513	0
3514	0
3515	0
3516	1
3517	1
3518	0
3519	0
3520	0
3521	3
3522	0
3523	0
3524	1
3525	1
3526	2
3527	2
3528	2
3529	3
3530	0
3531	1
3532	0
3533	1
3534	0
3535	0
3536	0
3537	2
3538	0
3539	1
3540	3
3541	0
3542	0
3543	1
3544	2
3545	1
3546	0
3547	2
3548	1
3549	1
3550	0
3551	0
3552	0
3553	0
3554	0
3555	1
3556	0
3557	2
3558	0
3559	0
3560	0
3561	1
3562	1
3563	1
3564	1
3565	1
3566	1
3567	0
3568	0
3569	0
3570	0
3571	0
3572	0
3573	2
3574	0
3575	0
3576	1
3577	0
3578	1
3579	0
3580	1
3581	1
3582	1
3583	1
3584	1
3585	0
3586	2
3587	1
3588	1
3589	0
3590	0
3591	3
3592	0
3593	0
3594	1
3595	0
3596	0
3597	1
3598	1
3599	0
3600	0
3601	1
3602	1
3603	1
3604	0
3605	0
3606	1
3607	1
3608	0
3609	0
3610	1
3611	2
3612	1
3613	0
3614	1
3615	0
3616	0
3617	0
3618	0
3619	1
3620	0
3621	1
3622	1
3623	0
3624	2
3625	1
3626	0
3627	0
3628	0
3629	3
3630	1
3631	0
3632	1
3633	0
3634	1
3635	0
3636	1
3637	0
3638	1
3639	0
3640	0
3641	0
3642	2
3643	0
3644	0
3645	1
3646	1
3647	0
3648	0
3649	2
3650	1
3651	0
3652	0
3653	0
3654	0
3655	1
3656	0
3657	1
3658	2
3659	0
3660	2
3661	1
3662	3
3663	0
3664	0
3665	0
3666	0
3667	1
3668	2
3669	0
3670	0
3671	1
3672	1
3673	2
3674	4
3675	0
3676	0
3677	0
3678	1
3679	1
3680	0
3681	2
3682	0
3683	1
3684	0
3685	1
3686	0
3687	1
3688	0
3689	1
3690	0
3691	1
3692	0
3693	1
3694	0
3695	0
3696	0
3697	1
3698	2
3699	1
3700	0
3701	1
3702	0
3703	1
3704	1
3705	0
3706	0
3707	0
3708	2
3709	1
3710	2
3711	0
3712	1
3713	1
3714	0
3715	0
3716	1
3717	1
3718	1
3719	0
3720	0
3721	1
3722	0
3723	0
3724	1
3725	0
3726	0
3727	1
3728	2
3729	1
3730	0
3731	1
3732	1
3733	1
3734	1
3735	0
3736	0
3737	1
3738	0
3739	1
3740	1
3741	0
3742	0
3743	0
3744	0
3745	0
3746	0
3747	1
3748	0
3749	2
3750	0
3751	0
3752	1
3753	0
3754	0
3755	1
3756	1
3757	0
3758	1
3759	1
3760	0
3761	1
3762	0
3763	1
3764	0
3765	1
3766	0
3767	1
3768	0
3769	0
3770	2
3771	1
3772	0
3773	0
3774	0
3775	1
3776	0
3777	0
3778	0
3779	0
3780	0
3781	1
3782	0
3783	1
3784	1
3785	2
3786	1
3787	0
3788	0
3789	1
3790	1
3791	1
3792	2
3793	0
3794	0
3795	1
3796	0
3797	1
3798	1
3799	0
3800	1
3801	0
3802	2
3803	0
3804	0
3805	0
3806	0
3807	0
3808	0
3809	2
3810	0
3811	0
3812	1
3813	1
3814	0
3815	1
3816	1
3817	1
3818	1
3819	1
3820	0
3821	0
3822	2
3823	2
3824	0
3825	3
3826	0
3827	1
3828	0
3829	0
3830	1
3831	0
3832	0
3833	0
3834	1
3835	0
3836	1
3837	1
3838	0
3839	0
3840	1
3841	0
3842	1
3843	0
3844	1
3845	1
3846	0
3847	2
3848	0
3849	1
3850	1
3851	0
3852	1
3853	1
3854	0
3855	0
3856	2
3857	0
3858	0
3859	0
3860	0
3861	0
3862	1
3863	0
3864	0
3865	0
3866	1
3867	1
3868	0
3869	1
3870	0
3871	1
3872	1
3873	0
3874	0
3875	1
3876	0
3877	1
3878	0
3879	1
3880	1
3881	0
3882	0
3883	0
3884	0
3885	1
3886	0
3887	0
3888	1
3889	1
3890	0
3891	0
3892	0
3893	2
3894	0
3895	1
3896	0
3897	0
3898	1
3899	1
3900	1
3901	1
3902	1
3903	1
3904	0
3905	0
3906	2
3907	2
3908	1
3909	0
3910	1
3911	0
3912	1
3913	0
3914	1
3915	0
3916	0
3917	2
3918	3
3919	1
3920	0
3921	0
3922	1
3923	0
3924	0
3925	1
3926	0
3927	0
3928	1
3929	0
3930	1
3931	1
3932	1
3933	0
3934	0
3935	0
3936	0
3937	0
3938	1
3939	1
3940	0
3941	0
3942	0
3943	2
3944	2
3945	0
3946	0
3947	0
3948	1
3949	0
3950	1
3951	1
3952	1
3953	0
3954	1
3955	0
3956	1
3957	1
3958	0
3959	1
3960	1
3961	0
3962	0
3963	1
3964	2
3965	1
3966	1
3967	1
3968	0
3969	0
3970	0
3971	2
3972	1
3973	2
3974	0
3975	0
3976	0
3977	0
3978	0
3979	0
3980	2
3981	0
3982	0
3983	1
3984	0
3985	1
3986	0
3987	1
3988	0
3989	2
3990	0
3991	1
3992	0
3993	0
3994	1
3995	0
3996	3
3997	0
3998	0
3999	2
4000	0
4001	0
4002	0
4003	1
4004	0
4005	0
4006	0
4007	0
4008	1
4009	0
4010	0
4011	1
4012	0
4013	0
4014	1
4015	0
4016	1
4017	0
4018	0
4019	1
4020	0
4021	2
4022	0
4023	1
4024	1
4025	0
4026	0
4027	1
4028	0
4029	1
4030	0
4031	0
4032	1
4033	2
4034	0
4035	0
4036	0
4037	0
4038	1
4039	0
4040	0
4041	1
4042	0
4043	1
4044	0
4045	1
4046	0
4047	1
4048	0
4049	0
4050	1
4051	0
4052	0
4053	0
4054	0
4055	1
4056	1
4057	1
4058	2
4059	0
4060	0
4061	1
4062	1
4063	0
4064	0
4065	1
4066	0
4067	2
4068	1
4069	1
4070	1
4071	3
4072	1
4073	0
4074	1
4075	0
4076	0
4077	0
4078	1
4079	2
4080	0
4081	1
4082	0
4083	0
4084	0
4085	2
4086	0
4087	0
4088	0
4089	1
4090	1
4091	0
4092	0
4093	3
4094	1
4095	3
4096	1
4097	1
4098	0
4099	0
4100	0
4101	0
4102	0
4103	0
4104	0
4105	0
4106	2
4107	0
4108	1
4109	1
4110	0
4111	0
4112	1
4113	0
4114	2
4115	1
4116	0
4117	0
4118	0
4119	0
4120	1
4121	0
4122	0
4123	0
4124	1
4125	1
4126	0
4127	0
4128	0
4129	0
4130	0
4131	1
4132	1
4133	0
4134	0
4135	0
4136	0
4137	3
4138	1
4139	0
4140	0
4141	0
4142	1
4143	1
4144	0
4145	2
4146	0
4147	2
4148	1
4149	2
4150	0
4151	0
4152	0
4153	1
4154	2
4155	1
4156	0
4157	0
4158	0
4159	0
4160	0
4161	1
4162	0
4163	0
4164	0
4165	1
4166	1
4167	0
4168	2
4169	0
4170	0
4171	0
4172	0
4173	1
4174	0
4175	3
4176	0
4177	2
4178	0
4179	0
4180	2
4181	2
4182	2
4183	0
4184	1
4185	0
4186	0
4187	2
4188	1
4189	0
4190	0
4191	1
4192	0
4193	0
4194	1
4195	0
4196	1
4197	1
4198	0
4199	1
4200	1
4201	0
4202	0
4203	0
4204	1
4205	0
4206	0
4207	1
4208	2
4209	0
4210	0
4211	1
4212	1
4213	2
4214	1
4215	1
4216	1
4217	1
4218	1
4219	1
4220	1
4221	0
4222	2
4223	0
4224	3
4225	0
4226	0
4227	0
4228	0
4229	1
4230	0
4231	0
4232	1
4233	1
4234	1
4235	1
4236	0
4237	0
4238	1
4239	0
4240	0
4241	0
4242	1
4243	1
4244	0
4245	0
4246	1
4247	0
4248	1
4249	0
4250	0
4251	0
4252	1
4253	0
4254	0
4255	0
4256	0
4257	0
4258	2
4259	0
4260	0
4261	1
4262	1
4263	0
4264	1
4265	3
4266	2
4267	1
4268	1
4269	0
4270	0
4271	0
4272	0
4273	2
4274	0
4275	1
4276	0
4277	0
4278	0
4279	1
4280	2
4281	1
4282	1
4283	0
4284	1
4285	2
4286	3
4287	1
4288	0
4289	0
4290	0
4291	0
4292	2
4293	0
4294	1
4295	1
4296	2
4297	2
4298	0
4299	0
4300	0
4301	0
4302	0
4303	2
4304	0
4305	0
4306	0
4307	1
4308	1
4309	0
4310	0
4311	0
4312	0
4313	1
4314	0
4315	0
4316	1
4317	0
4318	0
4319	3
4320	0
4321	0
4322	0
4323	1
4324	2
4325	0
4326	1
4327	1
4328	0
4329	0
4330	0
4331	0
4332	0
4333	0
4334	1
4335	0
4336	0
4337	1
4338	1
4339	2
4340	1
4341	0
4342	2
4343	0
4344	2
4345	0
4346	0
4347	0
4348	1
4349	0
4350	0
4351	1
4352	0
4353	0
4354	1
4355	0
4356	0
4357	0
4358	1
4359	1
4360	0
4361	0
4362	0
4363	0
4364	2
4365	0
4366	1
4367	1
4368	2
4369	3
4370	1
4371	0
4372	0
4373	1
4374	0
4375	0
4376	1
4377	0
4378	1
4379	0
4380	1
4381	1
4382	0
4383	0
4384	2
4385	0
4386	1
4387	0
4388	2
4389	1
4390	1
4391	0
4392	1
4393	2
4394	0
4395	0
4396	2
4397	0
4398	0
4399	0
4400	1
4401	0
4402	1
4403	1
4404	0
4405	1
4406	0
4407	1
4408	0
4409	1
4410	0
4411	2
4412	1
4413	0
4414	1
4415	2
4416	0
4417	0
4418	0
4419	0
4420	0
4421	0
4422	1
4423	0
4424	0
4425	1
4426	2
4427	0
4428	0
4429	1
4430	1
4431	0
4432	0
4433	0
4434	0
4435	2
4436	0
4437	0
4438	1
4439	1
4440	0
4441	0
4442	0
4443	0
4444	1
4445	0
4446	0
4447	0
4448	0
4449	0
4450	0
4451	0
4452	1
4453	0
4454	0
4455	0
4456	0
4457	0
4458	1
4459	0
4460	0
4461	0
4462	1
4463	1
4464	0
4465	0
4466	2
4467	0
4468	0
4469	0
4470	1
4471	0
4472	0
4473	0
4474	2
4475	1
4476	1
4477	0
4478	1
4479	2
4480	1
4481	2
4482	1
4483	3
4484	0
4485	2
4486	0
4487	2
4488	0
4489	0
4490	0
4491	0
4492	0
4493	0
4494	0
4495	1
4496	0
4497	1
4498	0
4499	0
4500	0
4501	1
4502	0
4503	1
4504	1
4505	0
4506	0
4507	0
4508	2
4509	0
4510	2
4511	1
4512	0
4513	0
4514	0
4515	0
4516	1
4517	0
4518	0
4519	0
4520	1
4521	1
4522	2
4523	0
4524	1
4525	0
4526	0
4527	1
4528	1
4529	1
4530	0
4531	0
4532	0
4533	1
4534	0
4535	0
4536	1
4537	0
4538	1
4539	0
4540	0
4541	1
4542	2
4543	0
4544	0
4545	0
4546	0
4547	2
4548	0
4549	0
4550	0
4551	1
4552	0
4553	1
4554	0
4555	0
4556	0
4557	1
4558	0
4559	1
4560	0
4561	1
4562	0
4563	0
4564	0
4565	0
4566	0
4567	3
4568	0
4569	0
4570	1
4571	0
4572	1
4573	0
4574	1
4575	2
4576	2
4577	1
4578	1
4579	0
4580	0
4581	0
4582	0
4583	0
4584	1
4585	1
4586	0
4587	3
4588	0
4589	0
4590	0
4591	3
4592	0
4593	0
4594	0
4595	1
4596	0
4597	0
4598	1
4599	0
4600	2
4601	0
4602	0
4603	0
4604	0
4605	0
4606	0
4607	1
4608	1
4609	0
4610	0
4611	3
4612	0
4613	0
4614	1
4615	1
4616	0
4617	0
4618	0
4619	0
4620	0
4621	0
4622	0
4623	0
4624	0
4625	0
4626	2
4627	0
4628	2
4629	0
4630	0
4631	0
4632	0
4633	0
4634	0
4635	0
4636	0
4637	0
4638	1
4639	1
4640	0
4641	0
4642	0
4643	0
4644	0
4645	1
4646	1
4647	1
4648	0
4649	0
4650	0
4651	0
4652	0
4653	1
4654	0
4655	0
4656	1
4657	1
4658	0
4659	1
4660	1
4661	0
4662	1
4663	1
4664	1
4665	1
4666	0
4667	1
4668	0
4669	0
4670	0
4671	0
4672	0
4673	0
4674	0
4675	0
4676	2
4677	0
4678	0
4679	0
4680	1
4681	1
4682	2
4683	0
4684	0
4685	3
4686	0
4687	2
4688	0
4689	0
4690	0
4691	2
4692	0
4693	0
4694	0
4695	0
4696	0
4697	1
4698	0
4699	0
4700	0
4701	2
4702	0
4703	0
4704	1
4705	0
4706	0
4707	0
4708	1
4709	0
4710	1
4711	0
4712	0
4713	2
4714	1
4715	1
4716	0
4717	0
4718	0
4719	1
4720	1
4721	0
4722	0
4723	0
4724	1
4725	1
4726	1
4727	0
4728	0
4729	1
4730	1
4731	0
4732	0
4733	2
4734	0
4735	0
4736	0
4737	1
4738	0
4739	1
4740	0
4741	0
4742	2
4743	0
4744	0
4745	0
4746	0
4747	1
4748	0
4749	0
4750	0
4751	0
4752	2
4753	2
4754	1
4755	1
4756	0
4757	0
4758	0
4759	0
4760	1
4761	0
4762	0
4763	1
4764	2
4765	0
4766	2
4767	0
4768	0
4769	0
4770	1
4771	0
4772	0
4773	0
4774	1
4775	0
4776	1
4777	1
4778	0
4779	0
4780	0
4781	2
4782	1
4783	0
4784	1
4785	0
4786	0
4787	1
4788	1
4789	2
4790	2
4791	0
4792	0
4793	0
4794	0
4795	1
4796	0
4797	0
4798	0
4799	3
4800	1
4801	0
4802	0
4803	0
4804	0
4805	0
4806	0
4807	1
4808	1
4809	1
4810	2
4811	0
4812	1
4813	0
4814	0
4815	1
4816	0
4817	0
4818	3
4819	1
4820	2
4821	1
4822	0
4823	1
4824	1
4825	0
4826	2
4827	0
4828	0
4829	1
4830	1
4831	0
4832	1
4833	0
4834	0
4835	0
4836	1
4837	0
4838	2
4839	0
4840	0
4841	0
4842	2
4843	0
4844	2
4845	0
4846	1
4847	0
4848	2
4849	0
4850	1
4851	1
4852	0
4853	0
4854	0
4855	0
4856	0
4857	1
4858	0
4859	0
4860	0
4861	1
4862	0
4863	0
4864	0
4865	1
4866	0
4867	0
4868	0
4869	1
4870	0
4871	2
4872	2
4873	1
4874	0
4875	0
4876	0
4877	0
4878	1
4879	0
4880	0
4881	0
4882	1
4883	0
4884	1
4885	0
4886	0
4887	0
4888	0
4889	0
4890	0
4891	1
4892	0
4893	2
4894	1
4895	1
4896	0
4897	1
4898	0
4899	0
4900	2
4901	0
4902	0
4903	0
4904	2
4905	0
4906	1
4907	1
4908	1
4909	1
4910	0
4911	1
4912	1
4913	0
4914	2
4915	0
4916	2
4917	0
4918	0
4919	1
4920	0
4921	2
4922	1
4923	0
4924	1
4925	1
4926	0
4927	1
4928	1
4929	0
4930	0
4931	2
4932	1
4933	0
4934	0
4935	0
4936	1
4937	2
4938	1
4939	0
4940	0
4941	0
4942	0
4943	0
4944	0
4945	0
4946	0
4947	0
4948	2
4949	0
4950	0
4951	4
4952	1
4953	1
4954	0
4955	0
4956	0
4957	0
4958	2
4959	1
4960	1
4961	0
4962	0
4963	0
4964	0
4965	1
4966	1
4967	0
4968	0
4969	1
4970	0
4971	0
4972	0
4973	0
4974	0
4975	1
4976	0
4977	0
4978	0
4979	1
4980	0
4981	1
4982	0
4983	0
4984	0
4985	0
4986	0
4987	0
4988	1
4989	0
4990	1
4991	0
4992	0
4993	1
4994	1
4995	0
4996	0
4997	1
4998	1
4999	0
5000	1
5001	1
5002	1
5003	0
5004	0
5005	1
5006	0
5007	0
5008	1
5009	0
5010	0
5011	2
5012	0
5013	0
5014	0
5015	1
5016	0
5017	1
5018	2
5019	1
5020	0
5021	0
5022	0
5023	1
5024	0
5025	0
5026	0
5027	2
5028	0
5029	0
5030	0
5031	0
5032	0
5033	1
5034	0
5035	0
5036	0
5037	0
5038	1
5039	0
5040	0
5041	0
5042	1
5043	0
5044	0
5045	0
5046	0
5047	0
5048	1
5049	1
5050	0
5051	1
5052	2
5053	1
5054	1
5055	1
5056	2
5057	0
5058	0
5059	0
5060	0
5061	1
5062	0
5063	3
5064	0
5065	0
5066	0
5067	0
5068	1
5069	0
5070	0
5071	1
5072	0
5073	2
5074	0
5075	2
5076	0
5077	1
5078	0
5079	3
5080	0
5081	0
5082	0
5083	0
5084	2
5085	0
5086	1
5087	0
5088	0
5089	0
5090	0
5091	0
5092	2
5093	1
5094	0
5095	0
5096	0
5097	0
5098	1
5099	2
5100	0
5101	2
5102	0
5103	1
5104	0
5105	4
5106	0
5107	0
5108	0
5109	0
5110	0
5111	0
5112	1
5113	0
5114	1
5115	2
5116	1
5117	0
5118	0
5119	1
5120	0
5121	0
5122	0
5123	0
5124	1
5125	1
5126	1
5127	0
5128	0
5129	0
5130	1
5131	0
5132	0
5133	0
5134	0
5135	1
5136	0
5137	0
5138	0
5139	1
5140	0
5141	0
5142	0
5143	1
5144	0
5145	2
5146	2
5147	0
5148	0
5149	1
5150	0
5151	0
5152	0
5153	0
5154	0
5155	2
5156	1
5157	3
5158	0
5159	0
5160	0
5161	0
5162	0
5163	0
5164	2
5165	1
5166	1
5167	0
5168	0
5169	0
5170	0
5171	0
5172	1
5173	1
5174	0
5175	1
5176	0
5177	1
5178	3
5179	2
5180	0
5181	2
5182	1
5183	2
5184	0
5185	1
5186	0
5187	2
5188	0
5189	3
5190	0
5191	1
5192	2
5193	0
5194	0
5195	1
5196	0
5197	0
5198	0
5199	1
5200	1
5201	0
5202	0
5203	0
5204	1
5205	1
5206	1
5207	1
5208	1
5209	0
5210	1
5211	0
5212	0
5213	1
5214	0
5215	1
5216	1
5217	1
5218	0
5219	1
5220	1
5221	2
5222	1
5223	2
5224	0
5225	1
5226	0
5227	2
5228	1
5229	0
5230	0
5231	0
5232	1
5233	1
5234	2
5235	0
5236	0
5237	1
5238	2
5239	0
5240	0
5241	1
5242	0
5243	1
5244	1
5245	3
5246	1
5247	0
5248	1
5249	1
5250	2
5251	0
5252	0
5253	1
5254	0
5255	0
5256	0
5257	0
5258	2
5259	0
5260	0
5261	0
5262	0
5263	1
5264	0
5265	0
5266	0
5267	0
5268	0
5269	0
5270	1
5271	0
5272	0
5273	0
5274	0
5275	0
5276	1
5277	0
5278	1
5279	0
5280	0
5281	0
5282	2
5283	1
5284	0
5285	0
5286	0
5287	0
5288	0
5289	0
5290	0
5291	0
5292	1
5293	0
5294	0
5295	2
5296	0
5297	1
5298	0
5299	2
5300	0
5301	0
5302	0
5303	1
5304	1
5305	1
5306	0
5307	1
5308	0
5309	0
5310	1
5311	0
5312	0
5313	0
5314	0
5315	0
5316	1
5317	0
5318	0
5319	0
5320	0
5321	0
5322	1
5323	2
5324	0
5325	1
5326	0
5327	0
5328	0
5329	3
5330	0
5331	0
5332	0
5333	2
5334	0
5335	0
5336	3
5337	1
5338	0
5339	1
5340	0
5341	0
5342	0
5343	1
5344	0
5345	0
5346	1
5347	0
5348	1
5349	0
5350	1
5351	0
5352	0
5353	2
5354	0
5355	0
5356	1
5357	1
5358	2
5359	1
5360	0
5361	0
5362	0
5363	0
5364	0
5365	2
5366	0
5367	0
5368	0
5369	1
5370	0
5371	1
5372	0
5373	2
5374	1
5375	0
5376	0
5377	0
5378	0
5379	2
5380	1
5381	0
5382	2
5383	0
5384	0
5385	0
5386	0
5387	0
5388	1
5389	0
5390	0
5391	1
5392	1
5393	0
5394	0
5395	1
5396	1
5397	0
5398	0
5399	0
5400	0
5401	1
5402	0
5403	0
5404	0
5405	0
5406	0
5407	1
5408	0
5409	0
5410	0
5411	0
5412	0
5413	0
5414	0
5415	2
5416	1
5417	1
5418	1
5419	1
5420	0
5421	2
5422	1
5423	0
5424	0
5425	2
5426	0
5427	0
5428	0
5429	0
5430	1
5431	0
5432	0
5433	0
5434	0
5435	0
5436	0
5437	0
5438	1
5439	0
5440	0
5441	1
5442	1
5443	0
5444	0
5445	0
5446	0
5447	2
5448	1
5449	0
5450	0
5451	0
5452	0
5453	0
5454	0
5455	2
5456	0
5457	1
5458	2
5459	2
5460	1
5461	1
5462	0
5463	2
5464	1
5465	1
5466	1
5467	0
5468	0
5469	1
5470	1
5471	0
5472	1
5473	0
5474	2
5475	2
5476	0
5477	1
5478	1
5479	2
5480	2
5481	0
5482	1
5483	0
5484	0
5485	0
5486	0
5487	1
5488	0
5489	0
5490	1
5491	0
5492	0
5493	0
5494	0
5495	0
5496	2
5497	0
5498	0
5499	1
5500	1
5501	1
5502	0
5503	0
5504	0
5505	0
5506	1
5507	1
5508	1
5509	0
5510	0
5511	0
5512	0
5513	0
5514	0
5515	1
5516	0
5517	1
5518	1
5519	1
5520	0
5521	0
5522	1
5523	0
5524	1
5525	0
5526	1
5527	0
5528	1
5529	0
5530	1
5531	0
5532	2
5533	0
5534	1
5535	0
5536	1
5537	1
5538	0
5539	0
5540	0
5541	1
5542	0
5543	2
5544	1
5545	0
5546	0
5547	0
5548	1
5549	0
5550	0
5551	0
5552	2
5553	2
5554	2
5555	0
5556	1
5557	1
5558	0
5559	0
5560	0
5561	0
5562	0
5563	0
5564	0
5565	0
5566	1
5567	1
5568	1
5569	0
5570	0
5571	0
5572	0
5573	2
5574	0
5575	0
5576	1
5577	3
5578	0
5579	0
5580	0
5581	0
5582	1
5583	0
5584	1
5585	0
5586	0
5587	0
5588	0
5589	1
5590	1
5591	1
5592	2
5593	0
5594	0
5595	1
5596	0
5597	1
5598	3
5599	0
5600	0
5601	0
5602	0
5603	0
5604	0
5605	0
5606	1
5607	2
5608	1
5609	2
5610	0
5611	0
5612	0
5613	3
5614	0
5615	1
5616	1
5617	0
5618	0
5619	0
5620	1
5621	0
5622	0
5623	1
5624	0
5625	0
5626	1
5627	1
5628	1
5629	0
5630	0
5631	0
5632	0
5633	0
5634	1
5635	0
5636	0
5637	1
5638	1
5639	0
5640	0
5641	0
5642	1
5643	0
5644	1
5645	2
5646	0
5647	0
5648	0
5649	0
5650	0
5651	1
5652	0
5653	0
5654	0
5655	0
5656	0
5657	0
5658	0
5659	1
5660	0
5661	0
5662	0
5663	3
5664	0
5665	0
5666	2
5667	2
5668	1
5669	2
5670	0
5671	1
5672	0
5673	0
5674	0
5675	1
5676	0
5677	0
5678	0
5679	2
5680	0
5681	1
5682	0
5683	1
5684	1
5685	2
5686	0
5687	0
5688	2
5689	1
5690	0
5691	0
5692	1
5693	0
5694	0
5695	0
5696	1
5697	1
5698	0
5699	1
5700	0
5701	0
5702	1
5703	1
5704	1
5705	0
5706	1
5707	0
5708	0
5709	0
5710	0
5711	2
5712	0
5713	0
5714	0
5715	0
5716	0
5717	0
5718	1
5719	1
5720	2
5721	1
5722	0
5723	0
5724	0
5725	0
5726	1
5727	0
5728	0
5729	0
5730	1
5731	1
5732	0
5733	0
5734	0
5735	2
5736	1
5737	1
5738	0
5739	0
5740	0
5741	0
5742	0
5743	0
5744	0
5745	2
5746	0
5747	0
5748	1
5749	0
5750	0
5751	1
5752	0
5753	0
5754	0
5755	0
5756	1
5757	1
5758	2
5759	1
5760	0
5761	1
5762	0
5763	0
5764	0
5765	2
5766	0
5767	0
5768	0
5769	0
5770	1
5771	1
5772	1
5773	0
5774	0
5775	1
5776	0
5777	0
5778	1
5779	0
5780	0
5781	0
5782	2
5783	0
5784	0
5785	1
5786	1
5787	1
5788	0
5789	0
5790	0
5791	1
5792	0
5793	1
5794	0
5795	1
5796	3
5797	0
5798	1
5799	0
5800	0
5801	0
5802	0
5803	0
5804	0
5805	0
5806	0
5807	0
5808	0
5809	0
5810	1
5811	1
5812	1
5813	0
5814	0
5815	0
5816	0
5817	0
5818	1
5819	0
5820	0
5821	1
5822	2
5823	0
5824	0
5825	0
5826	2
5827	0
5828	1
5829	1
5830	0
5831	1
5832	0
5833	1
5834	0
5835	2
5836	0
5837	2
5838	0
5839	1
5840	0
5841	0
5842	0
5843	2
5844	0
5845	0
5846	1
5847	0
5848	1
5849	2
5850	0
5851	0
5852	0
5853	2
5854	0
5855	1
5856	1
5857	0
5858	0
5859	2
5860	1
5861	1
5862	0
5863	1
5864	0
5865	1
5866	2
5867	1
5868	1
5869	0
5870	0
5871	0
5872	1
5873	0
5874	1
5875	0
5876	0
5877	0
5878	0
5879	0
5880	0
5881	1
5882	0
5883	1
5884	0
5885	0
5886	0
5887	1
5888	1
5889	0
5890	1
5891	1
5892	0
5893	0
5894	1
5895	0
5896	0
5897	2
5898	1
5899	0
5900	2
5901	0
5902	0
5903	0
5904	1
5905	0
5906	1
5907	1
5908	0
5909	1
5910	1
5911	0
5912	1
5913	1
5914	0
5915	1
5916	1
5917	1
5918	0
5919	1
5920	1
5921	0
5922	1
5923	0
5924	0
5925	0
5926	1
5927	0
5928	0
5929	1
5930	2
5931	0
5932	0
5933	0
5934	1
5935	1
5936	0
5937	0
5938	1
5939	0
5940	1
5941	1
5942	1
5943	1
5944	1
5945	2
5946	0
5947	0
5948	0
5949	0
5950	1
5951	1
5952	1
5953	0
5954	1
5955	0
5956	0
5957	0
5958	1
5959	0
5960	3
5961	0
5962	0
5963	0
5964	0
5965	0
5966	1
5967	0
5968	0
5969	1
5970	0
5971	1
5972	0
5973	1
5974	0
5975	0
5976	1
5977	0
5978	1
5979	0
5980	0
5981	1
5982	0
5983	1
5984	1
5985	2
5986	0
5987	1
5988	0
5989	0
5990	0
5991	0
5992	0
5993	0
5994	0
5995	1
5996	1
5997	1
5998	2
5999	0
6000	1
6001	1
6002	0
6003	2
6004	0
6005	1
6006	1
6007	0
6008	1
6009	0
6010	0
6011	2
6012	0
6013	0
6014	1
6015	1
6016	0
6017	2
6018	0
6019	0
6020	1
6021	0
6022	0
6023	0
6024	0
6025	0
6026	0
6027	1
6028	1
6029	1
6030	0
6031	0
6032	1
6033	0
6034	1
6035	1
6036	0
6037	0
6038	0
6039	2
6040	2
6041	0
6042	1
6043	1
6044	0
6045	0
6046	0
6047	0
6048	0
6049	0
6050	1
6051	1
6052	0
6053	0
6054	3
6055	0
6056	0
6057	1
6058	0
6059	1
6060	0
6061	0
6062	0
6063	1
6064	0
6065	2
6066	0
6067	1
6068	1
6069	2
6070	0
6071	1
6072	0
6073	0
6074	1
6075	2
6076	1
6077	1
6078	0
6079	0
6080	0
6081	1
6082	0
6083	1
6084	0
6085	1
6086	1
6087	0
6088	0
6089	1
6090	2
6091	1
6092	0
6093	1
6094	0
6095	2
6096	0
6097	0
6098	0
6099	0
6100	2
6101	1
6102	1
6103	2
6104	0
6105	0
6106	1
6107	0
6108	1
6109	0
6110	0
6111	1
6112	0
6113	1
6114	1
6115	0
6116	0
6117	1
6118	0
6119	0
6120	0
6121	0
6122	0
6123	0
6124	0
6125	2
6126	1
6127	1
6128	2
6129	0
6130	0
6131	0
6132	1
6133	1
6134	0
6135	1
6136	1
6137	0
6138	0
6139	1
6140	0
6141	1
6142	1
6143	0
6144	0
6145	0
6146	0
6147	1
6148	0
6149	0
6150	0
6151	1
6152	1
6153	1
6154	1
6155	1
6156	0
6157	0
6158	0
6159	0
6160	0
6161	0
6162	0
6163	1
6164	0
6165	1
6166	0
6167	0
6168	1
6169	2
6170	0
6171	0
6172	0
6173	1
6174	0
6175	3
6176	1
6177	1
6178	0
6179	0
6180	0
6181	0
6182	0
6183	3
6184	0
6185	0
6186	0
6187	0
6188	0
6189	2
6190	0
6191	0
6192	0
6193	1
6194	0
6195	0
6196	1
6197	1
6198	1
6199	0
6200	1
6201	1
6202	0
6203	0
6204	0
6205	0
6206	0
6207	0
6208	1
6209	0
6210	2
6211	1
6212	1
6213	1
6214	0
6215	1
6216	1
6217	1
6218	0
6219	0
6220	0
6221	0
6222	0
6223	1
6224	1
6225	1
6226	0
6227	2
6228	0
6229	0
6230	0
6231	1
6232	0
6233	2
6234	1
6235	1
6236	1
6237	0
6238	0
6239	0
6240	0
6241	0
6242	0
6243	0
6244	0
6245	0
6246	0
6247	0
6248	1
6249	0
6250	2
6251	0
6252	2
6253	1
6254	0
6255	2
6256	0
6257	1
6258	0
6259	0
6260	0
6261	0
6262	2
6263	1
6264	0
6265	2
6266	0
6267	1
6268	0
6269	1
6270	0
6271	0
6272	1
6273	0
6274	0
6275	0
6276	0
6277	4
6278	2
6279	2
6280	0
6281	0
6282	2
6283	0
6284	1
6285	3
6286	0
6287	0
6288	1
6289	0
6290	1
6291	1
6292	2
6293	1
6294	0
6295	0
6296	1
6297	1
6298	1
6299	1
6300	0
6301	0
6302	1
6303	0
6304	0
6305	1
6306	0
6307	1
6308	0
6309	0
6310	2
6311	1
6312	1
6313	1
6314	1
6315	2
6316	0
6317	0
6318	0
6319	1
6320	1
6321	1
6322	1
6323	0
6324	0
6325	1
6326	0
6327	0
6328	1
6329	1
6330	1
6331	1
6332	0
6333	1
6334	1
6335	0
6336	1
6337	1
6338	0
6339	0
6340	1
6341	1
6342	0
6343	1
6344	0
6345	0
6346	0
6347	0
6348	0
6349	0
6350	0
6351	0
6352	1
6353	1
6354	0
6355	0
6356	0
6357	0
6358	0
6359	0
6360	0
6361	0
6362	0
6363	1
6364	0
6365	2
6366	0
6367	1
6368	0
6369	0
6370	1
6371	1
6372	0
6373	0
6374	0
6375	1
6376	0
6377	1
6378	0
6379	1
6380	1
6381	0
6382	0
6383	0
6384	0
6385	0
6386	0
6387	0
6388	0
6389	0
6390	1
6391	1
6392	0
6393	2
6394	0
6395	0
6396	0
6397	0
6398	1
6399	0
6400	1
6401	0
6402	1
6403	1
6404	1
6405	1
6406	2
6407	2
6408	0
6409	0
6410	1
6411	1
6412	0
6413	0
6414	1
6415	0
6416	2
6417	1
6418	1
6419	1
6420	0
6421	1
6422	1
6423	0
6424	0
6425	1
6426	0
6427	0
6428	1
6429	0
6430	0
6431	0
6432	0
6433	0
6434	1
6435	1
6436	2
6437	1
6438	0
6439	1
6440	1
6441	0
6442	3
6443	2
6444	0
6445	0
6446	1
6447	0
6448	0
6449	1
6450	1
6451	0
6452	0
6453	2
6454	1
6455	0
6456	2
6457	0
6458	0
6459	0
6460	0
6461	1
6462	2
6463	2
6464	1
6465	0
6466	0
6467	1
6468	3
6469	0
6470	0
6471	0
6472	0
6473	0
6474	3
6475	0
6476	1
6477	0
6478	0
6479	0
6480	0
6481	0
6482	0
6483	0
6484	1
6485	0
6486	1
6487	1
6488	2
6489	0
6490	0
6491	0
6492	0
6493	0
6494	0
6495	1
6496	1
6497	1
6498	1
6499	0
6500	0
6501	2
6502	0
6503	1
6504	0
6505	1
6506	1
6507	0
6508	1
6509	0
6510	1
6511	1
6512	0
6513	1
6514	0
6515	0
6516	0
6517	2
6518	1
6519	0
6520	0
6521	0
6522	1
6523	0
6524	0
6525	0
6526	1
6527	0
6528	1
6529	0
6530	0
6531	0
6532	1
6533	0
6534	0
6535	0
6536	1
6537	0
6538	0
6539	2
6540	1
6541	0
6542	1
6543	2
6544	0
6545	0
6546	0
6547	1
6548	0
6549	1
6550	0
6551	0
6552	3
6553	0
6554	0
6555	2
6556	1
6557	1
6558	0
6559	2
6560	1
6561	0
6562	1
6563	0
6564	0
6565	1
6566	0
6567	1
6568	0
6569	0
6570	1
6571	0
6572	1
6573	0
6574	1
6575	0
6576	0
6577	0
6578	1
6579	0
6580	0
6581	0
6582	0
6583	0
6584	0
6585	1
6586	1
6587	0
6588	0
6589	1
6590	3
6591	0
6592	0
6593	2
6594	0
6595	1
6596	1
6597	0
6598	1
6599	1
6600	0
6601	1
6602	0
6603	2
6604	1
6605	1
6606	0
6607	1
6608	0
6609	1
6610	0
6611	0
6612	0
6613	1
6614	0
6615	0
6616	0
6617	1
6618	1
6619	0
6620	1
6621	0
6622	0
6623	0
6624	1
6625	0
6626	1
6627	1
6628	0
6629	0
6630	1
6631	0
6632	0
6633	0
6634	1
6635	1
6636	1
6637	1
6638	3
6639	0
6640	0
6641	1
6642	0
6643	0
6644	0
6645	1
6646	0
6647	1
6648	1
6649	0
6650	1
6651	2
6652	1
6653	0
6654	1
6655	0
6656	2
6657	1
6658	0
6659	0
6660	1
6661	0
6662	0
6663	0
6664	0
6665	1
6666	0
6667	0
6668	0
6669	1
6670	1
6671	0
6672	0
6673	1
6674	0
6675	2
6676	1
6677	0
6678	0
6679	0
6680	0
6681	0
6682	0
6683	1
6684	0
6685	2
6686	1
6687	0
6688	1
6689	0
6690	0
6691	2
6692	0
6693	0
6694	1
6695	0
6696	0
6697	2
6698	2
6699	1
6700	0
6701	0
6702	0
6703	0
6704	0
6705	0
6706	2
6707	1
6708	0
6709	0
6710	0
6711	0
6712	0
6713	0
6714	0
6715	0
6716	3
6717	0
6718	1
6719	2
6720	0
6721	0
6722	0
6723	0
6724	1
6725	0
6726	1
6727	0
6728	1
6729	3
6730	1
6731	1
6732	0
6733	2
6734	1
6735	0
6736	1
6737	1
6738	0
6739	1
6740	0
6741	2
6742	1
6743	0
6744	1
6745	0
6746	1
6747	0
6748	0
6749	0
6750	1
6751	0
6752	0
6753	1
6754	1
6755	1
6756	1
6757	0
6758	0
6759	0
6760	0
6761	0
6762	1
6763	0
6764	1
6765	0
6766	0
6767	0
6768	3
6769	3
6770	0
6771	0
6772	1
6773	1
6774	2
6775	0
6776	0
6777	1
6778	1
6779	0
6780	0
6781	1
6782	1
6783	0
6784	0
6785	0
6786	0
6787	1
6788	0
6789	0
6790	1
6791	1
6792	1
6793	2
6794	0
6795	2
6796	1
6797	0
6798	0
6799	0
6800	1
6801	0
6802	0
6803	0
6804	0
6805	2
6806	0
6807	1
6808	0
6809	0
6810	1
6811	2
6812	0
6813	1
6814	0
6815	0
6816	1
6817	1
6818	0
6819	0
6820	1
6821	0
6822	0
6823	0
6824	1
6825	0
6826	0
6827	0
6828	0
6829	1
6830	0
6831	1
6832	2
6833	0
6834	0
6835	1
6836	0
6837	0
6838	0
6839	1
6840	0
6841	1
6842	0
6843	0
6844	0
6845	1
6846	0
6847	0
6848	1
6849	0
6850	0
6851	0
6852	0
6853	1
6854	0
6855	0
6856	2
6857	0
6858	0
6859	0
6860	1
6861	0
6862	1
6863	0
6864	1
6865	2
6866	0
6867	1
6868	0
6869	1
6870	2
6871	0
6872	1
6873	1
6874	1
6875	0
6876	0
6877	1
6878	0
6879	1
6880	0
6881	1
6882	1
6883	1
6884	1
6885	0
6886	0
6887	0
6888	2
6889	1
6890	1
6891	0
6892	0
6893	2
6894	1
6895	0
6896	1
6897	0
6898	1
6899	0
6900	0
6901	1
6902	1
6903	2
6904	0
6905	0
6906	0
6907	3
6908	0
6909	1
6910	0
6911	1
6912	1
6913	1
6914	1
6915	0
6916	0
6917	4
6918	0
6919	0
6920	1
6921	1
6922	0
6923	0
6924	4
6925	2
6926	0
6927	1
6928	0
6929	0
6930	0
6931	0
6932	1
6933	0
6934	1
6935	0
6936	1
6937	0
6938	0
6939	0
6940	2
6941	1
6942	2
6943	0
6944	1
6945	3
6946	1
6947	0
6948	3
6949	1
6950	2
6951	1
6952	1
6953	0
6954	1
6955	0
6956	0
6957	1
6958	0
6959	1
6960	1
6961	0
6962	1
6963	0
6964	1
6965	1
6966	0
6967	0
6968	3
6969	0
6970	1
6971	1
6972	0
6973	0
6974	1
6975	0
6976	1
6977	0
6978	2
6979	0
6980	0
6981	2
6982	0
6983	0
6984	0
6985	0
6986	0
6987	0
6988	0
6989	1
6990	0
6991	0
6992	1
6993	1
6994	1
6995	0
6996	1
6997	0
6998	1
6999	0
7000	1
7001	1
7002	0
7003	0
7004	1
7005	3
7006	1
7007	0
7008	1
7009	0
7010	0
7011	0
7012	1
7013	1
7014	1
7015	0
7016	0
7017	0
7018	0
7019	0
7020	2
7021	0
7022	0
7023	1
7024	0
7025	0
7026	0
7027	2
7028	1
7029	0
7030	1
7031	0
7032	1
7033	1
7034	0
7035	2
7036	0
7037	0
7038	2
7039	0
7040	0
7041	1
7042	0
7043	1
7044	0
7045	0
7046	0
7047	1
7048	0
7049	1
7050	0
7051	1
7052	1
7053	0
7054	1
7055	2
7056	0
7057	0
7058	0
7059	0
7060	1
7061	2
7062	0
7063	1
7064	0
7065	0
7066	0
7067	0
7068	1
7069	0
7070	0
7071	0
7072	0
7073	0
7074	0
7075	0
7076	0
7077	1
7078	1
7079	0
7080	0
7081	1
7082	1
7083	3
7084	1
7085	1
7086	1
7087	0
7088	1
7089	1
7090	1
7091	0
7092	0
7093	0
7094	1
7095	0
7096	0
7097	0
7098	0
7099	1
7100	0
7101	1
7102	1
7103	1
7104	0
7105	0
7106	0
7107	0
7108	0
7109	0
7110	0
7111	2
7112	2
7113	0
7114	2
7115	0
7116	0
7117	0
7118	0
7119	0
7120	1
7121	0
7122	0
7123	0
7124	0
7125	0
7126	0
7127	1
7128	1
7129	1
7130	0
7131	0
7132	0
7133	0
7134	1
7135	1
7136	0
7137	0
7138	0
7139	3
7140	0
7141	0
7142	2
7143	0
7144	0
7145	0
7146	0
7147	1
7148	1
7149	1
7150	1
7151	1
7152	0
7153	0
7154	1
7155	1
7156	0
7157	0
7158	0
7159	1
7160	1
7161	0
7162	1
7163	0
7164	0
7165	0
7166	0
7167	0
7168	0
7169	2
7170	1
7171	0
7172	1
7173	1
7174	1
7175	1
7176	0
7177	0
7178	0
7179	1
7180	0
7181	1
7182	1
7183	0
7184	1
7185	0
7186	1
7187	1
7188	1
7189	0
7190	0
7191	1
7192	1
7193	1
7194	0
7195	0
7196	0
7197	1
7198	0
7199	1
7200	0
7201	0
7202	0
7203	1
7204	2
7205	0
7206	0
7207	0
7208	1
7209	2
7210	0
7211	0
7212	1
7213	0
7214	1
7215	1
7216	1
7217	0
7218	0
7219	0
7220	1
7221	0
7222	1
7223	0
7224	0
7225	2
7226	0
7227	0
7228	0
7229	2
7230	0
7231	1
7232	0
7233	0
7234	0
7235	2
7236	0
7237	0
7238	2
7239	1
7240	0
7241	0
7242	0
7243	0
7244	2
7245	0
7246	1
7247	0
7248	0
7249	0
7250	1
7251	0
7252	0
7253	0
7254	1
7255	0
7256	0
7257	0
7258	0
7259	3
7260	0
7261	0
7262	0
7263	0
7264	0
7265	3
7266	0
7267	0
7268	1
7269	0
7270	0
7271	0
7272	2
7273	0
7274	0
7275	0
7276	0
7277	1
7278	0
7279	0
7280	3
7281	0
7282	1
7283	1
7284	0
7285	0
7286	1
7287	1
7288	1
7289	0
7290	0
7291	0
7292	1
7293	0
7294	1
7295	0
7296	0
7297	2
7298	0
7299	0
7300	1
7301	0
7302	2
7303	0
7304	1
7305	0
7306	0
7307	0
7308	1
7309	1
7310	0
7311	0
7312	3
7313	1
7314	0
7315	2
7316	0
7317	0
7318	0
7319	1
7320	1
7321	0
7322	1
7323	1
7324	0
7325	0
7326	0
7327	1
7328	0
7329	0
7330	0
7331	2
7332	0
7333	0
7334	2
7335	1
7336	2
7337	4
7338	1
7339	0
7340	0
7341	0
7342	1
7343	2
7344	0
7345	0
7346	0
7347	2
7348	0
7349	0
7350	2
7351	0
7352	0
7353	0
7354	0
7355	1
7356	0
7357	0
7358	1
7359	0
7360	0
7361	0
7362	0
7363	0
7364	5
7365	0
7366	0
7367	0
7368	0
7369	0
7370	1
7371	0
7372	1
7373	0
7374	0
7375	0
7376	0
7377	0
7378	0
7379	0
7380	0
7381	0
7382	1
7383	0
7384	1
7385	0
7386	1
7387	1
7388	0
7389	2
7390	0
7391	0
7392	0
7393	0
7394	0
7395	0
7396	3
7397	0
7398	0
7399	0
7400	1
7401	1
7402	1
7403	1
7404	0
7405	0
7406	2
7407	0
7408	2
7409	0
7410	0
7411	0
7412	0
7413	0
7414	0
7415	0
7416	2
7417	0
7418	1
7419	0
7420	1
7421	2
7422	0
7423	1
7424	2
7425	1
7426	1
7427	0
7428	1
7429	0
7430	0
7431	0
7432	1
7433	0
7434	1
7435	0
7436	0
7437	0
7438	0
7439	1
7440	0
7441	1
7442	1
7443	2
7444	1
7445	0
7446	0
7447	1
7448	0
7449	0
7450	0
7451	0
7452	1
7453	0
7454	0
7455	0
7456	0
7457	0
7458	0
7459	1
7460	2
7461	0
7462	1
7463	1
7464	0
7465	0
7466	0
7467	0
7468	0
7469	0
7470	1
7471	0
7472	1
7473	0
7474	0
7475	0
7476	0
7477	1
7478	0
7479	1
7480	0
7481	1
7482	0
7483	0
7484	1
7485	0
7486	0
7487	0
7488	0
7489	1
7490	0
7491	0
7492	0
7493	0
7494	0
7495	0
7496	1
7497	2
7498	1
7499	2
7500	1
7501	2
7502	1
7503	2
7504	1
7505	0
7506	0
7507	1
7508	0
7509	1
7510	0
7511	1
7512	2
7513	1
7514	0
7515	0
7516	0
7517	3
7518	1
7519	0
7520	0
7521	0
7522	0
7523	1
7524	1
7525	0
7526	0
7527	0
7528	0
7529	2
7530	0
7531	1
7532	0
7533	2
7534	0
7535	0
7536	2
7537	1
7538	2
7539	0
7540	0
7541	1
7542	1
7543	0
7544	0
7545	0
7546	0
7547	0
7548	0
7549	0
7550	0
7551	0
7552	1
7553	1
7554	0
7555	0
7556	1
7557	0
7558	0
7559	2
7560	1
7561	1
7562	0
7563	2
7564	0
7565	0
7566	1
7567	1
7568	1
7569	2
7570	1
7571	0
7572	0
7573	1
7574	1
7575	1
7576	1
7577	1
7578	0
7579	1
7580	1
7581	2
7582	1
7583	1
7584	0
7585	1
7586	0
7587	1
7588	0
7589	1
7590	0
7591	0
7592	0
7593	0
7594	0
7595	0
7596	3
7597	0
7598	0
7599	1
7600	0
7601	1
7602	0
7603	0
7604	0
7605	1
7606	0
7607	1
7608	1
7609	0
7610	0
7611	0
7612	0
7613	1
7614	0
7615	0
7616	0
7617	0
7618	0
7619	0
7620	2
7621	0
7622	1
7623	0
7624	0
7625	0
7626	0
7627	1
7628	3
7629	1
7630	1
7631	1
7632	1
7633	0
7634	0
7635	0
7636	0
7637	0
7638	2
7639	0
7640	0
7641	0
7642	0
7643	0
7644	2
7645	0
7646	0
7647	0
7648	0
7649	0
7650	1
7651	1
7652	0
7653	0
7654	0
7655	0
7656	0
7657	1
7658	1
7659	0
7660	0
7661	0
7662	0
7663	3
7664	0
7665	2
7666	0
7667	1
7668	0
7669	0
7670	0
7671	1
7672	1
7673	0
7674	0
7675	0
7676	0
7677	1
7678	1
7679	0
7680	1
7681	0
7682	0
7683	0
7684	0
7685	0
7686	1
7687	2
7688	0
7689	0
7690	0
7691	0
7692	0
7693	1
7694	1
7695	0
7696	3
7697	0
7698	3
7699	0
7700	1
7701	1
7702	0
7703	1
7704	0
7705	0
7706	0
7707	1
7708	1
7709	0
7710	0
7711	1
7712	0
7713	0
7714	1
7715	1
7716	0
7717	0
7718	1
7719	0
7720	0
7721	0
7722	0
7723	1
7724	0
7725	0
7726	0
7727	0
7728	0
7729	0
7730	3
7731	0
7732	1
7733	0
7734	0
7735	0
7736	0
7737	0
7738	0
7739	0
7740	0
7741	0
7742	0
7743	1
7744	0
7745	1
7746	1
7747	0
7748	3
7749	0
7750	1
7751	0
7752	0
7753	0
7754	0
7755	0
7756	1
7757	0
7758	0
7759	0
7760	1
7761	1
7762	0
7763	0
7764	0
7765	1
7766	1
7767	0
7768	0
7769	2
7770	1
7771	0
7772	0
7773	1
7774	0
7775	2
7776	0
7777	0
7778	0
7779	0
7780	0
7781	0
7782	0
7783	1
7784	0
7785	0
7786	2
7787	2
7788	0
7789	0
7790	2
7791	0
7792	0
7793	0
7794	0
7795	2
7796	1
7797	0
7798	1
7799	0
7800	0
7801	0
7802	1
7803	1
7804	0
7805	0
7806	0
7807	0
7808	0
7809	1
7810	2
7811	0
7812	0
7813	0
7814	0
7815	2
7816	2
7817	0
7818	1
7819	0
7820	1
7821	0
7822	0
7823	1
7824	0
7825	3
7826	0
7827	0
7828	0
7829	1
7830	0
7831	0
7832	1
7833	1
7834	1
7835	1
7836	0
7837	0
7838	0
7839	0
7840	0
7841	1
7842	0
7843	0
7844	1
7845	0
7846	1
7847	0
7848	0
7849	0
7850	0
7851	0
7852	1
7853	0
7854	0
7855	0
7856	1
7857	0
7858	0
7859	0
7860	1
7861	0
7862	1
7863	0
7864	0
7865	0
7866	1
7867	2
7868	0
7869	0
7870	0
7871	0
7872	0
7873	1
7874	0
7875	0
7876	2
7877	0
7878	1
7879	0
7880	0
7881	2
7882	1
7883	0
7884	1
7885	0
7886	0
7887	1
7888	0
7889	1
7890	0
7891	1
7892	1
7893	1
7894	0
7895	0
7896	0
7897	0
7898	0
7899	0
7900	0
7901	1
7902	0
7903	1
7904	1
7905	1
7906	0
7907	1
7908	2
7909	0
7910	0
7911	1
7912	1
7913	2
7914	0
7915	1
7916	0
7917	0
7918	1
7919	1
7920	0
7921	1
7922	0
7923	1
7924	1
7925	0
7926	0
7927	0
7928	1
7929	0
7930	0
7931	0
7932	1
7933	1
7934	0
7935	0
7936	0
7937	0
7938	0
7939	0
7940	0
7941	0
7942	1
7943	0
7944	1
7945	0
7946	0
7947	0
7948	1
7949	0
7950	0
7951	1
7952	1
7953	0
7954	0
7955	0
7956	0
7957	0
7958	0
7959	1
7960	1
7961	0
7962	0
7963	0
7964	0
7965	1
7966	0
7967	2
7968	0
7969	3
7970	1
7971	0
7972	2
7973	2
7974	1
7975	0
7976	0
7977	0
7978	0
7979	1
7980	0
7981	0
7982	0
7983	1
7984	0
7985	0
7986	0
7987	0
7988	1
7989	0
7990	0
7991	1
7992	0
7993	0
7994	0
7995	0
7996	1
7997	2
7998	0
7999	0
8000	0
8001	1
8002	0
8003	0
8004	0
8005	1
8006	0
8007	0
8008	0
8009	0
8010	2
8011	0
8012	0
8013	0
8014	0
8015	0
8016	1
8017	0
8018	3
8019	0
8020	0
8021	0
8022	0
8023	0
8024	0
8025	0
8026	0
8027	0
8028	0
8029	0
8030	0
8031	0
8032	0
8033	0
8034	0
8035	1
8036	0
8037	0
8038	0
8039	0
8040	0
8041	1
8042	0
8043	0
8044	0
8045	1
8046	1
8047	2
8048	0
8049	1
8050	1
8051	0
8052	0
8053	0
8054	1
8055	0
8056	0
8057	0
8058	0
8059	1
8060	0
8061	0
8062	0
8063	0
8064	1
8065	1
8066	1
8067	0
8068	1
8069	0
8070	0
8071	1
8072	1
8073	0
8074	0
8075	1
8076	1
8077	1
8078	0
8079	0
8080	0
8081	0
8082	0
8083	0
8084	0
8085	0
8086	0
8087	0
8088	0
8089	0
8090	0
8091	1
8092	0
8093	0
8094	0
8095	0
8096	0
8097	0
8098	1
8099	0
8100	1
8101	0
8102	0
8103	0
8104	0
8105	0
8106	0
8107	0
8108	0
8109	0
8110	1
8111	0
8112	1
8113	0
8114	1
8115	0
8116	0
8117	1
8118	0
8119	1
8120	1
8121	1
8122	1
8123	1
8124	1
8125	0
8126	0
8127	0
8128	0
8129	0
8130	0
8131	0
8132	1
8133	0
8134	0
8135	0
8136	1
8137	0
8138	1
8139	1
8140	0
8141	0
8142	0
8143	0
8144	0
8145	0
8146	0
8147	0
8148	0
8149	0
8150	0
8151	0
8152	0
8153	0
8154	0
8155	0
8156	0
8157	0
8158	0
8159	0
8160	0
8161	0
8162	0
8163	0
8164	0
8165	0
8166	0
8167	0
8168	0
8169	0
8170	0
8171	0
8172	0
8173	0
8174	0
8175	0
8176	0
8177	0
8178	0
8179	0
8180	0
8181	0
8182	0
8183	0
8184	0
8185	0
8186	0
8187	0
8188	0
8189	0
8190	0
8191	0
