0	0
1	0
2	0
3	0
4	0
5	0
6	0
7	0
8	0
9	0
10	0
11	0
12	0
13	0
14	0
15	0
16	0
17	0
18	0
19	0
20	0
21	0
22	0
23	0
24	0
25	0
26	0
27	0
28	0
29	0
30	0
31	0
32	0
33	0
34	0
35	0
36	0
37	0
38	0
39	0
40	0
41	0
42	0
43	0
44	0
45	0
46	0
47	0
48	0
49	0
50	0
51	0
52	0
53	0
54	0
55	0
56	0
57	0
58	0
59	0
60	0
61	0
62	0
63	0
64	0
65	0
66	0
67	0
68	0
69	0
70	0
71	0
72	0
73	0
74	0
75	0
76	0
77	0
78	0
79	0
80	0
81	0
82	0
83	0
84	0
85	0
86	0
87	0
88	0
89	0
90	0
91	0
92	0
93	0
94	0
95	0
96	0
97	0
98	0
99	0
100	0
101	0
102	0
103	0
104	0
105	0
106	0
107	0
108	0
109	0
110	0
111	0
112	0
113	0
114	0
115	0
116	0
117	0
118	0
119	0
120	0
121	0
122	0
123	0
124	0
125	0
126	0
127	0
128	0
129	0
130	0
131	0
132	0
133	0
134	0
135	0
136	0
137	0
138	0
139	0
140	0
141	0
142	0
143	0
144	0
145	0
146	0
147	0
148	0
149	0
150	0
151	0
152	0
153	0
154	0
155	0
156	0
157	0
158	0
159	0
160	0
161	0
162	0
163	0
164	0
165	0
166	0
167	0
168	0
169	0
170	0
171	0
172	0
173	0
174	0
175	0
176	0
177	0
178	0
179	0
180	0
181	0
182	0
183	0
184	0
185	0
186	0
187	0
188	0
189	0
190	0
191	0
192	0
193	0
194	0
195	0
196	0
197	0
198	0
199	0
200	0
201	0
202	0
203	0
204	0
205	0
206	0
207	0
208	0
209	0
210	0
211	0
212	0
213	0
214	0
215	0
216	0
217	0
218	0
219	0
220	0
221	0
222	0
223	0
224	0
225	0
226	0
227	0
228	0
229	0
230	0
231	0
232	0
233	0
234	0
235	0
236	0
237	0
238	0
239	0
240	0
241	0
242	0
243	0
244	0
245	0
246	0
247	0
248	0
249	0
250	0
251	0
252	0
253	0
254	0
255	0
256	0
257	0
258	0
259	0
260	0
261	0
262	0
263	0
264	0
265	0
266	0
267	0
268	0
269	0
270	0
271	0
272	0
273	0
274	0
275	0
276	0
277	0
278	0
279	0
280	0
281	0
282	0
283	0
284	0
285	0
286	0
287	0
288	0
289	0
290	0
291	0
292	0
293	0
294	0
295	0
296	0
297	0
298	0
299	0
300	0
301	0
302	0
303	0
304	0
305	0
306	0
307	0
308	0
309	0
310	0
311	0
312	0
313	0
314	0
315	0
316	0
317	0
318	0
319	0
320	0
321	0
322	0
323	0
324	0
325	0
326	0
327	0
328	0
329	0
330	0
331	0
332	0
333	0
334	0
335	0
336	0
337	0
338	0
339	0
340	0
341	0
342	0
343	0
344	0
345	0
346	0
347	0
348	0
349	0
350	0
351	0
352	0
353	0
354	0
355	0
356	0
357	0
358	0
359	0
360	0
361	0
362	0
363	0
364	0
365	0
366	0
367	0
368	0
369	0
370	0
371	0
372	0
373	0
374	0
375	0
376	0
377	0
378	0
379	0
380	0
381	0
382	0
383	0
384	0
385	0
386	0
387	0
388	0
389	0
390	0
391	0
392	0
393	0
394	0
395	0
396	0
397	0
398	0
399	0
400	0
401	0
402	0
403	0
404	0
405	0
406	0
407	0
408	0
409	0
410	0
411	0
412	0
413	0
414	0
415	0
416	0
417	0
418	0
419	0
420	0
421	0
422	0
423	0
424	0
425	0
426	0
427	0
428	0
429	0
430	0
431	0
432	0
433	0
434	0
435	0
436	0
437	0
438	0
439	0
440	0
441	0
442	0
443	0
444	0
445	0
446	0
447	0
448	0
449	0
450	0
451	0
452	0
453	0
454	0
455	0
456	0
457	0
458	0
459	0
460	0
461	0
462	0
463	0
464	0
465	0
466	0
467	0
468	0
469	0
470	0
471	0
472	0
473	0
474	0
475	0
476	0
477	0
478	0
479	0
480	0
481	0
482	0
483	0
484	0
485	0
486	0
487	0
488	0
489	0
490	0
491	0
492	0
493	0
494	0
495	0
496	0
497	0
498	0
499	0
500	0
501	0
502	0
503	0
504	0
505	0
506	0
507	0
508	0
509	0
510	0
511	0
512	0
513	0
514	0
515	0
516	0
517	0
518	0
519	0
520	0
521	0
522	0
523	0
524	0
525	0
526	0
527	0
528	0
529	0
530	0
531	0
532	0
533	0
534	0
535	0
536	0
537	0
538	0
539	0
540	0
541	0
542	0
543	0
544	0
545	0
546	0
547	0
548	0
549	0
550	0
551	0
552	0
553	0
554	0
555	0
556	0
557	0
558	0
559	0
560	0
561	0
562	0
563	0
564	0
565	0
566	0
567	0
568	0
569	0
570	0
571	0
572	0
573	0
574	0
575	0
576	0
577	0
578	0
579	0
580	0
581	0
582	0
583	0
584	0
585	0
586	0
587	0
588	0
589	0
590	0
591	0
592	0
593	0
594	0
595	0
596	0
597	0
598	0
599	0
600	0
601	0
602	0
603	0
604	0
605	0
606	0
607	0
608	0
609	0
610	0
611	0
612	0
613	0
614	2
615	1
616	0
617	4
618	1
619	2
620	1
621	3
622	2
623	6
624	2
625	5
626	4
627	5
628	4
629	3
630	3
631	8
632	6
633	17
634	9
635	7
636	12
637	10
638	9
639	11
640	11
641	14
642	17
643	14
644	22
645	15
646	44
647	26
648	39
649	37
650	53
651	49
652	44
653	68
654	72
655	74
656	70
657	81
658	78
659	84
660	94
661	89
662	107
663	119
664	95
665	122
666	107
667	108
668	131
669	144
670	119
671	140
672	130
673	145
674	142
675	143
676	131
677	154
678	164
679	164
680	165
681	193
682	197
683	206
684	217
685	220
686	198
687	216
688	230
689	234
690	232
691	238
692	252
693	234
694	230
695	265
696	268
697	269
698	272
699	312
700	312
701	294
702	321
703	346
704	346
705	357
706	353
707	432
708	394
709	426
710	401
711	399
712	419
713	454
714	449
715	468
716	477
717	503
718	542
719	566
720	564
721	505
722	585
723	535
724	581
725	630
726	647
727	652
728	626
729	670
730	679
731	725
732	733
733	682
734	754
735	811
736	802
737	813
738	778
739	886
740	837
741	930
742	909
743	869
744	930
745	931
746	1000
747	997
748	967
749	1070
750	1014
751	1021
752	1116
753	1088
754	1078
755	1172
756	1138
757	1166
758	1172
759	1278
760	1236
761	1350
762	1294
763	1351
764	1293
765	1221
766	1356
767	1329
768	1402
769	1415
770	1372
771	1500
772	1521
773	1457
774	1545
775	1536
776	1434
777	1589
778	1563
779	1651
780	1576
781	1593
782	1622
783	1629
784	1667
785	1725
786	1706
787	1681
788	1739
789	1696
790	1752
791	1742
792	1793
793	1766
794	1821
795	1843
796	1828
797	1854
798	1877
799	1946
800	1876
801	1857
802	1838
803	1922
804	1965
805	1878
806	1897
807	1942
808	1908
809	1982
810	1859
811	1918
812	1921
813	1921
814	1955
815	1954
816	1919
817	2026
818	2036
819	1867
820	1984
821	1918
822	1904
823	1989
824	1922
825	1923
826	1979
827	1934
828	1927
829	1911
830	1908
831	1909
832	1895
833	1903
834	1864
835	1860
836	1844
837	1887
838	1827
839	1813
840	1807
841	1839
842	1762
843	1792
844	1744
845	1777
846	1726
847	1827
848	1786
849	1717
850	1822
851	1677
852	1752
853	1673
854	1583
855	1675
856	1708
857	1718
858	1665
859	1582
860	1638
861	1612
862	1577
863	1596
864	1570
865	1551
866	1495
867	1533
868	1487
869	1477
870	1376
871	1419
872	1377
873	1388
874	1363
875	1392
876	1371
877	1312
878	1378
879	1321
880	1300
881	1272
882	1239
883	1291
884	1248
885	1336
886	1166
887	1183
888	1128
889	1175
890	1156
891	1217
892	1092
893	1155
894	1130
895	1101
896	1144
897	1110
898	1033
899	1021
900	1015
901	1049
902	1070
903	1025
904	981
905	964
906	924
907	971
908	910
909	907
910	991
911	875
912	909
913	852
914	889
915	813
916	797
917	834
918	816
919	766
920	790
921	751
922	801
923	724
924	762
925	761
926	769
927	684
928	744
929	713
930	690
931	656
932	657
933	715
934	654
935	642
936	641
937	654
938	587
939	601
940	619
941	594
942	552
943	579
944	608
945	575
946	551
947	600
948	531
949	557
950	521
951	555
952	518
953	483
954	532
955	484
956	476
957	505
958	504
959	495
960	452
961	466
962	467
963	485
964	463
965	421
966	411
967	485
968	424
969	419
970	408
971	367
972	403
973	447
974	375
975	376
976	378
977	363
978	361
979	399
980	353
981	350
982	337
983	323
984	380
985	335
986	330
987	354
988	329
989	287
990	325
991	319
992	305
993	321
994	292
995	280
996	301
997	309
998	290
999	283
1000	280
1001	260
1002	273
1003	281
1004	277
1005	284
1006	272
1007	283
1008	282
1009	274
1010	245
1011	209
1012	223
1013	232
1014	256
1015	235
1016	233
1017	221
1018	236
1019	223
1020	244
1021	214
1022	206
1023	188
1024	193
1025	198
1026	212
1027	198
1028	237
1029	222
1030	206
1031	186
1032	203
1033	217
1034	190
1035	179
1036	174
1037	191
1038	166
1039	194
1040	186
1041	159
1042	164
1043	189
1044	183
1045	175
1046	163
1047	147
1048	173
1049	166
1050	149
1051	181
1052	156
1053	161
1054	173
1055	164
1056	156
1057	153
1058	163
1059	157
1060	158
1061	137
1062	133
1063	154
1064	142
1065	148
1066	134
1067	117
1068	157
1069	157
1070	139
1071	145
1072	136
1073	121
1074	117
1075	109
1076	133
1077	134
1078	134
1079	128
1080	118
1081	120
1082	110
1083	131
1084	118
1085	130
1086	128
1087	104
1088	110
1089	112
1090	98
1091	113
1092	113
1093	111
1094	107
1095	118
1096	104
1097	106
1098	110
1099	128
1100	103
1101	92
1102	101
1103	107
1104	103
1105	102
1106	114
1107	88
1108	92
1109	90
1110	94
1111	90
1112	97
1113	94
1114	94
1115	95
1116	87
1117	81
1118	97
1119	100
1120	95
1121	107
1122	93
1123	78
1124	82
1125	66
1126	78
1127	88
1128	83
1129	93
1130	87
1131	85
1132	94
1133	91
1134	81
1135	73
1136	71
1137	74
1138	87
1139	80
1140	85
1141	75
1142	76
1143	78
1144	81
1145	71
1146	70
1147	67
1148	71
1149	74
1150	55
1151	74
1152	65
1153	74
1154	63
1155	70
1156	65
1157	54
1158	56
1159	68
1160	74
1161	60
1162	77
1163	57
1164	59
1165	63
1166	62
1167	62
1168	59
1169	62
1170	49
1171	46
1172	66
1173	75
1174	57
1175	74
1176	60
1177	57
1178	52
1179	48
1180	63
1181	60
1182	53
1183	50
1184	59
1185	61
1186	50
1187	67
1188	70
1189	64
1190	37
1191	44
1192	48
1193	68
1194	51
1195	62
1196	54
1197	51
1198	48
1199	57
1200	55
1201	49
1202	52
1203	50
1204	60
1205	47
1206	49
1207	45
1208	54
1209	62
1210	49
1211	50
1212	59
1213	52
1214	47
1215	43
1216	49
1217	44
1218	58
1219	44
1220	49
1221	54
1222	41
1223	55
1224	58
1225	49
1226	45
1227	37
1228	44
1229	44
1230	49
1231	49
1232	37
1233	46
1234	33
1235	30
1236	42
1237	42
1238	43
1239	46
1240	47
1241	40
1242	30
1243	36
1244	41
1245	34
1246	42
1247	44
1248	52
1249	38
1250	34
1251	47
1252	35
1253	31
1254	34
1255	33
1256	42
1257	31
1258	35
1259	41
1260	33
1261	38
1262	38
1263	41
1264	34
1265	26
1266	28
1267	42
1268	40
1269	47
1270	36
1271	39
1272	38
1273	26
1274	40
1275	29
1276	27
1277	33
1278	28
1279	29
1280	31
1281	33
1282	27
1283	24
1284	35
1285	28
1286	28
1287	37
1288	34
1289	35
1290	29
1291	24
1292	40
1293	32
1294	33
1295	32
1296	31
1297	30
1298	27
1299	41
1300	27
1301	28
1302	30
1303	26
1304	33
1305	25
1306	28
1307	41
1308	28
1309	25
1310	38
1311	28
1312	25
1313	29
1314	37
1315	31
1316	23
1317	21
1318	15
1319	35
1320	38
1321	31
1322	25
1323	25
1324	30
1325	24
1326	31
1327	21
1328	18
1329	30
1330	21
1331	21
1332	32
1333	24
1334	21
1335	25
1336	14
1337	20
1338	32
1339	32
1340	16
1341	27
1342	16
1343	17
1344	18
1345	20
1346	23
1347	27
1348	31
1349	23
1350	19
1351	18
1352	22
1353	23
1354	19
1355	22
1356	23
1357	26
1358	22
1359	14
1360	15
1361	19
1362	21
1363	16
1364	32
1365	25
1366	21
1367	24
1368	20
1369	22
1370	15
1371	17
1372	23
1373	23
1374	14
1375	15
1376	20
1377	22
1378	20
1379	14
1380	25
1381	38
1382	24
1383	22
1384	23
1385	19
1386	23
1387	24
1388	16
1389	19
1390	11
1391	12
1392	15
1393	25
1394	13
1395	20
1396	15
1397	10
1398	16
1399	19
1400	16
1401	25
1402	14
1403	16
1404	18
1405	20
1406	12
1407	20
1408	17
1409	21
1410	25
1411	11
1412	18
1413	18
1414	12
1415	17
1416	16
1417	12
1418	19
1419	21
1420	17
1421	14
1422	14
1423	14
1424	19
1425	16
1426	12
1427	10
1428	17
1429	17
1430	14
1431	12
1432	22
1433	12
1434	21
1435	11
1436	14
1437	15
1438	9
1439	20
1440	17
1441	15
1442	15
1443	15
1444	10
1445	14
1446	17
1447	14
1448	11
1449	13
1450	11
1451	16
1452	5
1453	14
1454	6
1455	12
1456	17
1457	15
1458	15
1459	7
1460	12
1461	18
1462	11
1463	19
1464	15
1465	19
1466	16
1467	13
1468	14
1469	9
1470	17
1471	13
1472	9
1473	10
1474	17
1475	15
1476	17
1477	7
1478	14
1479	6
1480	19
1481	15
1482	7
1483	12
1484	15
1485	11
1486	14
1487	8
1488	8
1489	10
1490	16
1491	14
1492	15
1493	10
1494	11
1495	9
1496	15
1497	19
1498	16
1499	10
1500	11
1501	12
1502	14
1503	17
1504	15
1505	12
1506	10
1507	8
1508	11
1509	5
1510	10
1511	8
1512	12
1513	10
1514	17
1515	7
1516	11
1517	11
1518	9
1519	7
1520	12
1521	13
1522	7
1523	12
1524	12
1525	8
1526	9
1527	9
1528	14
1529	6
1530	18
1531	3
1532	11
1533	10
1534	7
1535	9
1536	8
1537	12
1538	15
1539	10
1540	7
1541	9
1542	5
1543	9
1544	11
1545	13
1546	15
1547	8
1548	13
1549	9
1550	18
1551	7
1552	6
1553	11
1554	12
1555	7
1556	9
1557	9
1558	7
1559	11
1560	8
1561	3
1562	5
1563	8
1564	6
1565	8
1566	8
1567	7
1568	14
1569	11
1570	7
1571	10
1572	5
1573	1
1574	5
1575	6
1576	9
1577	5
1578	9
1579	9
1580	9
1581	15
1582	8
1583	7
1584	13
1585	6
1586	6
1587	11
1588	15
1589	10
1590	8
1591	9
1592	6
1593	7
1594	9
1595	4
1596	9
1597	8
1598	9
1599	8
1600	7
1601	6
1602	7
1603	3
1604	7
1605	10
1606	7
1607	11
1608	12
1609	6
1610	6
1611	8
1612	8
1613	8
1614	8
1615	5
1616	4
1617	7
1618	8
1619	7
1620	9
1621	5
1622	6
1623	6
1624	7
1625	10
1626	6
1627	8
1628	6
1629	5
1630	13
1631	10
1632	9
1633	9
1634	12
1635	11
1636	5
1637	2
1638	6
1639	12
1640	9
1641	5
1642	7
1643	6
1644	9
1645	4
1646	5
1647	11
1648	6
1649	8
1650	6
1651	6
1652	5
1653	4
1654	7
1655	9
1656	4
1657	4
1658	3
1659	8
1660	6
1661	9
1662	8
1663	3
1664	4
1665	6
1666	7
1667	7
1668	2
1669	2
1670	3
1671	2
1672	5
1673	6
1674	7
1675	9
1676	5
1677	7
1678	7
1679	3
1680	14
1681	4
1682	2
1683	7
1684	5
1685	7
1686	8
1687	3
1688	10
1689	10
1690	6
1691	2
1692	4
1693	12
1694	8
1695	7
1696	5
1697	4
1698	3
1699	6
1700	6
1701	7
1702	9
1703	6
1704	4
1705	4
1706	9
1707	7
1708	5
1709	3
1710	6
1711	4
1712	2
1713	3
1714	5
1715	6
1716	3
1717	9
1718	5
1719	4
1720	5
1721	9
1722	4
1723	9
1724	4
1725	2
1726	7
1727	7
1728	6
1729	4
1730	4
1731	4
1732	5
1733	4
1734	3
1735	5
1736	6
1737	3
1738	1
1739	8
1740	8
1741	6
1742	1
1743	3
1744	3
1745	8
1746	8
1747	4
1748	8
1749	5
1750	0
1751	6
1752	4
1753	3
1754	5
1755	2
1756	7
1757	4
1758	8
1759	3
1760	1
1761	3
1762	5
1763	7
1764	1
1765	2
1766	4
1767	2
1768	5
1769	2
1770	0
1771	3
1772	5
1773	6
1774	3
1775	11
1776	4
1777	8
1778	1
1779	1
1780	0
1781	3
1782	4
1783	4
1784	5
1785	2
1786	4
1787	0
1788	1
1789	5
1790	2
1791	1
1792	1
1793	4
1794	6
1795	5
1796	1
1797	2
1798	5
1799	4
1800	7
1801	4
1802	3
1803	7
1804	1
1805	5
1806	5
1807	9
1808	6
1809	3
1810	4
1811	7
1812	4
1813	5
1814	4
1815	3
1816	2
1817	4
1818	3
1819	5
1820	2
1821	4
1822	6
1823	3
1824	5
1825	5
1826	4
1827	2
1828	5
1829	0
1830	1
1831	4
1832	4
1833	2
1834	3
1835	3
1836	5
1837	4
1838	5
1839	7
1840	0
1841	5
1842	2
1843	4
1844	4
1845	4
1846	6
1847	2
1848	2
1849	2
1850	2
1851	2
1852	3
1853	5
1854	1
1855	3
1856	2
1857	1
1858	7
1859	2
1860	3
1861	6
1862	3
1863	4
1864	2
1865	1
1866	4
1867	4
1868	2
1869	1
1870	0
1871	2
1872	4
1873	2
1874	2
1875	1
1876	3
1877	10
1878	5
1879	5
1880	4
1881	2
1882	2
1883	2
1884	1
1885	2
1886	5
1887	0
1888	3
1889	2
1890	3
1891	2
1892	1
1893	4
1894	7
1895	0
1896	5
1897	1
1898	2
1899	3
1900	4
1901	2
1902	1
1903	4
1904	1
1905	1
1906	4
1907	5
1908	3
1909	1
1910	1
1911	3
1912	1
1913	4
1914	3
1915	0
1916	5
1917	2
1918	3
1919	4
1920	2
1921	3
1922	5
1923	0
1924	2
1925	1
1926	4
1927	3
1928	0
1929	5
1930	3
1931	1
1932	1
1933	4
1934	2
1935	3
1936	3
1937	1
1938	5
1939	1
1940	4
1941	3
1942	5
1943	4
1944	3
1945	0
1946	1
1947	1
1948	1
1949	1
1950	4
1951	2
1952	4
1953	3
1954	0
1955	1
1956	6
1957	1
1958	4
1959	3
1960	4
1961	3
1962	4
1963	1
1964	2
1965	2
1966	5
1967	2
1968	2
1969	2
1970	1
1971	3
1972	1
1973	2
1974	2
1975	1
1976	2
1977	3
1978	2
1979	4
1980	1
1981	2
1982	2
1983	4
1984	1
1985	4
1986	2
1987	3
1988	4
1989	1
1990	1
1991	0
1992	0
1993	3
1994	1
1995	2
1996	4
1997	1
1998	0
1999	1
2000	2
2001	4
2002	2
2003	1
2004	2
2005	1
2006	3
2007	3
2008	0
2009	1
2010	2
2011	1
2012	3
2013	2
2014	2
2015	3
2016	0
2017	2
2018	0
2019	4
2020	4
2021	1
2022	2
2023	1
2024	6
2025	3
2026	0
2027	3
2028	4
2029	3
2030	2
2031	1
2032	1
2033	6
2034	3
2035	1
2036	2
2037	3
2038	1
2039	1
2040	0
2041	1
2042	0
2043	6
2044	3
2045	7
2046	0
2047	0
2048	1
2049	2
2050	3
2051	1
2052	4
2053	2
2054	4
2055	5
2056	6
2057	0
2058	4
2059	3
2060	6
2061	0
2062	0
2063	4
2064	1
2065	0
2066	1
2067	3
2068	4
2069	3
2070	1
2071	1
2072	2
2073	2
2074	2
2075	3
2076	2
2077	3
2078	2
2079	1
2080	1
2081	0
2082	2
2083	4
2084	3
2085	1
2086	3
2087	1
2088	0
2089	1
2090	1
2091	2
2092	1
2093	2
2094	2
2095	1
2096	0
2097	0
2098	1
2099	2
2100	1
2101	2
2102	2
2103	3
2104	0
2105	3
2106	3
2107	0
2108	4
2109	2
2110	1
2111	1
2112	3
2113	1
2114	1
2115	2
2116	2
2117	2
2118	3
2119	1
2120	2
2121	3
2122	2
2123	2
2124	2
2125	1
2126	1
2127	4
2128	1
2129	2
2130	2
2131	1
2132	2
2133	3
2134	3
2135	2
2136	2
2137	0
2138	3
2139	1
2140	0
2141	0
2142	1
2143	2
2144	2
2145	0
2146	1
2147	1
2148	3
2149	1
2150	2
2151	2
2152	0
2153	2
2154	1
2155	1
2156	4
2157	1
2158	1
2159	2
2160	2
2161	2
2162	4
2163	0
2164	3
2165	2
2166	1
2167	0
2168	1
2169	2
2170	2
2171	2
2172	3
2173	2
2174	4
2175	2
2176	2
2177	0
2178	2
2179	0
2180	4
2181	0
2182	3
2183	0
2184	1
2185	3
2186	1
2187	2
2188	2
2189	2
2190	2
2191	1
2192	2
2193	2
2194	0
2195	3
2196	0
2197	2
2198	2
2199	0
2200	3
2201	2
2202	2
2203	2
2204	1
2205	1
2206	1
2207	0
2208	0
2209	2
2210	3
2211	3
2212	1
2213	0
2214	0
2215	1
2216	1
2217	3
2218	1
2219	2
2220	1
2221	1
2222	1
2223	1
2224	1
2225	3
2226	1
2227	3
2228	0
2229	2
2230	0
2231	1
2232	1
2233	0
2234	0
2235	1
2236	1
2237	0
2238	1
2239	1
2240	1
2241	2
2242	2
2243	2
2244	1
2245	2
2246	4
2247	4
2248	2
2249	1
2250	1
2251	3
2252	0
2253	1
2254	0
2255	1
2256	0
2257	1
2258	1
2259	0
2260	2
2261	1
2262	2
2263	1
2264	1
2265	1
2266	2
2267	1
2268	1
2269	2
2270	1
2271	0
2272	1
2273	2
2274	2
2275	2
2276	2
2277	3
2278	1
2279	3
2280	1
2281	1
2282	0
2283	4
2284	1
2285	1
2286	0
2287	0
2288	3
2289	1
2290	1
2291	1
2292	0
2293	1
2294	1
2295	1
2296	2
2297	0
2298	0
2299	3
2300	3
2301	0
2302	0
2303	0
2304	2
2305	2
2306	1
2307	1
2308	1
2309	1
2310	1
2311	2
2312	0
2313	3
2314	0
2315	2
2316	0
2317	1
2318	0
2319	2
2320	0
2321	0
2322	1
2323	1
2324	1
2325	2
2326	2
2327	2
2328	1
2329	1
2330	0
2331	1
2332	0
2333	1
2334	0
2335	0
2336	0
2337	1
2338	2
2339	2
2340	2
2341	0
2342	2
2343	2
2344	1
2345	0
2346	3
2347	1
2348	3
2349	1
2350	0
2351	5
2352	1
2353	3
2354	1
2355	0
2356	1
2357	0
2358	2
2359	0
2360	1
2361	0
2362	1
2363	1
2364	0
2365	1
2366	1
2367	1
2368	1
2369	0
2370	3
2371	1
2372	1
2373	0
2374	0
2375	2
2376	0
2377	0
2378	0
2379	0
2380	1
2381	1
2382	0
2383	1
2384	2
2385	0
2386	0
2387	1
2388	0
2389	0
2390	1
2391	2
2392	1
2393	2
2394	0
2395	1
2396	2
2397	0
2398	0
2399	2
2400	0
2401	0
2402	0
2403	1
2404	0
2405	1
2406	3
2407	0
2408	1
2409	0
2410	0
2411	0
2412	1
2413	1
2414	1
2415	2
2416	0
2417	1
2418	2
2419	1
2420	0
2421	1
2422	1
2423	1
2424	0
2425	1
2426	4
2427	0
2428	0
2429	1
2430	1
2431	2
2432	2
2433	0
2434	3
2435	0
2436	2
2437	1
2438	3
2439	0
2440	1
2441	0
2442	0
2443	3
2444	0
2445	0
2446	1
2447	3
2448	1
2449	1
2450	2
2451	2
2452	1
2453	2
2454	2
2455	0
2456	0
2457	1
2458	0
2459	0
2460	0
2461	1
2462	0
2463	1
2464	2
2465	0
2466	1
2467	2
2468	0
2469	1
2470	0
2471	1
2472	0
2473	1
2474	1
2475	4
2476	0
2477	2
2478	3
2479	0
2480	0
2481	0
2482	2
2483	0
2484	0
2485	0
2486	1
2487	3
2488	2
2489	0
2490	0
2491	0
2492	2
2493	0
2494	1
2495	2
2496	1
2497	0
2498	3
2499	0
2500	3
2501	0
2502	1
2503	0
2504	0
2505	0
2506	1
2507	1
2508	0
2509	0
2510	0
2511	0
2512	4
2513	2
2514	0
2515	1
2516	4
2517	1
2518	2
2519	0
2520	1
2521	1
2522	2
2523	0
2524	0
2525	0
2526	1
2527	1
2528	0
2529	0
2530	2
2531	2
2532	1
2533	1
2534	2
2535	1
2536	2
2537	2
2538	0
2539	2
2540	4
2541	1
2542	1
2543	1
2544	3
2545	0
2546	1
2547	2
2548	1
2549	0
2550	0
2551	1
2552	0
2553	1
2554	0
2555	0
2556	0
2557	2
2558	1
2559	0
2560	1
2561	0
2562	1
2563	0
2564	1
2565	1
2566	2
2567	3
2568	1
2569	0
2570	0
2571	2
2572	0
2573	0
2574	0
2575	0
2576	2
2577	0
2578	2
2579	0
2580	2
2581	1
2582	0
2583	1
2584	3
2585	1
2586	1
2587	0
2588	0
2589	3
2590	0
2591	1
2592	1
2593	0
2594	0
2595	3
2596	2
2597	3
2598	1
2599	1
2600	0
2601	0
2602	1
2603	2
2604	2
2605	0
2606	1
2607	2
2608	0
2609	0
2610	0
2611	2
2612	1
2613	1
2614	1
2615	0
2616	0
2617	1
2618	0
2619	0
2620	2
2621	0
2622	1
2623	0
2624	1
2625	0
2626	0
2627	1
2628	0
2629	1
2630	0
2631	1
2632	2
2633	1
2634	0
2635	1
2636	0
2637	0
2638	0
2639	2
2640	0
2641	0
2642	1
2643	3
2644	1
2645	1
2646	0
2647	1
2648	2
2649	1
2650	0
2651	3
2652	2
2653	1
2654	0
2655	0
2656	0
2657	0
2658	1
2659	0
2660	1
2661	1
2662	1
2663	1
2664	0
2665	2
2666	2
2667	0
2668	1
2669	1
2670	0
2671	1
2672	0
2673	0
2674	1
2675	2
2676	2
2677	1
2678	0
2679	2
2680	0
2681	2
2682	0
2683	1
2684	1
2685	2
2686	1
2687	1
2688	3
2689	0
2690	0
2691	0
2692	1
2693	2
2694	1
2695	2
2696	2
2697	1
2698	0
2699	1
2700	1
2701	2
2702	1
2703	0
2704	1
2705	0
2706	1
2707	0
2708	1
2709	0
2710	0
2711	1
2712	1
2713	0
2714	0
2715	0
2716	1
2717	1
2718	4
2719	0
2720	1
2721	1
2722	0
2723	2
2724	0
2725	3
2726	2
2727	1
2728	4
2729	1
2730	1
2731	3
2732	1
2733	0
2734	1
2735	3
2736	0
2737	1
2738	3
2739	2
2740	1
2741	1
2742	1
2743	1
2744	0
2745	1
2746	1
2747	2
2748	1
2749	0
2750	1
2751	0
2752	0
2753	0
2754	0
2755	0
2756	1
2757	1
2758	0
2759	2
2760	2
2761	1
2762	1
2763	0
2764	0
2765	0
2766	1
2767	1
2768	3
2769	1
2770	1
2771	2
2772	0
2773	1
2774	0
2775	0
2776	0
2777	0
2778	0
2779	0
2780	0
2781	0
2782	4
2783	1
2784	2
2785	2
2786	0
2787	0
2788	1
2789	0
2790	0
2791	1
2792	2
2793	0
2794	1
2795	0
2796	0
2797	2
2798	2
2799	0
2800	2
2801	2
2802	2
2803	1
2804	0
2805	0
2806	0
2807	0
2808	1
2809	0
2810	0
2811	0
2812	0
2813	3
2814	2
2815	1
2816	1
2817	1
2818	1
2819	0
2820	2
2821	0
2822	0
2823	0
2824	0
2825	0
2826	0
2827	0
2828	2
2829	0
2830	0
2831	0
2832	0
2833	1
2834	1
2835	0
2836	0
2837	1
2838	0
2839	0
2840	0
2841	1
2842	1
2843	0
2844	2
2845	1
2846	0
2847	0
2848	1
2849	1
2850	0
2851	0
2852	1
2853	0
2854	0
2855	0
2856	1
2857	0
2858	3
2859	1
2860	0
2861	2
2862	0
2863	4
2864	0
2865	0
2866	1
2867	0
2868	0
2869	0
2870	2
2871	0
2872	0
2873	1
2874	0
2875	2
2876	2
2877	0
2878	0
2879	0
2880	0
2881	2
2882	0
2883	1
2884	1
2885	0
2886	0
2887	2
2888	0
2889	1
2890	1
2891	3
2892	0
2893	1
2894	0
2895	1
2896	1
2897	0
2898	2
2899	1
2900	1
2901	0
2902	2
2903	0
2904	1
2905	0
2906	1
2907	0
2908	0
2909	0
2910	0
2911	1
2912	0
2913	1
2914	1
2915	0
2916	0
2917	0
2918	0
2919	2
2920	2
2921	1
2922	0
2923	1
2924	0
2925	0
2926	1
2927	2
2928	0
2929	1
2930	0
2931	0
2932	1
2933	1
2934	0
2935	0
2936	2
2937	0
2938	2
2939	0
2940	0
2941	1
2942	0
2943	0
2944	0
2945	1
2946	1
2947	0
2948	0
2949	1
2950	0
2951	0
2952	0
2953	0
2954	1
2955	0
2956	0
2957	0
2958	1
2959	0
2960	0
2961	0
2962	3
2963	0
2964	1
2965	1
2966	2
2967	1
2968	1
2969	0
2970	0
2971	1
2972	2
2973	2
2974	0
2975	1
2976	1
2977	1
2978	1
2979	1
2980	1
2981	1
2982	2
2983	0
2984	0
2985	0
2986	1
2987	0
2988	0
2989	0
2990	0
2991	1
2992	0
2993	1
2994	0
2995	1
2996	1
2997	0
2998	2
2999	1
3000	1
3001	2
3002	1
3003	1
3004	2
3005	0
3006	0
3007	1
3008	1
3009	1
3010	2
3011	1
3012	1
3013	0
3014	0
3015	2
3016	0
3017	2
3018	1
3019	0
3020	0
3021	0
3022	1
3023	1
3024	1
3025	0
3026	1
3027	1
3028	0
3029	0
3030	1
3031	1
3032	1
3033	1
3034	1
3035	0
3036	1
3037	1
3038	1
3039	0
3040	1
3041	1
3042	0
3043	0
3044	0
3045	0
3046	0
3047	0
3048	1
3049	1
3050	1
3051	2
3052	0
3053	0
3054	2
3055	2
3056	0
3057	1
3058	1
3059	0
3060	2
3061	0
3062	1
3063	2
3064	2
3065	1
3066	0
3067	0
3068	2
3069	1
3070	0
3071	0
3072	1
3073	2
3074	0
3075	1
3076	0
3077	1
3078	1
3079	2
3080	1
3081	0
3082	1
3083	1
3084	0
3085	0
3086	0
3087	0
3088	0
3089	0
3090	0
3091	0
3092	1
3093	0
3094	1
3095	0
3096	0
3097	1
3098	0
3099	2
3100	0
3101	2
3102	0
3103	1
3104	0
3105	1
3106	0
3107	1
3108	2
3109	1
3110	1
3111	1
3112	1
3113	1
3114	0
3115	0
3116	1
3117	0
3118	1
3119	1
3120	3
3121	1
3122	0
3123	1
3124	0
3125	2
3126	0
3127	2
3128	0
3129	0
3130	1
3131	1
3132	1
3133	0
3134	0
3135	0
3136	1
3137	0
3138	0
3139	1
3140	0
3141	3
3142	0
3143	0
3144	2
3145	0
3146	1
3147	2
3148	3
3149	0
3150	1
3151	1
3152	0
3153	3
3154	0
3155	1
3156	0
3157	0
3158	1
3159	0
3160	1
3161	1
3162	0
3163	0
3164	1
3165	1
3166	2
3167	1
3168	1
3169	0
3170	2
3171	2
3172	0
3173	1
3174	0
3175	1
3176	0
3177	0
3178	0
3179	0
3180	1
3181	0
3182	1
3183	0
3184	0
3185	2
3186	2
3187	1
3188	1
3189	0
3190	0
3191	1
3192	1
3193	1
3194	0
3195	0
3196	1
3197	1
3198	0
3199	1
3200	1
3201	4
3202	1
3203	1
3204	0
3205	0
3206	0
3207	0
3208	0
3209	0
3210	0
3211	1
3212	0
3213	0
3214	1
3215	0
3216	0
3217	0
3218	1
3219	0
3220	1
3221	1
3222	0
3223	0
3224	0
3225	1
3226	1
3227	1
3228	2
3229	1
3230	1
3231	0
3232	3
3233	1
3234	1
3235	1
3236	0
3237	0
3238	1
3239	0
3240	2
3241	0
3242	2
3243	0
3244	0
3245	2
3246	0
3247	1
3248	0
3249	0
3250	0
3251	2
3252	1
3253	0
3254	0
3255	0
3256	2
3257	1
3258	0
3259	0
3260	0
3261	0
3262	1
3263	0
3264	0
3265	1
3266	1
3267	0
3268	2
3269	0
3270	1
3271	0
3272	1
3273	1
3274	0
3275	1
3276	1
3277	2
3278	1
3279	0
3280	1
3281	1
3282	1
3283	2
3284	2
3285	1
3286	1
3287	2
3288	2
3289	1
3290	0
3291	1
3292	1
3293	3
3294	0
3295	0
3296	0
3297	2
3298	1
3299	0
3300	0
3301	0
3302	1
3303	0
3304	0
3305	2
3306	0
3307	1
3308	0
3309	0
3310	1
3311	4
3312	2
3313	1
3314	1
3315	1
3316	1
3317	0
3318	1
3319	0
3320	2
3321	0
3322	0
3323	1
3324	0
3325	0
3326	2
3327	0
3328	1
3329	0
3330	0
3331	0
3332	2
3333	0
3334	1
3335	0
3336	0
3337	0
3338	0
3339	0
3340	2
3341	1
3342	0
3343	0
3344	0
3345	1
3346	0
3347	1
3348	0
3349	0
3350	0
3351	2
3352	1
3353	2
3354	0
3355	2
3356	0
3357	0
3358	1
3359	0
3360	1
3361	2
3362	0
3363	0
3364	0
3365	0
3366	0
3367	1
3368	1
3369	1
3370	2
3371	2
3372	0
3373	0
3374	1
3375	0
3376	0
3377	2
3378	2
3379	0
3380	2
3381	3
3382	0
3383	0
3384	0
3385	0
3386	0
3387	2
3388	2
3389	0
3390	0
3391	0
3392	3
3393	0
3394	1
3395	0
3396	2
3397	0
3398	0
3399	0
3400	0
3401	0
3402	0
3403	0
3404	0
3405	0
3406	1
3407	1
3408	1
3409	2
3410	1
3411	0
3412	0
3413	1
3414	0
3415	1
3416	0
3417	0
3418	1
3419	1
3420	0
3421	0
3422	2
3423	0
3424	0
3425	0
3426	0
3427	0
3428	0
3429	0
3430	0
3431	0
3432	0
3433	1
3434	0
3435	1
3436	1
3437	1
3438	0
3439	1
3440	0
3441	1
3442	0
3443	2
3444	0
3445	1
3446	1
3447	0
3448	2
3449	1
3450	0
3451	0
3452	4
3453	1
3454	4
3455	0
3456	1
3457	0
3458	1
3459	1
3460	1
3461	0
3462	0
3463	1
3464	0
3465	0
3466	1
3467	1
3468	0
3469	2
3470	0
3471	1
3472	1
3473	1
3474	1
3475	3
3476	0
3477	0
3478	0
3479	0
3480	0
3481	0
3482	0
3483	0
3484	1
3485	1
3486	0
3487	3
3488	2
3489	0
3490	1
3491	1
3492	0
3493	2
3494	1
3495	0
3496	1
3497	0
3498	1
3499	0
3500	0
3501	1
3502	1
3503	0
3504	2
3505	2
3506	0
3507	1
3508	0
3509	0
3510	0
3511	0
3512	0
3513	1
3514	0
3515	0
3516	1
3517	2
3518	0
3519	3
3520	3
3521	0
3522	0
3523	1
3524	0
3525	2
3526	0
3527	1
3528	3
3529	0
3530	1
3531	2
3532	3
3533	0
3534	0
3535	2
3536	0
3537	0
3538	0
3539	0
3540	0
3541	1
3542	0
3543	2
3544	1
3545	0
3546	0
3547	0
3548	1
3549	0
3550	2
3551	1
3552	2
3553	0
3554	1
3555	0
3556	0
3557	0
3558	0
3559	2
3560	1
3561	0
3562	0
3563	2
3564	0
3565	1
3566	0
3567	0
3568	0
3569	0
3570	1
3571	0
3572	0
3573	2
3574	0
3575	0
3576	0
3577	0
3578	1
3579	0
3580	0
3581	0
3582	0
3583	0
3584	0
3585	1
3586	2
3587	0
3588	0
3589	1
3590	2
3591	0
3592	1
3593	0
3594	0
3595	0
3596	0
3597	0
3598	1
3599	1
3600	1
3601	0
3602	0
3603	0
3604	0
3605	1
3606	2
3607	0
3608	2
3609	0
3610	0
3611	0
3612	0
3613	0
3614	0
3615	0
3616	0
3617	0
3618	1
3619	1
3620	0
3621	1
3622	0
3623	1
3624	0
3625	0
3626	1
3627	0
3628	0
3629	0
3630	2
3631	1
3632	1
3633	0
3634	0
3635	1
3636	1
3637	0
3638	0
3639	1
3640	1
3641	1
3642	0
3643	1
3644	1
3645	0
3646	0
3647	1
3648	0
3649	1
3650	2
3651	1
3652	2
3653	1
3654	1
3655	0
3656	1
3657	0
3658	0
3659	1
3660	1
3661	0
3662	0
3663	0
3664	3
3665	0
3666	1
3667	1
3668	1
3669	0
3670	1
3671	0
3672	1
3673	2
3674	1
3675	1
3676	1
3677	1
3678	0
3679	1
3680	1
3681	0
3682	0
3683	0
3684	0
3685	1
3686	0
3687	1
3688	0
3689	3
3690	0
3691	1
3692	1
3693	0
3694	0
3695	0
3696	0
3697	1
3698	0
3699	1
3700	1
3701	0
3702	1
3703	0
3704	1
3705	3
3706	1
3707	0
3708	1
3709	2
3710	0
3711	1
3712	0
3713	0
3714	0
3715	1
3716	0
3717	0
3718	1
3719	0
3720	1
3721	0
3722	2
3723	0
3724	0
3725	0
3726	2
3727	0
3728	2
3729	2
3730	0
3731	0
3732	0
3733	2
3734	0
3735	0
3736	0
3737	1
3738	0
3739	1
3740	0
3741	0
3742	1
3743	1
3744	2
3745	0
3746	0
3747	0
3748	0
3749	0
3750	0
3751	0
3752	0
3753	1
3754	2
3755	0
3756	0
3757	1
3758	0
3759	0
3760	0
3761	1
3762	0
3763	0
3764	0
3765	1
3766	0
3767	0
3768	0
3769	0
3770	0
3771	0
3772	0
3773	1
3774	1
3775	0
3776	0
3777	2
3778	1
3779	1
3780	0
3781	1
3782	2
3783	0
3784	0
3785	1
3786	4
3787	0
3788	0
3789	0
3790	0
3791	0
3792	0
3793	0
3794	0
3795	0
3796	0
3797	0
3798	0
3799	1
3800	0
3801	0
3802	0
3803	0
3804	0
3805	1
3806	0
3807	0
3808	0
3809	0
3810	0
3811	1
3812	0
3813	0
3814	1
3815	1
3816	1
3817	0
3818	0
3819	0
3820	2
3821	0
3822	0
3823	0
3824	1
3825	0
3826	0
3827	2
3828	0
3829	0
3830	0
3831	1
3832	0
3833	0
3834	0
3835	0
3836	2
3837	0
3838	0
3839	1
3840	1
3841	2
3842	0
3843	1
3844	1
3845	0
3846	1
3847	0
3848	1
3849	1
3850	0
3851	1
3852	0
3853	0
3854	2
3855	0
3856	1
3857	0
3858	0
3859	0
3860	1
3861	0
3862	2
3863	1
3864	0
3865	0
3866	2
3867	1
3868	0
3869	1
3870	0
3871	1
3872	1
3873	0
3874	0
3875	0
3876	0
3877	0
3878	3
3879	0
3880	0
3881	0
3882	2
3883	0
3884	1
3885	1
3886	0
3887	0
3888	2
3889	3
3890	0
3891	1
3892	2
3893	0
3894	0
3895	0
3896	2
3897	0
3898	0
3899	1
3900	1
3901	0
3902	0
3903	0
3904	0
3905	0
3906	2
3907	0
3908	1
3909	1
3910	2
3911	0
3912	0
3913	0
3914	0
3915	2
3916	2
3917	0
3918	1
3919	1
3920	0
3921	0
3922	0
3923	0
3924	1
3925	0
3926	0
3927	0
3928	1
3929	0
3930	0
3931	3
3932	0
3933	0
3934	1
3935	0
3936	1
3937	0
3938	0
3939	0
3940	1
3941	0
3942	0
3943	1
3944	2
3945	0
3946	1
3947	1
3948	1
3949	0
3950	1
3951	0
3952	2
3953	2
3954	0
3955	1
3956	0
3957	2
3958	1
3959	0
3960	0
3961	1
3962	1
3963	0
3964	2
3965	0
3966	0
3967	1
3968	1
3969	0
3970	0
3971	2
3972	1
3973	0
3974	1
3975	1
3976	1
3977	0
3978	0
3979	0
3980	1
3981	0
3982	1
3983	0
3984	0
3985	0
3986	0
3987	0
3988	1
3989	0
3990	2
3991	0
3992	0
3993	0
3994	1
3995	0
3996	0
3997	2
3998	1
3999	1
4000	0
4001	0
4002	1
4003	0
4004	0
4005	1
4006	0
4007	1
4008	1
4009	1
4010	0
4011	0
4012	2
4013	0
4014	0
4015	0
4016	1
4017	1
4018	0
4019	0
4020	2
4021	0
4022	0
4023	0
4024	0
4025	0
4026	2
4027	0
4028	0
4029	0
4030	2
4031	0
4032	1
4033	0
4034	0
4035	2
4036	0
4037	0
4038	2
4039	1
4040	1
4041	0
4042	2
4043	0
4044	0
4045	1
4046	0
4047	1
4048	2
4049	0
4050	1
4051	0
4052	1
4053	0
4054	0
4055	2
4056	0
4057	1
4058	1
4059	0
4060	1
4061	0
4062	0
4063	2
4064	1
4065	0
4066	0
4067	0
4068	1
4069	0
4070	0
4071	3
4072	0
4073	2
4074	1
4075	1
4076	0
4077	1
4078	0
4079	0
4080	0
4081	0
4082	1
4083	1
4084	0
4085	0
4086	1
4087	0
4088	0
4089	0
4090	1
4091	0
4092	0
4093	1
4094	1
4095	0
4096	0
4097	0
4098	2
4099	1
4100	0
4101	0
4102	0
4103	0
4104	0
4105	0
4106	0
4107	0
4108	1
4109	0
4110	0
4111	0
4112	0
4113	2
4114	0
4115	2
4116	1
4117	2
4118	2
4119	0
4120	0
4121	1
4122	1
4123	0
4124	1
4125	1
4126	2
4127	1
4128	0
4129	1
4130	0
4131	0
4132	0
4133	1
4134	0
4135	0
4136	0
4137	0
4138	0
4139	0
4140	1
4141	0
4142	1
4143	0
4144	0
4145	0
4146	0
4147	0
4148	0
4149	0
4150	0
4151	0
4152	0
4153	0
4154	2
4155	0
4156	0
4157	0
4158	2
4159	0
4160	0
4161	2
4162	1
4163	0
4164	2
4165	0
4166	0
4167	0
4168	0
4169	0
4170	0
4171	0
4172	1
4173	0
4174	0
4175	0
4176	0
4177	0
4178	0
4179	1
4180	0
4181	0
4182	0
4183	1
4184	1
4185	0
4186	1
4187	0
4188	0
4189	1
4190	1
4191	0
4192	0
4193	0
4194	0
4195	0
4196	0
4197	1
4198	0
4199	0
4200	1
4201	2
4202	0
4203	1
4204	1
4205	1
4206	0
4207	0
4208	1
4209	0
4210	1
4211	1
4212	1
4213	1
4214	2
4215	1
4216	1
4217	2
4218	0
4219	1
4220	1
4221	0
4222	1
4223	0
4224	1
4225	0
4226	0
4227	1
4228	1
4229	3
4230	1
4231	2
4232	0
4233	0
4234	1
4235	0
4236	1
4237	1
4238	0
4239	0
4240	0
4241	1
4242	0
4243	0
4244	1
4245	0
4246	2
4247	0
4248	0
4249	1
4250	0
4251	2
4252	0
4253	0
4254	0
4255	1
4256	1
4257	0
4258	0
4259	0
4260	0
4261	0
4262	0
4263	1
4264	3
4265	2
4266	0
4267	1
4268	0
4269	0
4270	1
4271	0
4272	2
4273	1
4274	1
4275	0
4276	1
4277	0
4278	0
4279	0
4280	1
4281	0
4282	2
4283	0
4284	1
4285	0
4286	2
4287	2
4288	0
4289	0
4290	0
4291	0
4292	0
4293	1
4294	0
4295	0
4296	1
4297	0
4298	1
4299	0
4300	0
4301	0
4302	1
4303	3
4304	0
4305	0
4306	0
4307	1
4308	3
4309	0
4310	0
4311	0
4312	0
4313	0
4314	1
4315	1
4316	0
4317	0
4318	1
4319	0
4320	1
4321	1
4322	0
4323	2
4324	1
4325	1
4326	0
4327	0
4328	0
4329	1
4330	0
4331	0
4332	0
4333	0
4334	1
4335	1
4336	0
4337	2
4338	0
4339	0
4340	1
4341	0
4342	2
4343	0
4344	0
4345	0
4346	0
4347	1
4348	1
4349	0
4350	0
4351	2
4352	1
4353	1
4354	1
4355	4
4356	1
4357	1
4358	0
4359	1
4360	0
4361	0
4362	0
4363	0
4364	0
4365	2
4366	1
4367	2
4368	0
4369	0
4370	0
4371	1
4372	0
4373	1
4374	0
4375	0
4376	0
4377	0
4378	1
4379	0
4380	1
4381	1
4382	0
4383	0
4384	0
4385	0
4386	0
4387	0
4388	2
4389	1
4390	0
4391	0
4392	0
4393	1
4394	0
4395	0
4396	0
4397	3
4398	2
4399	1
4400	0
4401	0
4402	2
4403	0
4404	1
4405	3
4406	1
4407	0
4408	0
4409	1
4410	3
4411	0
4412	1
4413	0
4414	0
4415	2
4416	0
4417	2
4418	0
4419	2
4420	0
4421	1
4422	1
4423	0
4424	1
4425	0
4426	0
4427	0
4428	0
4429	0
4430	0
4431	0
4432	2
4433	2
4434	0
4435	0
4436	1
4437	1
4438	0
4439	0
4440	1
4441	2
4442	1
4443	1
4444	2
4445	0
4446	0
4447	0
4448	0
4449	0
4450	1
4451	0
4452	1
4453	0
4454	0
4455	0
4456	0
4457	0
4458	0
4459	0
4460	0
4461	1
4462	0
4463	0
4464	0
4465	1
4466	0
4467	3
4468	1
4469	1
4470	0
4471	0
4472	1
4473	2
4474	1
4475	0
4476	1
4477	0
4478	2
4479	0
4480	0
4481	0
4482	0
4483	0
4484	2
4485	0
4486	0
4487	0
4488	1
4489	0
4490	0
4491	1
4492	1
4493	1
4494	0
4495	1
4496	2
4497	4
4498	1
4499	1
4500	0
4501	0
4502	1
4503	0
4504	0
4505	0
4506	1
4507	0
4508	2
4509	0
4510	0
4511	0
4512	0
4513	2
4514	1
4515	1
4516	0
4517	2
4518	1
4519	1
4520	0
4521	0
4522	0
4523	1
4524	0
4525	0
4526	0
4527	0
4528	0
4529	0
4530	1
4531	1
4532	1
4533	0
4534	1
4535	2
4536	0
4537	0
4538	1
4539	0
4540	0
4541	2
4542	1
4543	0
4544	0
4545	2
4546	1
4547	0
4548	0
4549	0
4550	0
4551	0
4552	0
4553	1
4554	1
4555	0
4556	2
4557	0
4558	0
4559	0
4560	1
4561	0
4562	1
4563	0
4564	0
4565	2
4566	1
4567	0
4568	0
4569	0
4570	2
4571	0
4572	0
4573	0
4574	1
4575	0
4576	1
4577	1
4578	0
4579	0
4580	1
4581	0
4582	0
4583	0
4584	1
4585	0
4586	1
4587	0
4588	1
4589	0
4590	1
4591	0
4592	0
4593	1
4594	0
4595	1
4596	0
4597	0
4598	1
4599	1
4600	1
4601	2
4602	0
4603	2
4604	1
4605	1
4606	0
4607	0
4608	1
4609	1
4610	0
4611	1
4612	1
4613	1
4614	0
4615	1
4616	0
4617	0
4618	1
4619	1
4620	1
4621	1
4622	1
4623	0
4624	0
4625	1
4626	1
4627	1
4628	1
4629	3
4630	0
4631	1
4632	1
4633	0
4634	0
4635	0
4636	0
4637	1
4638	0
4639	0
4640	1
4641	1
4642	0
4643	1
4644	1
4645	0
4646	2
4647	0
4648	2
4649	0
4650	1
4651	1
4652	0
4653	0
4654	2
4655	0
4656	1
4657	0
4658	1
4659	1
4660	0
4661	0
4662	0
4663	0
4664	1
4665	0
4666	0
4667	0
4668	1
4669	0
4670	2
4671	1
4672	3
4673	0
4674	1
4675	2
4676	1
4677	0
4678	2
4679	0
4680	0
4681	3
4682	0
4683	1
4684	0
4685	0
4686	0
4687	0
4688	0
4689	0
4690	1
4691	0
4692	0
4693	0
4694	0
4695	1
4696	1
4697	0
4698	0
4699	0
4700	0
4701	0
4702	1
4703	0
4704	0
4705	1
4706	0
4707	0
4708	0
4709	0
4710	0
4711	0
4712	0
4713	0
4714	2
4715	1
4716	0
4717	0
4718	0
4719	1
4720	0
4721	0
4722	0
4723	1
4724	3
4725	0
4726	0
4727	2
4728	1
4729	1
4730	0
4731	1
4732	0
4733	0
4734	2
4735	1
4736	0
4737	0
4738	0
4739	1
4740	0
4741	0
4742	0
4743	1
4744	1
4745	0
4746	2
4747	1
4748	1
4749	1
4750	0
4751	0
4752	1
4753	0
4754	1
4755	0
4756	1
4757	0
4758	2
4759	0
4760	0
4761	0
4762	0
4763	0
4764	1
4765	0
4766	0
4767	0
4768	1
4769	0
4770	1
4771	1
4772	1
4773	0
4774	1
4775	0
4776	1
4777	1
4778	3
4779	0
4780	1
4781	0
4782	1
4783	0
4784	1
4785	1
4786	0
4787	0
4788	0
4789	1
4790	0
4791	1
4792	1
4793	0
4794	0
4795	0
4796	1
4797	2
4798	0
4799	2
4800	0
4801	1
4802	0
4803	0
4804	0
4805	1
4806	1
4807	0
4808	0
4809	1
4810	0
4811	0
4812	0
4813	2
4814	2
4815	1
4816	0
4817	0
4818	0
4819	2
4820	1
4821	0
4822	0
4823	0
4824	0
4825	0
4826	2
4827	0
4828	0
4829	0
4830	0
4831	0
4832	0
4833	0
4834	0
4835	0
4836	0
4837	5
4838	0
4839	1
4840	1
4841	0
4842	0
4843	0
4844	0
4845	0
4846	0
4847	0
4848	0
4849	2
4850	0
4851	1
4852	0
4853	1
4854	5
4855	1
4856	0
4857	0
4858	1
4859	1
4860	0
4861	0
4862	0
4863	1
4864	0
4865	1
4866	2
4867	0
4868	1
4869	0
4870	0
4871	0
4872	0
4873	0
4874	1
4875	0
4876	1
4877	0
4878	0
4879	0
4880	1
4881	0
4882	1
4883	1
4884	1
4885	1
4886	0
4887	0
4888	0
4889	0
4890	0
4891	0
4892	0
4893	0
4894	0
4895	0
4896	0
4897	1
4898	0
4899	1
4900	0
4901	0
4902	1
4903	0
4904	0
4905	0
4906	0
4907	0
4908	1
4909	0
4910	1
4911	1
4912	0
4913	1
4914	0
4915	0
4916	1
4917	1
4918	0
4919	0
4920	0
4921	0
4922	0
4923	0
4924	0
4925	0
4926	1
4927	0
4928	2
4929	2
4930	0
4931	1
4932	0
4933	0
4934	0
4935	0
4936	1
4937	0
4938	0
4939	1
4940	1
4941	0
4942	0
4943	0
4944	1
4945	1
4946	0
4947	0
4948	2
4949	0
4950	0
4951	0
4952	0
4953	0
4954	0
4955	1
4956	0
4957	1
4958	1
4959	1
4960	1
4961	0
4962	0
4963	1
4964	0
4965	1
4966	1
4967	0
4968	1
4969	0
4970	1
4971	0
4972	0
4973	1
4974	1
4975	0
4976	2
4977	1
4978	0
4979	2
4980	1
4981	0
4982	1
4983	0
4984	1
4985	0
4986	1
4987	0
4988	1
4989	2
4990	1
4991	1
4992	1
4993	0
4994	1
4995	0
4996	0
4997	0
4998	0
4999	2
5000	1
5001	0
5002	0
5003	0
5004	1
5005	1
5006	1
5007	0
5008	1
5009	0
5010	1
5011	3
5012	0
5013	0
5014	1
5015	0
5016	0
5017	2
5018	0
5019	0
5020	0
5021	0
5022	1
5023	2
5024	0
5025	0
5026	0
5027	1
5028	0
5029	1
5030	0
5031	1
5032	0
5033	1
5034	1
5035	0
5036	1
5037	0
5038	1
5039	1
5040	0
5041	1
5042	0
5043	0
5044	1
5045	1
5046	2
5047	1
5048	0
5049	2
5050	0
5051	1
5052	1
5053	0
5054	2
5055	0
5056	0
5057	1
5058	0
5059	2
5060	0
5061	1
5062	3
5063	1
5064	0
5065	0
5066	1
5067	0
5068	2
5069	2
5070	1
5071	2
5072	1
5073	1
5074	1
5075	2
5076	0
5077	1
5078	0
5079	0
5080	0
5081	0
5082	1
5083	0
5084	1
5085	1
5086	0
5087	0
5088	0
5089	0
5090	1
5091	0
5092	1
5093	0
5094	3
5095	1
5096	0
5097	2
5098	0
5099	1
5100	1
5101	1
5102	0
5103	3
5104	3
5105	1
5106	0
5107	2
5108	0
5109	0
5110	1
5111	0
5112	0
5113	0
5114	1
5115	1
5116	0
5117	2
5118	0
5119	0
5120	1
5121	0
5122	1
5123	1
5124	1
5125	2
5126	0
5127	0
5128	2
5129	2
5130	0
5131	2
5132	3
5133	1
5134	0
5135	1
5136	2
5137	0
5138	0
5139	0
5140	1
5141	0
5142	1
5143	1
5144	0
5145	2
5146	0
5147	0
5148	0
5149	1
5150	1
5151	0
5152	0
5153	1
5154	2
5155	2
5156	0
5157	2
5158	0
5159	2
5160	2
5161	1
5162	0
5163	0
5164	1
5165	1
5166	0
5167	1
5168	1
5169	0
5170	1
5171	1
5172	0
5173	2
5174	1
5175	0
5176	1
5177	3
5178	1
5179	0
5180	1
5181	1
5182	0
5183	1
5184	1
5185	0
5186	1
5187	0
5188	0
5189	2
5190	0
5191	0
5192	0
5193	1
5194	0
5195	1
5196	1
5197	2
5198	0
5199	1
5200	1
5201	2
5202	0
5203	0
5204	0
5205	0
5206	0
5207	0
5208	2
5209	1
5210	1
5211	1
5212	1
5213	1
5214	0
5215	0
5216	1
5217	2
5218	2
5219	0
5220	1
5221	0
5222	1
5223	0
5224	0
5225	3
5226	0
5227	0
5228	0
5229	0
5230	0
5231	1
5232	0
5233	1
5234	1
5235	1
5236	3
5237	0
5238	1
5239	0
5240	0
5241	0
5242	0
5243	1
5244	2
5245	0
5246	0
5247	2
5248	0
5249	0
5250	1
5251	0
5252	1
5253	1
5254	0
5255	1
5256	0
5257	1
5258	0
5259	0
5260	0
5261	2
5262	2
5263	1
5264	0
5265	0
5266	0
5267	1
5268	1
5269	1
5270	1
5271	1
5272	0
5273	0
5274	1
5275	0
5276	0
5277	2
5278	0
5279	0
5280	0
5281	1
5282	0
5283	2
5284	0
5285	1
5286	3
5287	0
5288	0
5289	2
5290	0
5291	0
5292	1
5293	0
5294	2
5295	0
5296	1
5297	1
5298	0
5299	1
5300	1
5301	1
5302	0
5303	1
5304	0
5305	0
5306	0
5307	0
5308	0
5309	1
5310	2
5311	0
5312	3
5313	1
5314	0
5315	0
5316	1
5317	1
5318	0
5319	1
5320	1
5321	1
5322	0
5323	0
5324	1
5325	0
5326	0
5327	1
5328	1
5329	0
5330	0
5331	0
5332	0
5333	0
5334	0
5335	1
5336	0
5337	1
5338	1
5339	1
5340	0
5341	1
5342	1
5343	2
5344	0
5345	1
5346	0
5347	1
5348	1
5349	1
5350	0
5351	1
5352	0
5353	0
5354	3
5355	0
5356	1
5357	1
5358	0
5359	1
5360	1
5361	0
5362	0
5363	4
5364	1
5365	2
5366	1
5367	0
5368	0
5369	0
5370	0
5371	0
5372	2
5373	0
5374	1
5375	0
5376	1
5377	0
5378	0
5379	1
5380	0
5381	0
5382	3
5383	1
5384	0
5385	2
5386	0
5387	0
5388	0
5389	2
5390	1
5391	1
5392	0
5393	2
5394	2
5395	0
5396	2
5397	0
5398	0
5399	2
5400	0
5401	0
5402	0
5403	0
5404	0
5405	0
5406	0
5407	1
5408	0
5409	0
5410	1
5411	0
5412	2
5413	0
5414	1
5415	1
5416	0
5417	0
5418	0
5419	1
5420	2
5421	1
5422	0
5423	1
5424	1
5425	0
5426	0
5427	0
5428	3
5429	1
5430	0
5431	0
5432	0
5433	1
5434	0
5435	0
5436	2
5437	1
5438	0
5439	1
5440	0
5441	0
5442	0
5443	0
5444	0
5445	0
5446	0
5447	1
5448	1
5449	1
5450	0
5451	0
5452	1
5453	0
5454	2
5455	1
5456	0
5457	0
5458	0
5459	1
5460	0
5461	0
5462	0
5463	1
5464	0
5465	2
5466	1
5467	1
5468	0
5469	1
5470	0
5471	0
5472	0
5473	0
5474	0
5475	2
5476	0
5477	0
5478	0
5479	0
5480	0
5481	0
5482	0
5483	0
5484	0
5485	1
5486	0
5487	0
5488	0
5489	0
5490	0
5491	1
5492	0
5493	1
5494	0
5495	1
5496	0
5497	0
5498	2
5499	0
5500	0
5501	0
5502	1
5503	0
5504	1
5505	0
5506	1
5507	1
5508	1
5509	1
5510	1
5511	0
5512	1
5513	1
5514	0
5515	2
5516	0
5517	0
5518	1
5519	0
5520	1
5521	1
5522	0
5523	1
5524	0
5525	1
5526	0
5527	0
5528	0
5529	0
5530	0
5531	0
5532	1
5533	0
5534	0
5535	0
5536	0
5537	0
5538	0
5539	2
5540	0
5541	0
5542	1
5543	1
5544	0
5545	0
5546	0
5547	0
5548	2
5549	0
5550	2
5551	0
5552	0
5553	0
5554	0
5555	1
5556	0
5557	1
5558	0
5559	1
5560	1
5561	0
5562	0
5563	1
5564	1
5565	1
5566	1
5567	1
5568	0
5569	1
5570	0
5571	2
5572	0
5573	0
5574	1
5575	0
5576	1
5577	1
5578	0
5579	0
5580	0
5581	1
5582	2
5583	1
5584	1
5585	0
5586	0
5587	1
5588	1
5589	0
5590	0
5591	0
5592	0
5593	0
5594	0
5595	0
5596	2
5597	1
5598	0
5599	0
5600	1
5601	0
5602	1
5603	1
5604	2
5605	0
5606	1
5607	0
5608	1
5609	1
5610	1
5611	0
5612	0
5613	1
5614	1
5615	1
5616	0
5617	0
5618	1
5619	1
5620	1
5621	0
5622	0
5623	1
5624	0
5625	2
5626	1
5627	1
5628	0
5629	1
5630	0
5631	0
5632	0
5633	0
5634	0
5635	1
5636	0
5637	0
5638	0
5639	0
5640	0
5641	0
5642	3
5643	0
5644	0
5645	0
5646	0
5647	1
5648	0
5649	0
5650	2
5651	0
5652	1
5653	0
5654	3
5655	1
5656	0
5657	0
5658	1
5659	1
5660	0
5661	0
5662	0
5663	0
5664	1
5665	1
5666	0
5667	0
5668	0
5669	0
5670	1
5671	2
5672	1
5673	0
5674	0
5675	0
5676	1
5677	2
5678	0
5679	0
5680	1
5681	0
5682	0
5683	0
5684	0
5685	0
5686	0
5687	1
5688	0
5689	0
5690	0
5691	1
5692	0
5693	0
5694	2
5695	0
5696	1
5697	0
5698	0
5699	1
5700	0
5701	1
5702	0
5703	0
5704	2
5705	0
5706	0
5707	0
5708	0
5709	0
5710	0
5711	0
5712	0
5713	1
5714	0
5715	0
5716	0
5717	2
5718	0
5719	0
5720	0
5721	1
5722	0
5723	0
5724	1
5725	0
5726	0
5727	1
5728	1
5729	0
5730	1
5731	0
5732	0
5733	0
5734	0
5735	0
5736	0
5737	2
5738	0
5739	0
5740	1
5741	0
5742	2
5743	1
5744	1
5745	1
5746	1
5747	0
5748	0
5749	3
5750	0
5751	2
5752	0
5753	1
5754	0
5755	0
5756	1
5757	0
5758	0
5759	1
5760	1
5761	0
5762	0
5763	1
5764	0
5765	1
5766	0
5767	2
5768	1
5769	1
5770	0
5771	0
5772	0
5773	0
5774	0
5775	0
5776	0
5777	1
5778	0
5779	1
5780	1
5781	0
5782	0
5783	3
5784	0
5785	0
5786	1
5787	0
5788	0
5789	0
5790	0
5791	0
5792	0
5793	0
5794	0
5795	1
5796	2
5797	0
5798	1
5799	0
5800	0
5801	2
5802	1
5803	1
5804	2
5805	0
5806	1
5807	0
5808	1
5809	2
5810	0
5811	0
5812	1
5813	0
5814	0
5815	0
5816	0
5817	0
5818	0
5819	0
5820	0
5821	0
5822	0
5823	0
5824	0
5825	1
5826	0
5827	1
5828	0
5829	1
5830	0
5831	0
5832	0
5833	0
5834	0
5835	0
5836	0
5837	0
5838	0
5839	0
5840	0
5841	0
5842	0
5843	1
5844	0
5845	0
5846	1
5847	1
5848	0
5849	0
5850	1
5851	0
5852	0
5853	1
5854	1
5855	1
5856	1
5857	0
5858	0
5859	1
5860	0
5861	2
5862	0
5863	2
5864	0
5865	0
5866	0
5867	1
5868	1
5869	0
5870	1
5871	2
5872	0
5873	1
5874	0
5875	1
5876	2
5877	3
5878	0
5879	0
5880	1
5881	0
5882	0
5883	1
5884	0
5885	2
5886	0
5887	1
5888	0
5889	0
5890	0
5891	1
5892	0
5893	0
5894	2
5895	1
5896	0
5897	0
5898	0
5899	0
5900	0
5901	0
5902	0
5903	0
5904	1
5905	1
5906	1
5907	0
5908	0
5909	0
5910	0
5911	0
5912	0
5913	0
5914	0
5915	0
5916	0
5917	0
5918	0
5919	0
5920	0
5921	0
5922	4
5923	0
5924	1
5925	1
5926	1
5927	2
5928	1
5929	0
5930	1
5931	0
5932	1
5933	0
5934	0
5935	0
5936	1
5937	1
5938	1
5939	1
5940	1
5941	1
5942	1
5943	2
5944	0
5945	0
5946	1
5947	0
5948	2
5949	2
5950	1
5951	0
5952	0
5953	1
5954	0
5955	1
5956	0
5957	0
5958	0
5959	0
5960	2
5961	2
5962	0
5963	0
5964	1
5965	1
5966	0
5967	1
5968	3
5969	0
5970	0
5971	0
5972	1
5973	0
5974	1
5975	1
5976	1
5977	0
5978	3
5979	1
5980	1
5981	0
5982	0
5983	2
5984	1
5985	2
5986	1
5987	0
5988	1
5989	2
5990	0
5991	0
5992	1
5993	1
5994	0
5995	0
5996	0
5997	0
5998	0
5999	0
6000	1
6001	1
6002	0
6003	1
6004	0
6005	0
6006	0
6007	1
6008	1
6009	1
6010	2
6011	1
6012	1
6013	0
6014	1
6015	1
6016	2
6017	0
6018	2
6019	1
6020	0
6021	0
6022	0
6023	2
6024	1
6025	1
6026	0
6027	1
6028	0
6029	1
6030	1
6031	1
6032	0
6033	2
6034	0
6035	0
6036	1
6037	0
6038	0
6039	0
6040	0
6041	1
6042	2
6043	0
6044	0
6045	0
6046	0
6047	1
6048	2
6049	0
6050	0
6051	0
6052	1
6053	0
6054	1
6055	0
6056	0
6057	0
6058	0
6059	0
6060	0
6061	0
6062	1
6063	2
6064	1
6065	2
6066	1
6067	1
6068	0
6069	4
6070	0
6071	0
6072	0
6073	1
6074	0
6075	1
6076	0
6077	0
6078	0
6079	1
6080	0
6081	0
6082	1
6083	0
6084	2
6085	0
6086	0
6087	0
6088	1
6089	1
6090	0
6091	0
6092	1
6093	0
6094	0
6095	0
6096	0
6097	0
6098	0
6099	0
6100	1
6101	2
6102	0
6103	0
6104	3
6105	1
6106	0
6107	1
6108	0
6109	0
6110	1
6111	0
6112	0
6113	0
6114	0
6115	2
6116	0
6117	1
6118	3
6119	0
6120	0
6121	0
6122	0
6123	0
6124	1
6125	0
6126	0
6127	1
6128	1
6129	0
6130	0
6131	1
6132	0
6133	0
6134	0
6135	0
6136	0
6137	0
6138	1
6139	0
6140	1
6141	1
6142	0
6143	0
6144	2
6145	1
6146	1
6147	0
6148	1
6149	1
6150	0
6151	0
6152	0
6153	0
6154	0
6155	1
6156	0
6157	2
6158	2
6159	0
6160	2
6161	0
6162	0
6163	3
6164	0
6165	0
6166	1
6167	1
6168	0
6169	1
6170	0
6171	1
6172	0
6173	1
6174	1
6175	0
6176	0
6177	0
6178	1
6179	1
6180	0
6181	0
6182	1
6183	1
6184	0
6185	1
6186	0
6187	0
6188	0
6189	0
6190	0
6191	1
6192	1
6193	1
6194	0
6195	2
6196	1
6197	1
6198	1
6199	1
6200	0
6201	0
6202	1
6203	0
6204	0
6205	0
6206	1
6207	0
6208	0
6209	0
6210	0
6211	0
6212	0
6213	0
6214	0
6215	1
6216	1
6217	0
6218	0
6219	1
6220	1
6221	1
6222	1
6223	1
6224	2
6225	0
6226	0
6227	0
6228	2
6229	0
6230	0
6231	0
6232	1
6233	0
6234	1
6235	0
6236	0
6237	1
6238	0
6239	0
6240	0
6241	1
6242	0
6243	2
6244	0
6245	1
6246	1
6247	0
6248	1
6249	0
6250	0
6251	0
6252	1
6253	0
6254	0
6255	0
6256	0
6257	1
6258	0
6259	0
6260	0
6261	0
6262	1
6263	1
6264	0
6265	0
6266	0
6267	0
6268	1
6269	2
6270	0
6271	0
6272	1
6273	0
6274	0
6275	0
6276	0
6277	0
6278	0
6279	1
6280	0
6281	1
6282	1
6283	0
6284	0
6285	2
6286	1
6287	0
6288	1
6289	0
6290	0
6291	0
6292	1
6293	1
6294	1
6295	2
6296	1
6297	2
6298	0
6299	0
6300	1
6301	2
6302	1
6303	1
6304	0
6305	0
6306	0
6307	0
6308	0
6309	1
6310	1
6311	1
6312	0
6313	1
6314	0
6315	1
6316	0
6317	1
6318	2
6319	0
6320	1
6321	0
6322	1
6323	1
6324	0
6325	0
6326	0
6327	0
6328	0
6329	1
6330	0
6331	0
6332	0
6333	1
6334	0
6335	0
6336	1
6337	0
6338	0
6339	1
6340	0
6341	0
6342	0
6343	1
6344	0
6345	1
6346	1
6347	0
6348	0
6349	0
6350	1
6351	0
6352	1
6353	2
6354	1
6355	1
6356	0
6357	1
6358	1
6359	0
6360	1
6361	0
6362	0
6363	0
6364	1
6365	0
6366	1
6367	0
6368	0
6369	0
6370	0
6371	4
6372	2
6373	1
6374	1
6375	1
6376	0
6377	0
6378	1
6379	0
6380	1
6381	0
6382	2
6383	0
6384	0
6385	0
6386	1
6387	1
6388	1
6389	2
6390	1
6391	0
6392	1
6393	1
6394	0
6395	2
6396	1
6397	0
6398	0
6399	0
6400	3
6401	0
6402	0
6403	0
6404	0
6405	1
6406	0
6407	0
6408	0
6409	1
6410	0
6411	4
6412	0
6413	1
6414	1
6415	0
6416	0
6417	0
6418	2
6419	1
6420	0
6421	0
6422	1
6423	2
6424	2
6425	1
6426	0
6427	0
6428	1
6429	0
6430	1
6431	1
6432	0
6433	0
6434	0
6435	0
6436	0
6437	6
6438	0
6439	1
6440	0
6441	1
6442	0
6443	0
6444	1
6445	1
6446	1
6447	0
6448	0
6449	0
6450	1
6451	0
6452	0
6453	1
6454	1
6455	0
6456	0
6457	0
6458	1
6459	0
6460	0
6461	1
6462	0
6463	2
6464	0
6465	0
6466	0
6467	1
6468	0
6469	0
6470	2
6471	0
6472	0
6473	0
6474	0
6475	0
6476	1
6477	1
6478	0
6479	0
6480	0
6481	2
6482	0
6483	2
6484	2
6485	2
6486	1
6487	1
6488	0
6489	1
6490	2
6491	1
6492	1
6493	0
6494	0
6495	2
6496	1
6497	0
6498	0
6499	1
6500	0
6501	1
6502	0
6503	0
6504	1
6505	0
6506	0
6507	0
6508	0
6509	0
6510	0
6511	1
6512	1
6513	1
6514	0
6515	1
6516	0
6517	0
6518	1
6519	1
6520	0
6521	0
6522	0
6523	0
6524	0
6525	0
6526	0
6527	1
6528	0
6529	0
6530	2
6531	1
6532	0
6533	0
6534	1
6535	0
6536	0
6537	0
6538	0
6539	1
6540	0
6541	0
6542	0
6543	0
6544	1
6545	1
6546	1
6547	0
6548	0
6549	0
6550	2
6551	0
6552	1
6553	0
6554	0
6555	1
6556	0
6557	0
6558	1
6559	0
6560	0
6561	0
6562	2
6563	0
6564	1
6565	1
6566	0
6567	2
6568	1
6569	0
6570	0
6571	0
6572	0
6573	0
6574	0
6575	0
6576	1
6577	0
6578	0
6579	0
6580	0
6581	0
6582	1
6583	1
6584	0
6585	1
6586	0
6587	0
6588	2
6589	0
6590	0
6591	1
6592	0
6593	0
6594	1
6595	0
6596	0
6597	0
6598	0
6599	1
6600	0
6601	0
6602	0
6603	0
6604	0
6605	0
6606	1
6607	0
6608	0
6609	0
6610	0
6611	0
6612	1
6613	0
6614	1
6615	1
6616	0
6617	2
6618	0
6619	0
6620	1
6621	0
6622	2
6623	1
6624	1
6625	0
6626	1
6627	0
6628	0
6629	3
6630	0
6631	1
6632	1
6633	0
6634	1
6635	1
6636	2
6637	0
6638	0
6639	0
6640	1
6641	1
6642	0
6643	0
6644	1
6645	2
6646	0
6647	0
6648	1
6649	2
6650	2
6651	0
6652	1
6653	0
6654	0
6655	0
6656	1
6657	0
6658	0
6659	1
6660	2
6661	0
6662	0
6663	0
6664	0
6665	2
6666	1
6667	0
6668	1
6669	0
6670	0
6671	1
6672	0
6673	1
6674	0
6675	1
6676	0
6677	0
6678	1
6679	0
6680	0
6681	0
6682	2
6683	0
6684	0
6685	2
6686	0
6687	0
6688	1
6689	2
6690	0
6691	0
6692	1
6693	0
6694	0
6695	1
6696	0
6697	0
6698	0
6699	1
6700	0
6701	0
6702	0
6703	0
6704	1
6705	0
6706	0
6707	2
6708	1
6709	0
6710	2
6711	0
6712	2
6713	0
6714	0
6715	0
6716	2
6717	0
6718	0
6719	1
6720	0
6721	0
6722	1
6723	1
6724	2
6725	0
6726	0
6727	1
6728	0
6729	1
6730	1
6731	0
6732	0
6733	0
6734	0
6735	3
6736	0
6737	0
6738	1
6739	0
6740	2
6741	0
6742	0
6743	0
6744	0
6745	1
6746	0
6747	0
6748	0
6749	0
6750	1
6751	0
6752	1
6753	2
6754	0
6755	2
6756	0
6757	0
6758	0
6759	0
6760	0
6761	2
6762	0
6763	0
6764	2
6765	0
6766	1
6767	1
6768	1
6769	1
6770	0
6771	1
6772	2
6773	0
6774	0
6775	0
6776	0
6777	0
6778	0
6779	1
6780	1
6781	0
6782	1
6783	0
6784	0
6785	1
6786	1
6787	0
6788	1
6789	0
6790	1
6791	0
6792	0
6793	2
6794	2
6795	1
6796	0
6797	0
6798	0
6799	1
6800	0
6801	0
6802	0
6803	0
6804	0
6805	1
6806	0
6807	1
6808	0
6809	0
6810	0
6811	1
6812	0
6813	0
6814	0
6815	0
6816	2
6817	0
6818	1
6819	0
6820	0
6821	0
6822	0
6823	0
6824	1
6825	0
6826	0
6827	2
6828	0
6829	1
6830	1
6831	0
6832	2
6833	1
6834	0
6835	0
6836	0
6837	0
6838	0
6839	0
6840	1
6841	0
6842	0
6843	0
6844	1
6845	0
6846	0
6847	1
6848	0
6849	0
6850	1
6851	2
6852	2
6853	0
6854	1
6855	2
6856	0
6857	1
6858	1
6859	0
6860	0
6861	0
6862	0
6863	0
6864	2
6865	0
6866	0
6867	1
6868	1
6869	0
6870	2
6871	1
6872	0
6873	1
6874	0
6875	0
6876	1
6877	1
6878	1
6879	1
6880	0
6881	0
6882	0
6883	0
6884	1
6885	0
6886	2
6887	0
6888	1
6889	0
6890	1
6891	0
6892	1
6893	1
6894	1
6895	0
6896	2
6897	2
6898	1
6899	0
6900	1
6901	0
6902	0
6903	0
6904	0
6905	2
6906	0
6907	0
6908	0
6909	0
6910	0
6911	0
6912	0
6913	1
6914	0
6915	0
6916	1
6917	0
6918	1
6919	1
6920	0
6921	0
6922	0
6923	2
6924	0
6925	2
6926	1
6927	0
6928	0
6929	0
6930	2
6931	0
6932	3
6933	2
6934	0
6935	1
6936	0
6937	1
6938	0
6939	1
6940	0
6941	0
6942	0
6943	1
6944	1
6945	1
6946	0
6947	0
6948	1
6949	0
6950	1
6951	0
6952	0
6953	0
6954	1
6955	1
6956	0
6957	0
6958	0
6959	1
6960	0
6961	0
6962	2
6963	0
6964	0
6965	0
6966	0
6967	0
6968	1
6969	0
6970	1
6971	0
6972	0
6973	0
6974	1
6975	1
6976	2
6977	0
6978	0
6979	2
6980	0
6981	0
6982	0
6983	0
6984	1
6985	0
6986	1
6987	1
6988	0
6989	0
6990	0
6991	0
6992	1
6993	2
6994	0
6995	1
6996	1
6997	1
6998	0
6999	0
7000	0
7001	0
7002	1
7003	0
7004	0
7005	0
7006	1
7007	0
7008	0
7009	2
7010	1
7011	0
7012	0
7013	0
7014	0
7015	1
7016	0
7017	0
7018	1
7019	1
7020	0
7021	0
7022	2
7023	1
7024	1
7025	0
7026	0
7027	0
7028	0
7029	0
7030	2
7031	0
7032	0
7033	0
7034	0
7035	0
7036	1
7037	0
7038	1
7039	1
7040	2
7041	0
7042	0
7043	1
7044	0
7045	2
7046	2
7047	0
7048	0
7049	0
7050	0
7051	3
7052	0
7053	0
7054	0
7055	0
7056	0
7057	0
7058	1
7059	0
7060	0
7061	0
7062	0
7063	2
7064	0
7065	0
7066	0
7067	1
7068	1
7069	0
7070	0
7071	0
7072	1
7073	0
7074	1
7075	3
7076	0
7077	0
7078	0
7079	0
7080	0
7081	0
7082	1
7083	0
7084	0
7085	0
7086	0
7087	2
7088	1
7089	0
7090	1
7091	1
7092	0
7093	0
7094	1
7095	1
7096	1
7097	0
7098	0
7099	2
7100	1
7101	0
7102	0
7103	1
7104	1
7105	1
7106	0
7107	0
7108	1
7109	1
7110	2
7111	0
7112	0
7113	0
7114	0
7115	1
7116	0
7117	0
7118	0
7119	1
7120	0
7121	1
7122	0
7123	1
7124	0
7125	0
7126	0
7127	0
7128	0
7129	0
7130	1
7131	0
7132	0
7133	0
7134	0
7135	1
7136	0
7137	0
7138	1
7139	1
7140	1
7141	0
7142	1
7143	0
7144	0
7145	0
7146	1
7147	0
7148	0
7149	0
7150	1
7151	0
7152	1
7153	1
7154	0
7155	0
7156	0
7157	1
7158	2
7159	0
7160	0
7161	0
7162	0
7163	2
7164	0
7165	0
7166	2
7167	0
7168	3
7169	0
7170	0
7171	2
7172	1
7173	0
7174	1
7175	0
7176	0
7177	0
7178	0
7179	1
7180	2
7181	1
7182	1
7183	1
7184	0
7185	0
7186	1
7187	0
7188	1
7189	1
7190	0
7191	1
7192	0
7193	0
7194	0
7195	0
7196	0
7197	1
7198	1
7199	0
7200	2
7201	0
7202	1
7203	1
7204	1
7205	0
7206	0
7207	1
7208	0
7209	0
7210	0
7211	1
7212	0
7213	0
7214	0
7215	1
7216	0
7217	0
7218	0
7219	2
7220	0
7221	1
7222	0
7223	0
7224	0
7225	1
7226	2
7227	1
7228	0
7229	0
7230	0
7231	0
7232	0
7233	0
7234	0
7235	3
7236	1
7237	1
7238	0
7239	0
7240	0
7241	0
7242	0
7243	0
7244	0
7245	0
7246	1
7247	1
7248	0
7249	1
7250	0
7251	0
7252	2
7253	1
7254	0
7255	0
7256	1
7257	0
7258	0
7259	0
7260	0
7261	0
7262	1
7263	1
7264	0
7265	0
7266	0
7267	0
7268	0
7269	1
7270	0
7271	0
7272	0
7273	0
7274	0
7275	0
7276	0
7277	0
7278	0
7279	0
7280	1
7281	1
7282	1
7283	0
7284	2
7285	0
7286	1
7287	0
7288	0
7289	0
7290	1
7291	0
7292	0
7293	0
7294	1
7295	0
7296	0
7297	0
7298	1
7299	0
7300	1
7301	2
7302	1
7303	0
7304	0
7305	0
7306	0
7307	1
7308	0
7309	0
7310	0
7311	0
7312	0
7313	1
7314	2
7315	2
7316	0
7317	0
7318	0
7319	0
7320	0
7321	0
7322	0
7323	0
7324	0
7325	1
7326	0
7327	0
7328	0
7329	1
7330	0
7331	0
7332	0
7333	1
7334	0
7335	1
7336	0
7337	1
7338	0
7339	1
7340	0
7341	0
7342	0
7343	0
7344	0
7345	0
7346	1
7347	0
7348	0
7349	1
7350	0
7351	1
7352	0
7353	1
7354	2
7355	1
7356	1
7357	0
7358	0
7359	0
7360	0
7361	0
7362	0
7363	0
7364	0
7365	0
7366	1
7367	0
7368	0
7369	0
7370	1
7371	0
7372	0
7373	0
7374	0
7375	1
7376	1
7377	1
7378	2
7379	0
7380	0
7381	0
7382	1
7383	1
7384	0
7385	1
7386	0
7387	1
7388	0
7389	0
7390	0
7391	1
7392	0
7393	0
7394	0
7395	0
7396	1
7397	0
7398	0
7399	2
7400	0
7401	1
7402	1
7403	0
7404	0
7405	0
7406	0
7407	0
7408	0
7409	0
7410	0
7411	0
7412	0
7413	0
7414	0
7415	1
7416	0
7417	0
7418	0
7419	1
7420	0
7421	1
7422	1
7423	0
7424	0
7425	0
7426	0
7427	1
7428	1
7429	0
7430	0
7431	0
7432	1
7433	1
7434	0
7435	0
7436	0
7437	0
7438	0
7439	1
7440	1
7441	0
7442	0
7443	1
7444	0
7445	0
7446	1
7447	1
7448	0
7449	0
7450	0
7451	0
7452	1
7453	2
7454	0
7455	1
7456	0
7457	0
7458	0
7459	0
7460	1
7461	0
7462	0
7463	0
7464	1
7465	0
7466	1
7467	0
7468	0
7469	1
7470	2
7471	0
7472	2
7473	1
7474	0
7475	0
7476	2
7477	0
7478	0
7479	1
7480	2
7481	1
7482	0
7483	0
7484	0
7485	0
7486	0
7487	1
7488	1
7489	0
7490	0
7491	0
7492	1
7493	0
7494	0
7495	0
7496	0
7497	1
7498	0
7499	0
7500	0
7501	0
7502	0
7503	0
7504	1
7505	1
7506	0
7507	2
7508	1
7509	1
7510	1
7511	1
7512	0
7513	1
7514	0
7515	0
7516	1
7517	0
7518	1
7519	0
7520	0
7521	0
7522	1
7523	0
7524	1
7525	0
7526	1
7527	0
7528	1
7529	1
7530	1
7531	0
7532	0
7533	1
7534	3
7535	0
7536	0
7537	0
7538	3
7539	0
7540	0
7541	0
7542	0
7543	1
7544	1
7545	0
7546	0
7547	1
7548	1
7549	3
7550	0
7551	2
7552	2
7553	1
7554	0
7555	0
7556	2
7557	0
7558	0
7559	0
7560	3
7561	0
7562	0
7563	0
7564	0
7565	1
7566	1
7567	0
7568	0
7569	0
7570	1
7571	0
7572	1
7573	0
7574	1
7575	0
7576	0
7577	0
7578	0
7579	1
7580	0
7581	0
7582	0
7583	0
7584	1
7585	2
7586	0
7587	0
7588	0
7589	1
7590	0
7591	1
7592	0
7593	0
7594	0
7595	2
7596	0
7597	1
7598	1
7599	0
7600	0
7601	0
7602	0
7603	0
7604	1
7605	0
7606	0
7607	0
7608	2
7609	0
7610	2
7611	0
7612	0
7613	1
7614	0
7615	1
7616	0
7617	0
7618	0
7619	3
7620	0
7621	2
7622	0
7623	0
7624	0
7625	0
7626	0
7627	0
7628	0
7629	0
7630	0
7631	0
7632	0
7633	0
7634	0
7635	0
7636	0
7637	0
7638	0
7639	0
7640	0
7641	0
7642	0
7643	1
7644	1
7645	2
7646	1
7647	1
7648	2
7649	3
7650	1
7651	0
7652	3
7653	0
7654	0
7655	2
7656	0
7657	0
7658	1
7659	0
7660	1
7661	0
7662	0
7663	0
7664	2
7665	0
7666	0
7667	0
7668	0
7669	1
7670	0
7671	0
7672	1
7673	0
7674	1
7675	0
7676	1
7677	0
7678	0
7679	0
7680	0
7681	0
7682	1
7683	0
7684	0
7685	0
7686	0
7687	2
7688	0
7689	0
7690	1
7691	0
7692	1
7693	1
7694	0
7695	1
7696	0
7697	0
7698	0
7699	0
7700	0
7701	0
7702	0
7703	0
7704	0
7705	3
7706	1
7707	0
7708	0
7709	1
7710	1
7711	0
7712	0
7713	0
7714	2
7715	0
7716	0
7717	0
7718	1
7719	0
7720	0
7721	1
7722	1
7723	1
7724	1
7725	0
7726	1
7727	2
7728	0
7729	0
7730	0
7731	0
7732	3
7733	1
7734	2
7735	1
7736	0
7737	0
7738	0
7739	1
7740	2
7741	0
7742	0
7743	0
7744	1
7745	3
7746	2
7747	1
7748	0
7749	0
7750	0
7751	2
7752	0
7753	0
7754	0
7755	0
7756	0
7757	0
7758	0
7759	1
7760	0
7761	0
7762	0
7763	1
7764	0
7765	0
7766	1
7767	1
7768	0
7769	0
7770	0
7771	1
7772	0
7773	0
7774	0
7775	1
7776	0
7777	0
7778	1
7779	0
7780	2
7781	0
7782	0
7783	0
7784	0
7785	1
7786	0
7787	0
7788	0
7789	1
7790	0
7791	2
7792	1
7793	0
7794	0
7795	1
7796	0
7797	0
7798	0
7799	0
7800	0
7801	3
7802	1
7803	1
7804	0
7805	1
7806	0
7807	1
7808	1
7809	0
7810	1
7811	1
7812	0
7813	0
7814	0
7815	0
7816	0
7817	0
7818	0
7819	0
7820	1
7821	0
7822	0
7823	0
7824	1
7825	0
7826	0
7827	0
7828	0
7829	1
7830	0
7831	1
7832	0
7833	0
7834	0
7835	1
7836	0
7837	0
7838	2
7839	1
7840	2
7841	0
7842	0
7843	0
7844	0
7845	0
7846	0
7847	1
7848	0
7849	1
7850	1
7851	0
7852	0
7853	0
7854	0
7855	1
7856	0
7857	1
7858	1
7859	1
7860	0
7861	0
7862	1
7863	2
7864	0
7865	2
7866	0
7867	1
7868	0
7869	1
7870	0
7871	0
7872	0
7873	1
7874	1
7875	0
7876	0
7877	0
7878	1
7879	0
7880	0
7881	0
7882	0
7883	2
7884	0
7885	1
7886	0
7887	0
7888	1
7889	2
7890	0
7891	0
7892	0
7893	1
7894	1
7895	0
7896	1
7897	0
7898	0
7899	0
7900	2
7901	1
7902	0
7903	1
7904	1
7905	0
7906	1
7907	1
7908	0
7909	0
7910	0
7911	0
7912	1
7913	0
7914	1
7915	0
7916	1
7917	0
7918	0
7919	1
7920	0
7921	0
7922	0
7923	0
7924	0
7925	0
7926	0
7927	2
7928	1
7929	0
7930	0
7931	1
7932	0
7933	1
7934	1
7935	0
7936	2
7937	1
7938	0
7939	0
7940	0
7941	1
7942	1
7943	1
7944	1
7945	0
7946	0
7947	0
7948	0
7949	0
7950	1
7951	0
7952	1
7953	0
7954	1
7955	1
7956	1
7957	0
7958	0
7959	0
7960	0
7961	0
7962	0
7963	1
7964	0
7965	1
7966	0
7967	1
7968	0
7969	0
7970	1
7971	0
7972	0
7973	0
7974	0
7975	0
7976	0
7977	0
7978	1
7979	1
7980	0
7981	1
7982	0
7983	1
7984	0
7985	0
7986	0
7987	0
7988	0
7989	0
7990	0
7991	2
7992	0
7993	0
7994	1
7995	0
7996	1
7997	1
7998	1
7999	0
8000	1
8001	0
8002	1
8003	0
8004	0
8005	0
8006	0
8007	1
8008	1
8009	0
8010	1
8011	0
8012	0
8013	0
8014	0
8015	0
8016	0
8017	0
8018	1
8019	0
8020	0
8021	0
8022	2
8023	0
8024	0
8025	0
8026	0
8027	0
8028	1
8029	0
8030	0
8031	1
8032	0
8033	0
8034	0
8035	0
8036	0
8037	0
8038	1
8039	0
8040	0
8041	0
8042	2
8043	0
8044	0
8045	1
8046	0
8047	1
8048	0
8049	1
8050	1
8051	0
8052	1
8053	0
8054	1
8055	1
8056	1
8057	0
8058	0
8059	1
8060	1
8061	0
8062	0
8063	0
8064	0
8065	1
8066	1
8067	2
8068	0
8069	0
8070	1
8071	1
8072	1
8073	1
8074	0
8075	0
8076	0
8077	0
8078	2
8079	0
8080	0
8081	0
8082	1
8083	1
8084	0
8085	0
8086	0
8087	0
8088	0
8089	0
8090	0
8091	1
8092	0
8093	1
8094	1
8095	0
8096	0
8097	0
8098	0
8099	0
8100	1
8101	1
8102	1
8103	0
8104	0
8105	0
8106	0
8107	1
8108	0
8109	0
8110	0
8111	0
8112	0
8113	0
8114	0
8115	0
8116	2
8117	2
8118	0
8119	1
8120	1
8121	0
8122	0
8123	0
8124	0
8125	3
8126	0
8127	0
8128	2
8129	0
8130	0
8131	1
8132	1
8133	1
8134	0
8135	1
8136	0
8137	1
8138	0
8139	0
8140	0
8141	0
8142	0
8143	0
8144	0
8145	0
8146	0
8147	0
8148	0
8149	0
8150	0
8151	0
8152	0
8153	0
8154	0
8155	0
8156	0
8157	0
8158	0
8159	0
8160	0
8161	0
8162	0
8163	0
8164	0
8165	0
8166	0
8167	0
8168	0
8169	0
8170	0
8171	0
8172	0
8173	0
8174	0
8175	0
8176	0
8177	0
8178	0
8179	0
8180	0
8181	0
8182	0
8183	0
8184	0
8185	0
8186	0
8187	0
8188	0
8189	0
8190	0
8191	0
