0	0
1	0
2	0
3	0
4	0
5	0
6	0
7	0
8	0
9	0
10	0
11	0
12	0
13	0
14	0
15	0
16	0
17	0
18	0
19	0
20	0
21	0
22	0
23	0
24	0
25	0
26	0
27	0
28	0
29	0
30	0
31	0
32	0
33	0
34	0
35	0
36	0
37	0
38	0
39	0
40	0
41	0
42	0
43	0
44	0
45	0
46	0
47	0
48	0
49	0
50	0
51	0
52	0
53	0
54	0
55	0
56	0
57	0
58	0
59	0
60	0
61	0
62	0
63	0
64	0
65	0
66	0
67	0
68	0
69	0
70	0
71	0
72	0
73	0
74	0
75	0
76	0
77	0
78	0
79	0
80	0
81	0
82	0
83	0
84	0
85	0
86	0
87	0
88	0
89	0
90	0
91	0
92	0
93	0
94	0
95	0
96	0
97	0
98	0
99	0
100	0
101	0
102	0
103	0
104	0
105	0
106	0
107	0
108	0
109	0
110	0
111	0
112	0
113	0
114	0
115	0
116	0
117	0
118	0
119	0
120	0
121	0
122	1
123	0
124	0
125	0
126	0
127	0
128	0
129	0
130	0
131	0
132	0
133	0
134	0
135	0
136	0
137	0
138	0
139	0
140	0
141	0
142	0
143	0
144	0
145	0
146	0
147	0
148	0
149	0
150	0
151	0
152	0
153	0
154	0
155	0
156	0
157	0
158	0
159	0
160	0
161	0
162	0
163	0
164	0
165	0
166	0
167	0
168	0
169	0
170	0
171	0
172	0
173	0
174	0
175	0
176	0
177	0
178	0
179	0
180	0
181	1
182	0
183	0
184	0
185	0
186	0
187	0
188	0
189	0
190	0
191	0
192	0
193	0
194	0
195	0
196	0
197	0
198	0
199	0
200	0
201	0
202	0
203	0
204	0
205	0
206	0
207	0
208	0
209	0
210	0
211	0
212	0
213	0
214	0
215	0
216	0
217	0
218	0
219	0
220	0
221	0
222	0
223	0
224	0
225	0
226	0
227	0
228	0
229	0
230	0
231	0
232	0
233	0
234	0
235	0
236	0
237	0
238	0
239	0
240	0
241	0
242	0
243	0
244	0
245	0
246	0
247	0
248	0
249	0
250	0
251	0
252	0
253	0
254	0
255	0
256	0
257	0
258	0
259	0
260	0
261	0
262	0
263	0
264	0
265	0
266	0
267	0
268	0
269	0
270	0
271	0
272	0
273	0
274	0
275	0
276	0
277	0
278	0
279	0
280	0
281	0
282	0
283	0
284	0
285	0
286	0
287	0
288	0
289	0
290	0
291	0
292	0
293	0
294	0
295	0
296	0
297	0
298	0
299	0
300	0
301	0
302	0
303	0
304	0
305	0
306	0
307	0
308	0
309	0
310	0
311	0
312	0
313	0
314	0
315	0
316	0
317	0
318	0
319	0
320	0
321	0
322	0
323	0
324	0
325	0
326	0
327	0
328	0
329	0
330	0
331	0
332	0
333	0
334	0
335	0
336	0
337	0
338	0
339	0
340	0
341	0
342	0
343	0
344	0
345	0
346	0
347	0
348	0
349	0
350	0
351	0
352	0
353	0
354	0
355	0
356	0
357	0
358	0
359	0
360	0
361	0
362	0
363	0
364	0
365	0
366	0
367	0
368	0
369	0
370	0
371	0
372	0
373	0
374	0
375	0
376	0
377	0
378	0
379	0
380	0
381	0
382	0
383	0
384	0
385	0
386	0
387	0
388	0
389	0
390	0
391	0
392	0
393	0
394	0
395	0
396	0
397	0
398	0
399	0
400	0
401	0
402	0
403	0
404	0
405	0
406	0
407	0
408	0
409	0
410	0
411	0
412	0
413	0
414	0
415	0
416	0
417	0
418	0
419	0
420	0
421	0
422	0
423	0
424	0
425	0
426	0
427	0
428	0
429	0
430	0
431	0
432	0
433	0
434	0
435	0
436	0
437	0
438	0
439	0
440	0
441	0
442	0
443	0
444	0
445	0
446	0
447	0
448	0
449	0
450	0
451	0
452	0
453	0
454	0
455	0
456	0
457	0
458	0
459	0
460	0
461	0
462	0
463	0
464	0
465	0
466	0
467	0
468	0
469	0
470	0
471	0
472	0
473	0
474	0
475	0
476	0
477	0
478	0
479	0
480	0
481	0
482	0
483	0
484	0
485	0
486	0
487	0
488	0
489	0
490	0
491	0
492	0
493	0
494	0
495	0
496	0
497	0
498	0
499	0
500	0
501	0
502	0
503	0
504	0
505	0
506	0
507	0
508	0
509	0
510	0
511	0
512	0
513	0
514	0
515	0
516	0
517	0
518	0
519	0
520	0
521	0
522	0
523	0
524	0
525	0
526	0
527	0
528	0
529	0
530	0
531	0
532	0
533	0
534	0
535	0
536	0
537	0
538	0
539	0
540	0
541	0
542	0
543	0
544	0
545	0
546	0
547	0
548	0
549	0
550	0
551	0
552	0
553	0
554	0
555	0
556	0
557	0
558	0
559	0
560	0
561	0
562	0
563	0
564	0
565	0
566	0
567	0
568	0
569	0
570	0
571	0
572	0
573	0
574	0
575	0
576	0
577	0
578	0
579	0
580	0
581	0
582	0
583	0
584	0
585	0
586	0
587	0
588	0
589	0
590	0
591	0
592	0
593	0
594	0
595	0
596	0
597	0
598	1
599	0
600	0
601	1
602	3
603	1
604	2
605	3
606	2
607	1
608	5
609	2
610	7
611	1
612	2
613	4
614	4
615	7
616	5
617	13
618	8
619	8
620	10
621	8
622	17
623	16
624	13
625	16
626	16
627	25
628	19
629	32
630	33
631	29
632	27
633	40
634	51
635	66
636	65
637	64
638	70
639	66
640	101
641	93
642	107
643	108
644	103
645	111
646	105
647	118
648	139
649	132
650	152
651	156
652	128
653	164
654	132
655	173
656	156
657	175
658	158
659	196
660	182
661	172
662	198
663	202
664	250
665	227
666	219
667	233
668	238
669	227
670	234
671	240
672	230
673	249
674	293
675	278
676	271
677	340
678	299
679	337
680	340
681	345
682	301
683	343
684	342
685	367
686	377
687	407
688	393
689	409
690	401
691	444
692	454
693	481
694	477
695	500
696	495
697	486
698	513
699	533
700	538
701	551
702	578
703	565
704	590
705	624
706	638
707	664
708	656
709	688
710	675
711	744
712	729
713	749
714	773
715	757
716	782
717	838
718	837
719	795
720	839
721	905
722	911
723	902
724	980
725	940
726	937
727	962
728	981
729	1008
730	1052
731	1054
732	1102
733	1081
734	1096
735	1124
736	1126
737	1177
738	1239
739	1180
740	1227
741	1229
742	1240
743	1326
744	1360
745	1327
746	1293
747	1349
748	1369
749	1432
750	1390
751	1411
752	1521
753	1494
754	1497
755	1504
756	1562
757	1605
758	1550
759	1537
760	1608
761	1638
762	1646
763	1678
764	1649
765	1665
766	1735
767	1755
768	1759
769	1723
770	1705
771	1768
772	1773
773	1744
774	1808
775	1835
776	1800
777	1778
778	1860
779	1843
780	1875
781	1881
782	1861
783	1854
784	1812
785	1816
786	1904
787	1835
788	1893
789	1899
790	1928
791	1897
792	1924
793	1903
794	1931
795	1922
796	1954
797	1914
798	1916
799	2014
800	1926
801	1957
802	1965
803	1933
804	1931
805	1875
806	1882
807	1870
808	1812
809	1857
810	1932
811	1914
812	1870
813	1842
814	1929
815	1873
816	1888
817	1901
818	1829
819	1818
820	1721
821	1806
822	1736
823	1732
824	1741
825	1791
826	1726
827	1841
828	1706
829	1728
830	1769
831	1729
832	1675
833	1689
834	1591
835	1578
836	1600
837	1644
838	1680
839	1603
840	1551
841	1596
842	1577
843	1575
844	1566
845	1555
846	1547
847	1540
848	1522
849	1525
850	1498
851	1379
852	1501
853	1447
854	1412
855	1418
856	1370
857	1373
858	1354
859	1369
860	1335
861	1295
862	1306
863	1292
864	1300
865	1261
866	1261
867	1206
868	1221
869	1217
870	1180
871	1197
872	1127
873	1134
874	1132
875	1071
876	1129
877	1102
878	1066
879	1079
880	1056
881	1060
882	1054
883	1035
884	1032
885	1012
886	988
887	930
888	985
889	923
890	1012
891	887
892	966
893	936
894	953
895	897
896	891
897	872
898	877
899	846
900	867
901	795
902	817
903	819
904	795
905	819
906	831
907	728
908	738
909	714
910	765
911	692
912	728
913	716
914	685
915	671
916	724
917	723
918	660
919	684
920	595
921	655
922	642
923	607
924	610
925	595
926	614
927	613
928	615
929	565
930	581
931	568
932	532
933	604
934	560
935	561
936	531
937	533
938	540
939	498
940	502
941	494
942	490
943	446
944	480
945	474
946	435
947	489
948	451
949	465
950	427
951	461
952	431
953	430
954	443
955	421
956	463
957	406
958	395
959	396
960	400
961	397
962	393
963	370
964	402
965	395
966	371
967	329
968	341
969	382
970	342
971	341
972	306
973	320
974	333
975	318
976	340
977	343
978	282
979	336
980	312
981	292
982	297
983	312
984	296
985	294
986	318
987	265
988	276
989	277
990	273
991	283
992	274
993	282
994	231
995	286
996	262
997	256
998	292
999	233
1000	255
1001	231
1002	229
1003	213
1004	261
1005	229
1006	273
1007	248
1008	235
1009	219
1010	223
1011	188
1012	226
1013	195
1014	246
1015	213
1016	216
1017	202
1018	197
1019	214
1020	202
1021	198
1022	218
1023	184
1024	187
1025	187
1026	176
1027	167
1028	167
1029	183
1030	176
1031	173
1032	152
1033	161
1034	161
1035	161
1036	172
1037	160
1038	150
1039	183
1040	139
1041	167
1042	169
1043	127
1044	160
1045	153
1046	152
1047	146
1048	163
1049	145
1050	148
1051	139
1052	144
1053	141
1054	144
1055	133
1056	148
1057	142
1058	142
1059	122
1060	131
1061	117
1062	140
1063	141
1064	153
1065	120
1066	119
1067	104
1068	151
1069	131
1070	132
1071	118
1072	113
1073	127
1074	113
1075	132
1076	115
1077	121
1078	97
1079	116
1080	112
1081	105
1082	103
1083	99
1084	121
1085	95
1086	106
1087	118
1088	113
1089	92
1090	96
1091	98
1092	92
1093	120
1094	93
1095	94
1096	100
1097	102
1098	82
1099	79
1100	99
1101	100
1102	96
1103	88
1104	89
1105	99
1106	88
1107	93
1108	80
1109	73
1110	86
1111	99
1112	93
1113	80
1114	84
1115	83
1116	88
1117	82
1118	75
1119	69
1120	80
1121	85
1122	66
1123	73
1124	101
1125	69
1126	82
1127	75
1128	70
1129	80
1130	71
1131	87
1132	68
1133	73
1134	88
1135	82
1136	76
1137	74
1138	72
1139	71
1140	65
1141	72
1142	61
1143	73
1144	58
1145	74
1146	64
1147	62
1148	74
1149	66
1150	63
1151	53
1152	58
1153	71
1154	76
1155	61
1156	58
1157	65
1158	71
1159	67
1160	62
1161	60
1162	75
1163	73
1164	64
1165	64
1166	65
1167	70
1168	61
1169	51
1170	66
1171	44
1172	53
1173	56
1174	57
1175	66
1176	63
1177	61
1178	61
1179	50
1180	66
1181	53
1182	51
1183	54
1184	46
1185	42
1186	58
1187	41
1188	49
1189	39
1190	60
1191	52
1192	60
1193	34
1194	45
1195	53
1196	53
1197	52
1198	46
1199	59
1200	53
1201	55
1202	48
1203	43
1204	47
1205	59
1206	41
1207	45
1208	33
1209	52
1210	53
1211	42
1212	44
1213	43
1214	45
1215	44
1216	44
1217	51
1218	38
1219	45
1220	45
1221	45
1222	49
1223	38
1224	43
1225	44
1226	50
1227	53
1228	33
1229	50
1230	36
1231	44
1232	35
1233	46
1234	43
1235	33
1236	51
1237	36
1238	33
1239	51
1240	25
1241	36
1242	34
1243	36
1244	28
1245	30
1246	33
1247	37
1248	44
1249	32
1250	27
1251	41
1252	37
1253	38
1254	31
1255	38
1256	41
1257	34
1258	35
1259	33
1260	36
1261	36
1262	39
1263	31
1264	42
1265	40
1266	33
1267	29
1268	37
1269	29
1270	33
1271	32
1272	38
1273	38
1274	39
1275	31
1276	39
1277	33
1278	28
1279	47
1280	30
1281	35
1282	27
1283	28
1284	30
1285	24
1286	42
1287	38
1288	30
1289	30
1290	22
1291	30
1292	28
1293	23
1294	28
1295	21
1296	26
1297	42
1298	23
1299	27
1300	29
1301	20
1302	24
1303	20
1304	26
1305	26
1306	29
1307	23
1308	24
1309	24
1310	22
1311	16
1312	30
1313	33
1314	29
1315	26
1316	32
1317	30
1318	34
1319	19
1320	20
1321	21
1322	29
1323	23
1324	24
1325	26
1326	27
1327	31
1328	39
1329	25
1330	23
1331	25
1332	19
1333	29
1334	24
1335	22
1336	23
1337	27
1338	18
1339	18
1340	23
1341	25
1342	28
1343	26
1344	21
1345	30
1346	16
1347	25
1348	23
1349	27
1350	18
1351	24
1352	23
1353	19
1354	25
1355	32
1356	15
1357	20
1358	17
1359	18
1360	12
1361	21
1362	28
1363	20
1364	20
1365	19
1366	19
1367	23
1368	23
1369	17
1370	12
1371	18
1372	16
1373	16
1374	20
1375	15
1376	22
1377	20
1378	18
1379	22
1380	20
1381	21
1382	14
1383	21
1384	21
1385	18
1386	26
1387	15
1388	19
1389	17
1390	19
1391	22
1392	21
1393	23
1394	26
1395	17
1396	11
1397	16
1398	19
1399	17
1400	11
1401	22
1402	19
1403	23
1404	14
1405	12
1406	18
1407	23
1408	18
1409	22
1410	15
1411	17
1412	16
1413	13
1414	21
1415	9
1416	19
1417	18
1418	10
1419	15
1420	11
1421	11
1422	14
1423	18
1424	11
1425	22
1426	16
1427	13
1428	17
1429	14
1430	16
1431	19
1432	17
1433	20
1434	18
1435	16
1436	10
1437	15
1438	6
1439	15
1440	13
1441	13
1442	17
1443	12
1444	13
1445	11
1446	17
1447	14
1448	12
1449	9
1450	18
1451	13
1452	13
1453	14
1454	9
1455	15
1456	14
1457	12
1458	14
1459	16
1460	7
1461	12
1462	19
1463	11
1464	12
1465	11
1466	13
1467	17
1468	19
1469	14
1470	21
1471	10
1472	13
1473	12
1474	5
1475	13
1476	8
1477	13
1478	9
1479	20
1480	21
1481	13
1482	14
1483	10
1484	14
1485	10
1486	18
1487	15
1488	11
1489	18
1490	13
1491	14
1492	10
1493	16
1494	10
1495	9
1496	5
1497	9
1498	9
1499	9
1500	8
1501	10
1502	5
1503	11
1504	10
1505	14
1506	9
1507	8
1508	12
1509	8
1510	11
1511	10
1512	14
1513	5
1514	12
1515	11
1516	15
1517	13
1518	12
1519	17
1520	14
1521	6
1522	5
1523	10
1524	22
1525	9
1526	7
1527	12
1528	6
1529	12
1530	8
1531	9
1532	15
1533	10
1534	10
1535	11
1536	13
1537	15
1538	9
1539	6
1540	9
1541	5
1542	12
1543	9
1544	6
1545	13
1546	9
1547	4
1548	14
1549	14
1550	12
1551	9
1552	4
1553	14
1554	7
1555	8
1556	10
1557	14
1558	6
1559	9
1560	9
1561	10
1562	6
1563	9
1564	13
1565	10
1566	7
1567	7
1568	7
1569	11
1570	8
1571	7
1572	15
1573	4
1574	5
1575	7
1576	12
1577	12
1578	6
1579	6
1580	11
1581	10
1582	10
1583	5
1584	14
1585	10
1586	6
1587	6
1588	5
1589	15
1590	4
1591	8
1592	3
1593	10
1594	5
1595	6
1596	6
1597	8
1598	5
1599	7
1600	16
1601	3
1602	11
1603	4
1604	3
1605	5
1606	11
1607	6
1608	7
1609	14
1610	6
1611	8
1612	6
1613	12
1614	9
1615	4
1616	10
1617	9
1618	10
1619	6
1620	7
1621	9
1622	7
1623	5
1624	9
1625	5
1626	3
1627	5
1628	6
1629	8
1630	12
1631	8
1632	11
1633	5
1634	3
1635	4
1636	10
1637	9
1638	4
1639	7
1640	6
1641	3
1642	6
1643	8
1644	5
1645	7
1646	9
1647	7
1648	5
1649	11
1650	3
1651	5
1652	4
1653	5
1654	4
1655	5
1656	5
1657	10
1658	6
1659	4
1660	7
1661	6
1662	5
1663	5
1664	4
1665	7
1666	3
1667	7
1668	2
1669	1
1670	6
1671	6
1672	5
1673	4
1674	6
1675	7
1676	8
1677	5
1678	2
1679	6
1680	4
1681	4
1682	5
1683	4
1684	7
1685	6
1686	2
1687	3
1688	4
1689	9
1690	7
1691	4
1692	6
1693	4
1694	2
1695	6
1696	7
1697	8
1698	5
1699	7
1700	2
1701	4
1702	4
1703	4
1704	3
1705	2
1706	6
1707	2
1708	4
1709	6
1710	4
1711	9
1712	4
1713	3
1714	6
1715	5
1716	9
1717	1
1718	4
1719	2
1720	3
1721	5
1722	5
1723	6
1724	6
1725	5
1726	4
1727	6
1728	4
1729	6
1730	2
1731	8
1732	5
1733	2
1734	5
1735	5
1736	3
1737	3
1738	4
1739	8
1740	4
1741	5
1742	4
1743	3
1744	7
1745	5
1746	4
1747	5
1748	2
1749	7
1750	4
1751	5
1752	3
1753	1
1754	3
1755	1
1756	4
1757	3
1758	6
1759	3
1760	4
1761	9
1762	1
1763	2
1764	5
1765	4
1766	7
1767	3
1768	5
1769	1
1770	8
1771	4
1772	4
1773	3
1774	5
1775	4
1776	5
1777	4
1778	5
1779	4
1780	4
1781	2
1782	2
1783	1
1784	5
1785	4
1786	4
1787	9
1788	2
1789	3
1790	2
1791	3
1792	7
1793	4
1794	3
1795	4
1796	2
1797	2
1798	1
1799	4
1800	2
1801	8
1802	2
1803	4
1804	0
1805	3
1806	4
1807	3
1808	2
1809	5
1810	4
1811	3
1812	4
1813	0
1814	3
1815	3
1816	2
1817	6
1818	5
1819	5
1820	5
1821	2
1822	5
1823	3
1824	5
1825	2
1826	5
1827	6
1828	4
1829	5
1830	2
1831	3
1832	2
1833	4
1834	6
1835	3
1836	3
1837	2
1838	5
1839	0
1840	2
1841	3
1842	3
1843	3
1844	3
1845	3
1846	6
1847	3
1848	0
1849	4
1850	1
1851	2
1852	3
1853	2
1854	1
1855	3
1856	2
1857	0
1858	1
1859	3
1860	4
1861	3
1862	3
1863	1
1864	3
1865	3
1866	3
1867	0
1868	3
1869	2
1870	4
1871	3
1872	3
1873	3
1874	5
1875	3
1876	3
1877	5
1878	4
1879	1
1880	4
1881	3
1882	0
1883	2
1884	4
1885	5
1886	3
1887	5
1888	2
1889	2
1890	1
1891	4
1892	2
1893	2
1894	1
1895	4
1896	4
1897	0
1898	3
1899	3
1900	3
1901	5
1902	2
1903	6
1904	6
1905	6
1906	0
1907	2
1908	5
1909	1
1910	3
1911	2
1912	5
1913	3
1914	5
1915	0
1916	4
1917	3
1918	6
1919	3
1920	2
1921	2
1922	0
1923	1
1924	4
1925	1
1926	4
1927	0
1928	4
1929	2
1930	5
1931	3
1932	2
1933	3
1934	3
1935	0
1936	5
1937	2
1938	1
1939	2
1940	1
1941	6
1942	2
1943	2
1944	3
1945	4
1946	1
1947	1
1948	3
1949	5
1950	0
1951	4
1952	4
1953	3
1954	2
1955	2
1956	0
1957	0
1958	2
1959	2
1960	5
1961	4
1962	2
1963	1
1964	1
1965	4
1966	3
1967	2
1968	5
1969	0
1970	2
1971	5
1972	2
1973	2
1974	3
1975	1
1976	0
1977	1
1978	1
1979	1
1980	2
1981	3
1982	0
1983	3
1984	4
1985	1
1986	1
1987	3
1988	2
1989	3
1990	5
1991	0
1992	2
1993	5
1994	1
1995	2
1996	0
1997	3
1998	0
1999	3
2000	4
2001	3
2002	3
2003	2
2004	2
2005	2
2006	0
2007	2
2008	1
2009	1
2010	2
2011	3
2012	2
2013	3
2014	1
2015	1
2016	1
2017	3
2018	0
2019	2
2020	0
2021	4
2022	7
2023	4
2024	0
2025	1
2026	1
2027	0
2028	4
2029	1
2030	4
2031	5
2032	0
2033	0
2034	1
2035	3
2036	2
2037	0
2038	1
2039	0
2040	2
2041	3
2042	2
2043	1
2044	2
2045	2
2046	2
2047	3
2048	3
2049	4
2050	4
2051	1
2052	2
2053	0
2054	2
2055	2
2056	2
2057	2
2058	2
2059	1
2060	6
2061	3
2062	1
2063	0
2064	5
2065	1
2066	2
2067	2
2068	0
2069	2
2070	1
2071	1
2072	2
2073	0
2074	2
2075	2
2076	6
2077	1
2078	0
2079	4
2080	0
2081	0
2082	3
2083	4
2084	3
2085	3
2086	2
2087	0
2088	4
2089	2
2090	2
2091	0
2092	4
2093	3
2094	2
2095	2
2096	1
2097	2
2098	2
2099	1
2100	0
2101	4
2102	4
2103	3
2104	1
2105	2
2106	0
2107	0
2108	1
2109	2
2110	1
2111	1
2112	2
2113	2
2114	2
2115	1
2116	1
2117	3
2118	0
2119	1
2120	4
2121	1
2122	4
2123	2
2124	0
2125	2
2126	3
2127	2
2128	1
2129	1
2130	1
2131	2
2132	3
2133	4
2134	2
2135	0
2136	1
2137	3
2138	1
2139	1
2140	3
2141	1
2142	0
2143	2
2144	1
2145	1
2146	3
2147	2
2148	4
2149	0
2150	1
2151	0
2152	1
2153	2
2154	3
2155	0
2156	2
2157	1
2158	0
2159	3
2160	0
2161	2
2162	0
2163	3
2164	1
2165	1
2166	4
2167	2
2168	1
2169	2
2170	2
2171	1
2172	3
2173	1
2174	2
2175	2
2176	1
2177	3
2178	0
2179	1
2180	2
2181	2
2182	0
2183	1
2184	0
2185	3
2186	2
2187	1
2188	1
2189	2
2190	2
2191	3
2192	3
2193	1
2194	0
2195	4
2196	2
2197	1
2198	1
2199	3
2200	1
2201	2
2202	0
2203	5
2204	2
2205	0
2206	2
2207	0
2208	3
2209	0
2210	2
2211	1
2212	1
2213	2
2214	2
2215	0
2216	3
2217	3
2218	3
2219	2
2220	0
2221	4
2222	1
2223	2
2224	0
2225	1
2226	1
2227	2
2228	1
2229	2
2230	1
2231	1
2232	1
2233	0
2234	0
2235	1
2236	1
2237	2
2238	2
2239	1
2240	3
2241	2
2242	3
2243	2
2244	1
2245	0
2246	2
2247	3
2248	1
2249	0
2250	0
2251	0
2252	3
2253	3
2254	1
2255	1
2256	2
2257	0
2258	0
2259	2
2260	1
2261	2
2262	1
2263	2
2264	0
2265	1
2266	2
2267	0
2268	0
2269	2
2270	0
2271	1
2272	1
2273	2
2274	2
2275	1
2276	5
2277	2
2278	0
2279	2
2280	1
2281	3
2282	0
2283	2
2284	1
2285	1
2286	2
2287	1
2288	0
2289	4
2290	0
2291	0
2292	0
2293	1
2294	2
2295	1
2296	1
2297	1
2298	0
2299	3
2300	3
2301	1
2302	1
2303	1
2304	0
2305	0
2306	1
2307	2
2308	0
2309	1
2310	1
2311	1
2312	2
2313	2
2314	2
2315	1
2316	3
2317	2
2318	1
2319	1
2320	0
2321	1
2322	0
2323	2
2324	3
2325	2
2326	3
2327	0
2328	1
2329	1
2330	1
2331	1
2332	0
2333	3
2334	3
2335	0
2336	2
2337	3
2338	3
2339	0
2340	0
2341	1
2342	1
2343	1
2344	3
2345	0
2346	3
2347	3
2348	1
2349	1
2350	0
2351	3
2352	0
2353	2
2354	1
2355	1
2356	0
2357	1
2358	0
2359	0
2360	0
2361	0
2362	0
2363	0
2364	0
2365	1
2366	0
2367	2
2368	1
2369	1
2370	1
2371	1
2372	3
2373	2
2374	2
2375	0
2376	2
2377	1
2378	1
2379	3
2380	1
2381	2
2382	1
2383	2
2384	1
2385	1
2386	1
2387	2
2388	3
2389	1
2390	2
2391	0
2392	1
2393	1
2394	1
2395	4
2396	1
2397	2
2398	0
2399	1
2400	0
2401	1
2402	1
2403	1
2404	2
2405	4
2406	1
2407	0
2408	2
2409	1
2410	0
2411	1
2412	2
2413	2
2414	1
2415	1
2416	2
2417	1
2418	0
2419	0
2420	2
2421	2
2422	2
2423	0
2424	2
2425	2
2426	1
2427	2
2428	1
2429	1
2430	2
2431	1
2432	1
2433	1
2434	1
2435	1
2436	0
2437	1
2438	1
2439	2
2440	2
2441	2
2442	0
2443	0
2444	2
2445	1
2446	1
2447	1
2448	1
2449	0
2450	1
2451	0
2452	0
2453	3
2454	0
2455	0
2456	1
2457	1
2458	2
2459	0
2460	0
2461	0
2462	2
2463	0
2464	3
2465	0
2466	2
2467	1
2468	0
2469	0
2470	0
2471	1
2472	1
2473	0
2474	2
2475	0
2476	1
2477	2
2478	0
2479	0
2480	2
2481	1
2482	2
2483	2
2484	2
2485	1
2486	0
2487	2
2488	0
2489	1
2490	3
2491	1
2492	0
2493	0
2494	1
2495	1
2496	0
2497	0
2498	0
2499	0
2500	0
2501	1
2502	0
2503	3
2504	2
2505	0
2506	1
2507	1
2508	4
2509	0
2510	1
2511	2
2512	1
2513	1
2514	1
2515	2
2516	0
2517	1
2518	2
2519	0
2520	2
2521	1
2522	1
2523	0
2524	0
2525	0
2526	1
2527	1
2528	0
2529	0
2530	0
2531	0
2532	2
2533	2
2534	1
2535	0
2536	2
2537	4
2538	1
2539	0
2540	0
2541	0
2542	0
2543	1
2544	1
2545	1
2546	1
2547	3
2548	0
2549	1
2550	2
2551	0
2552	0
2553	1
2554	2
2555	2
2556	1
2557	1
2558	0
2559	1
2560	2
2561	1
2562	1
2563	3
2564	1
2565	1
2566	0
2567	2
2568	1
2569	2
2570	1
2571	1
2572	0
2573	0
2574	1
2575	0
2576	2
2577	2
2578	2
2579	1
2580	1
2581	0
2582	1
2583	1
2584	1
2585	1
2586	2
2587	3
2588	1
2589	1
2590	0
2591	1
2592	0
2593	1
2594	0
2595	0
2596	1
2597	0
2598	3
2599	0
2600	1
2601	0
2602	3
2603	0
2604	1
2605	0
2606	3
2607	0
2608	1
2609	1
2610	1
2611	2
2612	4
2613	3
2614	1
2615	3
2616	1
2617	0
2618	0
2619	1
2620	1
2621	4
2622	0
2623	1
2624	0
2625	2
2626	0
2627	0
2628	0
2629	0
2630	1
2631	0
2632	1
2633	0
2634	3
2635	0
2636	0
2637	2
2638	1
2639	2
2640	1
2641	0
2642	0
2643	1
2644	1
2645	0
2646	1
2647	0
2648	0
2649	2
2650	1
2651	3
2652	1
2653	1
2654	2
2655	4
2656	1
2657	2
2658	2
2659	0
2660	1
2661	0
2662	1
2663	3
2664	1
2665	2
2666	1
2667	0
2668	0
2669	1
2670	0
2671	1
2672	0
2673	1
2674	2
2675	1
2676	0
2677	1
2678	2
2679	0
2680	0
2681	1
2682	0
2683	0
2684	0
2685	1
2686	0
2687	1
2688	1
2689	1
2690	0
2691	1
2692	2
2693	0
2694	3
2695	1
2696	1
2697	2
2698	1
2699	0
2700	3
2701	2
2702	1
2703	0
2704	0
2705	3
2706	1
2707	1
2708	1
2709	1
2710	0
2711	0
2712	1
2713	0
2714	2
2715	0
2716	1
2717	0
2718	1
2719	2
2720	0
2721	0
2722	0
2723	3
2724	1
2725	2
2726	1
2727	1
2728	0
2729	0
2730	1
2731	0
2732	0
2733	2
2734	4
2735	1
2736	0
2737	0
2738	0
2739	1
2740	0
2741	2
2742	0
2743	0
2744	2
2745	2
2746	0
2747	0
2748	1
2749	1
2750	2
2751	1
2752	1
2753	0
2754	1
2755	1
2756	1
2757	1
2758	3
2759	0
2760	0
2761	0
2762	1
2763	0
2764	0
2765	2
2766	0
2767	3
2768	2
2769	0
2770	0
2771	0
2772	1
2773	2
2774	1
2775	0
2776	3
2777	1
2778	0
2779	1
2780	1
2781	1
2782	1
2783	0
2784	0
2785	2
2786	1
2787	0
2788	1
2789	0
2790	2
2791	0
2792	2
2793	1
2794	0
2795	1
2796	3
2797	1
2798	3
2799	1
2800	0
2801	1
2802	0
2803	0
2804	2
2805	1
2806	0
2807	0
2808	0
2809	1
2810	0
2811	0
2812	0
2813	0
2814	2
2815	2
2816	1
2817	1
2818	1
2819	2
2820	0
2821	0
2822	1
2823	1
2824	2
2825	0
2826	0
2827	2
2828	3
2829	0
2830	2
2831	1
2832	1
2833	1
2834	1
2835	1
2836	0
2837	3
2838	2
2839	0
2840	0
2841	3
2842	1
2843	0
2844	0
2845	0
2846	0
2847	0
2848	1
2849	1
2850	0
2851	1
2852	0
2853	0
2854	2
2855	0
2856	0
2857	1
2858	0
2859	2
2860	1
2861	2
2862	2
2863	0
2864	2
2865	0
2866	1
2867	1
2868	0
2869	1
2870	1
2871	0
2872	1
2873	2
2874	0
2875	1
2876	0
2877	2
2878	1
2879	1
2880	1
2881	0
2882	1
2883	0
2884	1
2885	0
2886	1
2887	1
2888	1
2889	0
2890	0
2891	2
2892	0
2893	1
2894	0
2895	0
2896	1
2897	1
2898	0
2899	0
2900	2
2901	0
2902	1
2903	0
2904	2
2905	1
2906	2
2907	4
2908	0
2909	0
2910	1
2911	0
2912	2
2913	0
2914	0
2915	0
2916	1
2917	1
2918	0
2919	1
2920	0
2921	0
2922	1
2923	0
2924	1
2925	0
2926	4
2927	0
2928	1
2929	1
2930	0
2931	0
2932	0
2933	1
2934	1
2935	0
2936	1
2937	1
2938	3
2939	0
2940	0
2941	0
2942	0
2943	1
2944	0
2945	2
2946	1
2947	1
2948	1
2949	1
2950	1
2951	1
2952	0
2953	0
2954	0
2955	0
2956	0
2957	0
2958	0
2959	2
2960	1
2961	1
2962	0
2963	3
2964	2
2965	0
2966	0
2967	1
2968	1
2969	1
2970	1
2971	1
2972	1
2973	0
2974	0
2975	1
2976	1
2977	3
2978	1
2979	1
2980	0
2981	0
2982	1
2983	0
2984	0
2985	3
2986	1
2987	1
2988	0
2989	1
2990	2
2991	1
2992	1
2993	0
2994	3
2995	2
2996	0
2997	1
2998	1
2999	0
3000	0
3001	1
3002	0
3003	1
3004	0
3005	2
3006	0
3007	2
3008	0
3009	1
3010	1
3011	1
3012	0
3013	0
3014	1
3015	1
3016	0
3017	1
3018	0
3019	1
3020	0
3021	1
3022	1
3023	0
3024	2
3025	0
3026	0
3027	0
3028	0
3029	0
3030	0
3031	0
3032	1
3033	0
3034	1
3035	1
3036	1
3037	0
3038	0
3039	0
3040	1
3041	0
3042	2
3043	2
3044	1
3045	0
3046	0
3047	2
3048	0
3049	0
3050	0
3051	0
3052	0
3053	0
3054	0
3055	1
3056	1
3057	0
3058	2
3059	0
3060	1
3061	0
3062	1
3063	2
3064	1
3065	0
3066	2
3067	1
3068	0
3069	1
3070	0
3071	0
3072	4
3073	1
3074	0
3075	2
3076	1
3077	1
3078	1
3079	0
3080	0
3081	1
3082	0
3083	1
3084	0
3085	1
3086	0
3087	3
3088	0
3089	1
3090	0
3091	0
3092	1
3093	0
3094	0
3095	0
3096	0
3097	2
3098	2
3099	1
3100	2
3101	2
3102	0
3103	1
3104	0
3105	1
3106	1
3107	1
3108	0
3109	0
3110	0
3111	0
3112	0
3113	2
3114	2
3115	0
3116	1
3117	0
3118	0
3119	2
3120	1
3121	0
3122	1
3123	1
3124	0
3125	0
3126	1
3127	0
3128	1
3129	2
3130	3
3131	0
3132	1
3133	0
3134	0
3135	0
3136	2
3137	1
3138	0
3139	0
3140	0
3141	0
3142	0
3143	1
3144	2
3145	1
3146	4
3147	0
3148	1
3149	1
3150	0
3151	0
3152	0
3153	2
3154	1
3155	0
3156	1
3157	0
3158	0
3159	0
3160	3
3161	0
3162	0
3163	1
3164	2
3165	0
3166	1
3167	0
3168	0
3169	1
3170	0
3171	1
3172	0
3173	0
3174	2
3175	1
3176	1
3177	1
3178	0
3179	0
3180	0
3181	2
3182	0
3183	0
3184	0
3185	0
3186	1
3187	3
3188	0
3189	2
3190	2
3191	0
3192	0
3193	1
3194	3
3195	1
3196	0
3197	1
3198	1
3199	1
3200	1
3201	0
3202	2
3203	1
3204	1
3205	0
3206	2
3207	1
3208	0
3209	0
3210	0
3211	0
3212	1
3213	0
3214	0
3215	2
3216	0
3217	1
3218	0
3219	0
3220	2
3221	0
3222	1
3223	3
3224	0
3225	0
3226	1
3227	0
3228	0
3229	1
3230	0
3231	0
3232	0
3233	1
3234	1
3235	1
3236	1
3237	1
3238	1
3239	0
3240	0
3241	1
3242	0
3243	0
3244	2
3245	1
3246	0
3247	1
3248	1
3249	0
3250	0
3251	0
3252	1
3253	1
3254	2
3255	0
3256	0
3257	0
3258	2
3259	0
3260	1
3261	0
3262	1
3263	0
3264	1
3265	2
3266	1
3267	0
3268	0
3269	2
3270	0
3271	1
3272	0
3273	0
3274	1
3275	0
3276	2
3277	0
3278	0
3279	1
3280	0
3281	2
3282	0
3283	1
3284	2
3285	2
3286	2
3287	3
3288	2
3289	2
3290	1
3291	0
3292	0
3293	1
3294	0
3295	1
3296	1
3297	2
3298	1
3299	0
3300	1
3301	3
3302	0
3303	0
3304	2
3305	1
3306	1
3307	2
3308	1
3309	0
3310	0
3311	0
3312	1
3313	1
3314	0
3315	1
3316	0
3317	0
3318	0
3319	1
3320	0
3321	1
3322	0
3323	2
3324	0
3325	0
3326	0
3327	1
3328	2
3329	0
3330	3
3331	0
3332	1
3333	1
3334	0
3335	0
3336	1
3337	3
3338	0
3339	0
3340	1
3341	0
3342	0
3343	1
3344	0
3345	1
3346	3
3347	1
3348	0
3349	0
3350	1
3351	1
3352	2
3353	0
3354	1
3355	1
3356	0
3357	1
3358	1
3359	1
3360	1
3361	0
3362	1
3363	1
3364	0
3365	0
3366	0
3367	0
3368	0
3369	0
3370	1
3371	0
3372	0
3373	0
3374	0
3375	1
3376	1
3377	1
3378	1
3379	2
3380	2
3381	0
3382	1
3383	1
3384	1
3385	0
3386	0
3387	0
3388	1
3389	0
3390	0
3391	0
3392	0
3393	0
3394	2
3395	1
3396	0
3397	1
3398	1
3399	1
3400	0
3401	0
3402	0
3403	1
3404	1
3405	0
3406	0
3407	1
3408	1
3409	0
3410	0
3411	0
3412	0
3413	1
3414	2
3415	1
3416	1
3417	1
3418	0
3419	2
3420	0
3421	1
3422	1
3423	1
3424	0
3425	0
3426	0
3427	2
3428	0
3429	2
3430	0
3431	1
3432	0
3433	2
3434	1
3435	1
3436	1
3437	0
3438	0
3439	2
3440	0
3441	1
3442	1
3443	0
3444	1
3445	1
3446	0
3447	1
3448	0
3449	1
3450	0
3451	1
3452	1
3453	0
3454	2
3455	1
3456	0
3457	3
3458	0
3459	2
3460	1
3461	0
3462	2
3463	0
3464	2
3465	1
3466	2
3467	1
3468	1
3469	0
3470	1
3471	0
3472	1
3473	1
3474	0
3475	2
3476	0
3477	0
3478	0
3479	2
3480	0
3481	2
3482	0
3483	0
3484	0
3485	0
3486	0
3487	0
3488	0
3489	0
3490	2
3491	0
3492	1
3493	2
3494	0
3495	0
3496	1
3497	0
3498	0
3499	1
3500	1
3501	0
3502	3
3503	2
3504	1
3505	1
3506	1
3507	2
3508	0
3509	0
3510	1
3511	0
3512	1
3513	0
3514	0
3515	0
3516	0
3517	0
3518	0
3519	0
3520	0
3521	1
3522	1
3523	1
3524	1
3525	1
3526	1
3527	1
3528	2
3529	0
3530	2
3531	3
3532	1
3533	1
3534	1
3535	0
3536	1
3537	0
3538	1
3539	0
3540	1
3541	0
3542	1
3543	0
3544	0
3545	0
3546	0
3547	1
3548	1
3549	1
3550	1
3551	2
3552	1
3553	0
3554	1
3555	0
3556	1
3557	0
3558	0
3559	0
3560	0
3561	1
3562	1
3563	1
3564	1
3565	0
3566	0
3567	2
3568	1
3569	1
3570	0
3571	1
3572	0
3573	0
3574	2
3575	1
3576	0
3577	0
3578	0
3579	0
3580	1
3581	1
3582	1
3583	0
3584	0
3585	0
3586	0
3587	0
3588	0
3589	0
3590	2
3591	1
3592	1
3593	1
3594	1
3595	2
3596	1
3597	0
3598	0
3599	1
3600	0
3601	1
3602	0
3603	1
3604	0
3605	0
3606	0
3607	0
3608	0
3609	1
3610	1
3611	1
3612	2
3613	1
3614	0
3615	1
3616	0
3617	2
3618	0
3619	2
3620	0
3621	1
3622	0
3623	0
3624	2
3625	1
3626	0
3627	1
3628	2
3629	0
3630	0
3631	0
3632	0
3633	1
3634	2
3635	1
3636	2
3637	2
3638	0
3639	0
3640	2
3641	1
3642	0
3643	1
3644	1
3645	0
3646	1
3647	4
3648	1
3649	0
3650	0
3651	0
3652	0
3653	1
3654	2
3655	1
3656	2
3657	2
3658	0
3659	1
3660	1
3661	0
3662	3
3663	0
3664	1
3665	0
3666	0
3667	0
3668	1
3669	0
3670	1
3671	0
3672	0
3673	0
3674	1
3675	0
3676	2
3677	0
3678	0
3679	0
3680	0
3681	1
3682	0
3683	0
3684	0
3685	1
3686	1
3687	2
3688	1
3689	1
3690	0
3691	3
3692	0
3693	0
3694	1
3695	0
3696	1
3697	1
3698	2
3699	0
3700	1
3701	0
3702	1
3703	0
3704	0
3705	1
3706	0
3707	0
3708	0
3709	0
3710	1
3711	0
3712	0
3713	0
3714	1
3715	0
3716	0
3717	1
3718	0
3719	0
3720	0
3721	0
3722	0
3723	0
3724	0
3725	0
3726	2
3727	0
3728	1
3729	0
3730	0
3731	0
3732	0
3733	1
3734	1
3735	0
3736	0
3737	1
3738	1
3739	2
3740	0
3741	1
3742	1
3743	0
3744	0
3745	2
3746	0
3747	1
3748	0
3749	0
3750	1
3751	0
3752	1
3753	4
3754	1
3755	3
3756	0
3757	0
3758	0
3759	1
3760	0
3761	1
3762	1
3763	0
3764	1
3765	0
3766	2
3767	0
3768	1
3769	0
3770	0
3771	0
3772	0
3773	1
3774	4
3775	0
3776	0
3777	0
3778	1
3779	3
3780	2
3781	1
3782	0
3783	1
3784	1
3785	2
3786	0
3787	2
3788	1
3789	0
3790	0
3791	0
3792	1
3793	1
3794	1
3795	2
3796	0
3797	2
3798	1
3799	2
3800	0
3801	1
3802	1
3803	0
3804	0
3805	0
3806	0
3807	1
3808	0
3809	0
3810	0
3811	0
3812	0
3813	1
3814	1
3815	1
3816	1
3817	2
3818	2
3819	1
3820	1
3821	1
3822	1
3823	0
3824	1
3825	1
3826	1
3827	1
3828	0
3829	1
3830	3
3831	1
3832	3
3833	0
3834	0
3835	1
3836	2
3837	0
3838	2
3839	0
3840	0
3841	1
3842	0
3843	2
3844	0
3845	0
3846	0
3847	0
3848	2
3849	0
3850	1
3851	1
3852	0
3853	0
3854	1
3855	1
3856	0
3857	2
3858	3
3859	2
3860	0
3861	0
3862	0
3863	2
3864	0
3865	0
3866	0
3867	1
3868	0
3869	1
3870	1
3871	0
3872	0
3873	0
3874	1
3875	0
3876	2
3877	2
3878	1
3879	1
3880	0
3881	0
3882	2
3883	0
3884	0
3885	1
3886	1
3887	1
3888	0
3889	1
3890	0
3891	1
3892	0
3893	2
3894	1
3895	0
3896	0
3897	0
3898	2
3899	0
3900	1
3901	0
3902	1
3903	1
3904	1
3905	1
3906	0
3907	1
3908	1
3909	0
3910	0
3911	0
3912	0
3913	1
3914	2
3915	0
3916	0
3917	0
3918	0
3919	1
3920	1
3921	0
3922	0
3923	0
3924	1
3925	2
3926	1
3927	1
3928	0
3929	2
3930	1
3931	1
3932	1
3933	1
3934	0
3935	1
3936	1
3937	1
3938	1
3939	2
3940	0
3941	0
3942	0
3943	1
3944	0
3945	0
3946	0
3947	2
3948	1
3949	0
3950	1
3951	0
3952	0
3953	2
3954	0
3955	1
3956	0
3957	0
3958	0
3959	2
3960	1
3961	1
3962	3
3963	0
3964	2
3965	0
3966	0
3967	0
3968	0
3969	0
3970	0
3971	0
3972	2
3973	0
3974	0
3975	0
3976	0
3977	0
3978	0
3979	0
3980	1
3981	0
3982	1
3983	0
3984	2
3985	2
3986	0
3987	1
3988	1
3989	1
3990	0
3991	0
3992	0
3993	0
3994	0
3995	0
3996	1
3997	0
3998	0
3999	1
4000	1
4001	1
4002	0
4003	1
4004	1
4005	1
4006	2
4007	4
4008	1
4009	1
4010	1
4011	0
4012	1
4013	0
4014	2
4015	1
4016	2
4017	1
4018	0
4019	0
4020	1
4021	2
4022	1
4023	0
4024	0
4025	0
4026	1
4027	2
4028	1
4029	1
4030	1
4031	1
4032	0
4033	2
4034	0
4035	1
4036	0
4037	0
4038	0
4039	0
4040	0
4041	1
4042	2
4043	0
4044	1
4045	1
4046	0
4047	0
4048	1
4049	2
4050	0
4051	0
4052	0
4053	0
4054	0
4055	2
4056	2
4057	2
4058	0
4059	1
4060	0
4061	2
4062	0
4063	0
4064	0
4065	0
4066	2
4067	0
4068	0
4069	1
4070	0
4071	2
4072	0
4073	0
4074	0
4075	0
4076	0
4077	1
4078	2
4079	1
4080	1
4081	1
4082	0
4083	2
4084	0
4085	2
4086	2
4087	0
4088	1
4089	2
4090	2
4091	2
4092	0
4093	0
4094	3
4095	0
4096	0
4097	2
4098	0
4099	1
4100	0
4101	2
4102	0
4103	2
4104	0
4105	1
4106	1
4107	1
4108	0
4109	1
4110	0
4111	1
4112	0
4113	1
4114	1
4115	2
4116	2
4117	0
4118	1
4119	2
4120	0
4121	0
4122	0
4123	1
4124	0
4125	1
4126	0
4127	0
4128	1
4129	0
4130	1
4131	0
4132	0
4133	2
4134	0
4135	1
4136	2
4137	0
4138	1
4139	1
4140	2
4141	1
4142	0
4143	0
4144	0
4145	0
4146	2
4147	0
4148	0
4149	1
4150	1
4151	1
4152	0
4153	0
4154	2
4155	1
4156	0
4157	2
4158	3
4159	0
4160	2
4161	0
4162	1
4163	0
4164	2
4165	0
4166	0
4167	1
4168	0
4169	0
4170	0
4171	1
4172	0
4173	0
4174	0
4175	1
4176	0
4177	0
4178	1
4179	0
4180	2
4181	1
4182	1
4183	0
4184	2
4185	0
4186	1
4187	1
4188	1
4189	1
4190	0
4191	0
4192	0
4193	0
4194	0
4195	1
4196	0
4197	0
4198	0
4199	0
4200	0
4201	2
4202	1
4203	2
4204	2
4205	1
4206	1
4207	1
4208	0
4209	1
4210	0
4211	0
4212	2
4213	0
4214	0
4215	1
4216	2
4217	0
4218	2
4219	1
4220	1
4221	1
4222	2
4223	1
4224	0
4225	1
4226	0
4227	1
4228	0
4229	0
4230	0
4231	1
4232	0
4233	0
4234	1
4235	0
4236	0
4237	0
4238	1
4239	0
4240	1
4241	0
4242	2
4243	1
4244	0
4245	2
4246	0
4247	1
4248	0
4249	2
4250	1
4251	2
4252	0
4253	0
4254	1
4255	0
4256	0
4257	2
4258	0
4259	0
4260	1
4261	1
4262	0
4263	0
4264	0
4265	0
4266	0
4267	2
4268	0
4269	2
4270	0
4271	0
4272	0
4273	1
4274	0
4275	2
4276	0
4277	0
4278	0
4279	0
4280	0
4281	0
4282	0
4283	2
4284	0
4285	1
4286	0
4287	0
4288	1
4289	1
4290	1
4291	0
4292	2
4293	0
4294	1
4295	1
4296	0
4297	1
4298	0
4299	0
4300	1
4301	1
4302	0
4303	1
4304	1
4305	1
4306	1
4307	0
4308	1
4309	1
4310	0
4311	0
4312	1
4313	1
4314	1
4315	0
4316	0
4317	2
4318	2
4319	0
4320	1
4321	1
4322	0
4323	0
4324	0
4325	1
4326	0
4327	0
4328	0
4329	1
4330	0
4331	0
4332	1
4333	0
4334	2
4335	0
4336	0
4337	2
4338	0
4339	0
4340	1
4341	1
4342	0
4343	0
4344	0
4345	0
4346	1
4347	1
4348	1
4349	0
4350	0
4351	0
4352	1
4353	0
4354	1
4355	0
4356	0
4357	0
4358	2
4359	0
4360	0
4361	0
4362	0
4363	2
4364	1
4365	0
4366	2
4367	0
4368	0
4369	0
4370	1
4371	0
4372	1
4373	1
4374	1
4375	1
4376	0
4377	1
4378	0
4379	0
4380	0
4381	0
4382	0
4383	0
4384	0
4385	0
4386	0
4387	0
4388	0
4389	0
4390	0
4391	0
4392	0
4393	1
4394	1
4395	1
4396	0
4397	1
4398	0
4399	0
4400	0
4401	0
4402	1
4403	1
4404	0
4405	0
4406	1
4407	2
4408	0
4409	1
4410	0
4411	0
4412	3
4413	0
4414	1
4415	2
4416	1
4417	1
4418	1
4419	0
4420	2
4421	1
4422	0
4423	0
4424	1
4425	0
4426	0
4427	1
4428	1
4429	1
4430	0
4431	1
4432	0
4433	0
4434	0
4435	0
4436	0
4437	0
4438	1
4439	1
4440	1
4441	1
4442	1
4443	1
4444	0
4445	1
4446	0
4447	0
4448	0
4449	1
4450	1
4451	0
4452	0
4453	1
4454	1
4455	1
4456	0
4457	1
4458	1
4459	2
4460	1
4461	0
4462	0
4463	0
4464	1
4465	0
4466	0
4467	1
4468	1
4469	0
4470	0
4471	1
4472	0
4473	1
4474	0
4475	0
4476	1
4477	0
4478	0
4479	0
4480	1
4481	0
4482	1
4483	0
4484	1
4485	1
4486	1
4487	0
4488	1
4489	0
4490	0
4491	1
4492	0
4493	0
4494	1
4495	1
4496	0
4497	1
4498	0
4499	0
4500	0
4501	1
4502	0
4503	0
4504	1
4505	2
4506	0
4507	3
4508	0
4509	1
4510	0
4511	0
4512	1
4513	1
4514	0
4515	1
4516	2
4517	0
4518	0
4519	0
4520	0
4521	0
4522	2
4523	0
4524	0
4525	0
4526	0
4527	0
4528	0
4529	0
4530	0
4531	3
4532	1
4533	1
4534	1
4535	0
4536	0
4537	0
4538	0
4539	1
4540	0
4541	2
4542	0
4543	0
4544	0
4545	1
4546	0
4547	0
4548	0
4549	0
4550	1
4551	0
4552	0
4553	0
4554	0
4555	1
4556	1
4557	0
4558	0
4559	0
4560	0
4561	0
4562	0
4563	1
4564	0
4565	1
4566	2
4567	0
4568	1
4569	1
4570	0
4571	2
4572	1
4573	0
4574	1
4575	1
4576	2
4577	2
4578	1
4579	0
4580	0
4581	0
4582	2
4583	0
4584	0
4585	1
4586	1
4587	1
4588	0
4589	0
4590	0
4591	0
4592	0
4593	0
4594	1
4595	1
4596	0
4597	1
4598	1
4599	1
4600	2
4601	2
4602	0
4603	0
4604	2
4605	0
4606	0
4607	1
4608	0
4609	0
4610	0
4611	0
4612	1
4613	0
4614	2
4615	0
4616	1
4617	2
4618	0
4619	0
4620	1
4621	0
4622	1
4623	2
4624	0
4625	0
4626	0
4627	1
4628	0
4629	0
4630	1
4631	1
4632	2
4633	0
4634	0
4635	2
4636	1
4637	0
4638	1
4639	0
4640	0
4641	0
4642	1
4643	0
4644	0
4645	0
4646	0
4647	0
4648	0
4649	1
4650	0
4651	2
4652	0
4653	1
4654	1
4655	2
4656	0
4657	0
4658	0
4659	1
4660	0
4661	1
4662	1
4663	0
4664	0
4665	0
4666	0
4667	0
4668	1
4669	1
4670	0
4671	1
4672	1
4673	2
4674	1
4675	0
4676	0
4677	0
4678	3
4679	0
4680	1
4681	0
4682	0
4683	1
4684	0
4685	1
4686	0
4687	0
4688	0
4689	0
4690	0
4691	2
4692	0
4693	0
4694	1
4695	1
4696	0
4697	0
4698	1
4699	0
4700	1
4701	0
4702	0
4703	2
4704	0
4705	2
4706	0
4707	1
4708	2
4709	2
4710	1
4711	0
4712	1
4713	0
4714	0
4715	0
4716	1
4717	1
4718	0
4719	0
4720	0
4721	1
4722	0
4723	0
4724	1
4725	0
4726	1
4727	0
4728	1
4729	2
4730	0
4731	0
4732	1
4733	0
4734	0
4735	1
4736	1
4737	1
4738	0
4739	1
4740	0
4741	1
4742	0
4743	0
4744	0
4745	1
4746	0
4747	2
4748	0
4749	1
4750	1
4751	2
4752	0
4753	0
4754	0
4755	0
4756	1
4757	0
4758	1
4759	0
4760	0
4761	2
4762	1
4763	0
4764	1
4765	3
4766	0
4767	0
4768	1
4769	0
4770	2
4771	1
4772	0
4773	0
4774	2
4775	0
4776	1
4777	0
4778	0
4779	0
4780	1
4781	3
4782	1
4783	3
4784	1
4785	1
4786	0
4787	2
4788	0
4789	0
4790	2
4791	2
4792	0
4793	3
4794	1
4795	0
4796	1
4797	0
4798	0
4799	0
4800	1
4801	0
4802	2
4803	0
4804	0
4805	0
4806	0
4807	0
4808	0
4809	0
4810	0
4811	2
4812	1
4813	0
4814	1
4815	1
4816	0
4817	0
4818	0
4819	0
4820	2
4821	0
4822	0
4823	1
4824	1
4825	0
4826	1
4827	0
4828	1
4829	0
4830	1
4831	1
4832	0
4833	0
4834	0
4835	0
4836	0
4837	4
4838	0
4839	0
4840	0
4841	0
4842	1
4843	0
4844	0
4845	0
4846	4
4847	0
4848	0
4849	0
4850	1
4851	0
4852	0
4853	0
4854	0
4855	1
4856	2
4857	0
4858	0
4859	2
4860	1
4861	0
4862	1
4863	1
4864	0
4865	1
4866	0
4867	0
4868	1
4869	0
4870	0
4871	0
4872	0
4873	1
4874	1
4875	2
4876	2
4877	0
4878	0
4879	1
4880	1
4881	0
4882	1
4883	0
4884	0
4885	0
4886	1
4887	1
4888	1
4889	0
4890	0
4891	1
4892	1
4893	1
4894	1
4895	1
4896	1
4897	0
4898	0
4899	0
4900	0
4901	0
4902	2
4903	0
4904	1
4905	1
4906	1
4907	2
4908	0
4909	0
4910	0
4911	1
4912	1
4913	1
4914	0
4915	0
4916	0
4917	2
4918	2
4919	1
4920	2
4921	0
4922	0
4923	0
4924	0
4925	0
4926	0
4927	0
4928	2
4929	1
4930	0
4931	2
4932	0
4933	1
4934	1
4935	1
4936	0
4937	1
4938	0
4939	2
4940	1
4941	0
4942	0
4943	0
4944	1
4945	0
4946	0
4947	0
4948	0
4949	0
4950	1
4951	0
4952	1
4953	1
4954	2
4955	0
4956	0
4957	3
4958	0
4959	0
4960	2
4961	0
4962	0
4963	1
4964	0
4965	0
4966	1
4967	1
4968	1
4969	2
4970	0
4971	0
4972	0
4973	0
4974	2
4975	0
4976	0
4977	0
4978	0
4979	0
4980	0
4981	2
4982	0
4983	0
4984	0
4985	0
4986	0
4987	1
4988	0
4989	0
4990	0
4991	0
4992	0
4993	0
4994	0
4995	0
4996	0
4997	2
4998	0
4999	0
5000	0
5001	1
5002	0
5003	1
5004	1
5005	1
5006	1
5007	0
5008	1
5009	0
5010	0
5011	0
5012	2
5013	0
5014	0
5015	1
5016	0
5017	0
5018	2
5019	0
5020	1
5021	1
5022	2
5023	1
5024	4
5025	1
5026	0
5027	1
5028	0
5029	0
5030	2
5031	1
5032	0
5033	0
5034	2
5035	0
5036	0
5037	0
5038	0
5039	1
5040	0
5041	0
5042	0
5043	1
5044	0
5045	1
5046	2
5047	2
5048	1
5049	0
5050	1
5051	0
5052	3
5053	0
5054	1
5055	0
5056	0
5057	0
5058	1
5059	0
5060	0
5061	1
5062	0
5063	1
5064	1
5065	2
5066	1
5067	0
5068	1
5069	2
5070	0
5071	0
5072	1
5073	0
5074	1
5075	0
5076	0
5077	0
5078	0
5079	0
5080	0
5081	1
5082	2
5083	2
5084	0
5085	0
5086	2
5087	0
5088	1
5089	1
5090	0
5091	1
5092	2
5093	2
5094	0
5095	0
5096	0
5097	0
5098	1
5099	1
5100	0
5101	1
5102	2
5103	0
5104	1
5105	0
5106	0
5107	0
5108	1
5109	0
5110	0
5111	0
5112	1
5113	3
5114	0
5115	0
5116	2
5117	0
5118	0
5119	0
5120	2
5121	0
5122	1
5123	0
5124	0
5125	0
5126	0
5127	0
5128	2
5129	2
5130	1
5131	0
5132	0
5133	1
5134	1
5135	0
5136	2
5137	0
5138	1
5139	0
5140	1
5141	1
5142	0
5143	2
5144	0
5145	2
5146	0
5147	2
5148	0
5149	2
5150	0
5151	0
5152	0
5153	0
5154	1
5155	1
5156	2
5157	1
5158	1
5159	0
5160	0
5161	2
5162	1
5163	1
5164	3
5165	1
5166	0
5167	1
5168	0
5169	0
5170	1
5171	1
5172	1
5173	0
5174	1
5175	0
5176	0
5177	0
5178	0
5179	0
5180	1
5181	1
5182	0
5183	0
5184	0
5185	0
5186	0
5187	1
5188	1
5189	1
5190	0
5191	0
5192	2
5193	1
5194	1
5195	1
5196	1
5197	1
5198	2
5199	1
5200	0
5201	1
5202	2
5203	0
5204	1
5205	1
5206	2
5207	1
5208	1
5209	1
5210	0
5211	0
5212	0
5213	0
5214	0
5215	0
5216	0
5217	0
5218	0
5219	1
5220	0
5221	1
5222	0
5223	0
5224	0
5225	0
5226	0
5227	0
5228	0
5229	1
5230	0
5231	0
5232	3
5233	0
5234	0
5235	0
5236	0
5237	0
5238	0
5239	0
5240	2
5241	3
5242	1
5243	0
5244	0
5245	0
5246	0
5247	2
5248	0
5249	0
5250	0
5251	1
5252	1
5253	0
5254	1
5255	0
5256	0
5257	0
5258	1
5259	1
5260	0
5261	0
5262	0
5263	1
5264	0
5265	0
5266	0
5267	0
5268	1
5269	1
5270	1
5271	0
5272	0
5273	1
5274	1
5275	0
5276	0
5277	0
5278	0
5279	3
5280	0
5281	0
5282	0
5283	0
5284	2
5285	0
5286	0
5287	0
5288	0
5289	0
5290	1
5291	0
5292	0
5293	0
5294	2
5295	1
5296	2
5297	1
5298	0
5299	0
5300	0
5301	0
5302	1
5303	0
5304	2
5305	3
5306	0
5307	1
5308	0
5309	0
5310	2
5311	0
5312	1
5313	0
5314	0
5315	0
5316	1
5317	0
5318	2
5319	0
5320	0
5321	0
5322	0
5323	0
5324	1
5325	0
5326	0
5327	0
5328	0
5329	0
5330	0
5331	0
5332	2
5333	1
5334	0
5335	0
5336	0
5337	1
5338	0
5339	0
5340	1
5341	1
5342	1
5343	1
5344	1
5345	1
5346	0
5347	1
5348	0
5349	2
5350	1
5351	1
5352	2
5353	2
5354	0
5355	0
5356	1
5357	1
5358	0
5359	3
5360	1
5361	0
5362	0
5363	0
5364	2
5365	0
5366	0
5367	0
5368	0
5369	2
5370	1
5371	1
5372	1
5373	1
5374	1
5375	0
5376	0
5377	0
5378	2
5379	0
5380	0
5381	0
5382	1
5383	0
5384	0
5385	2
5386	0
5387	1
5388	0
5389	0
5390	0
5391	2
5392	0
5393	0
5394	0
5395	0
5396	1
5397	0
5398	0
5399	0
5400	0
5401	1
5402	1
5403	1
5404	0
5405	0
5406	1
5407	2
5408	0
5409	1
5410	2
5411	1
5412	0
5413	0
5414	1
5415	0
5416	0
5417	0
5418	0
5419	0
5420	0
5421	0
5422	2
5423	1
5424	2
5425	1
5426	2
5427	0
5428	0
5429	0
5430	0
5431	0
5432	1
5433	0
5434	0
5435	0
5436	1
5437	1
5438	0
5439	0
5440	1
5441	0
5442	2
5443	0
5444	1
5445	0
5446	0
5447	0
5448	0
5449	2
5450	0
5451	2
5452	0
5453	1
5454	0
5455	0
5456	0
5457	0
5458	0
5459	2
5460	2
5461	0
5462	0
5463	0
5464	0
5465	0
5466	1
5467	0
5468	1
5469	0
5470	0
5471	0
5472	2
5473	1
5474	1
5475	0
5476	0
5477	2
5478	2
5479	1
5480	0
5481	1
5482	0
5483	2
5484	1
5485	1
5486	0
5487	1
5488	0
5489	1
5490	1
5491	1
5492	0
5493	0
5494	2
5495	0
5496	1
5497	0
5498	2
5499	1
5500	0
5501	0
5502	1
5503	0
5504	1
5505	0
5506	2
5507	2
5508	0
5509	0
5510	1
5511	0
5512	0
5513	0
5514	2
5515	1
5516	1
5517	1
5518	0
5519	0
5520	0
5521	0
5522	0
5523	1
5524	0
5525	0
5526	0
5527	1
5528	1
5529	1
5530	1
5531	0
5532	1
5533	1
5534	0
5535	1
5536	0
5537	1
5538	0
5539	3
5540	0
5541	0
5542	0
5543	1
5544	0
5545	0
5546	2
5547	1
5548	0
5549	0
5550	1
5551	1
5552	2
5553	1
5554	0
5555	1
5556	0
5557	0
5558	1
5559	1
5560	0
5561	2
5562	2
5563	0
5564	0
5565	1
5566	2
5567	0
5568	1
5569	0
5570	1
5571	0
5572	0
5573	0
5574	2
5575	1
5576	0
5577	0
5578	1
5579	1
5580	2
5581	0
5582	0
5583	0
5584	0
5585	0
5586	0
5587	0
5588	0
5589	1
5590	1
5591	0
5592	2
5593	1
5594	2
5595	0
5596	1
5597	0
5598	0
5599	0
5600	0
5601	1
5602	1
5603	1
5604	0
5605	0
5606	0
5607	0
5608	1
5609	1
5610	0
5611	0
5612	0
5613	1
5614	1
5615	0
5616	0
5617	0
5618	0
5619	0
5620	1
5621	1
5622	1
5623	1
5624	0
5625	2
5626	0
5627	0
5628	0
5629	1
5630	0
5631	0
5632	0
5633	0
5634	1
5635	2
5636	0
5637	0
5638	0
5639	0
5640	0
5641	0
5642	1
5643	0
5644	0
5645	0
5646	1
5647	0
5648	0
5649	0
5650	2
5651	1
5652	0
5653	0
5654	0
5655	1
5656	0
5657	5
5658	0
5659	0
5660	0
5661	0
5662	0
5663	0
5664	0
5665	1
5666	0
5667	0
5668	0
5669	2
5670	0
5671	0
5672	0
5673	1
5674	1
5675	2
5676	0
5677	1
5678	0
5679	0
5680	1
5681	2
5682	1
5683	0
5684	0
5685	0
5686	0
5687	0
5688	1
5689	0
5690	1
5691	0
5692	1
5693	0
5694	1
5695	1
5696	0
5697	2
5698	1
5699	0
5700	0
5701	1
5702	1
5703	0
5704	1
5705	0
5706	0
5707	0
5708	0
5709	0
5710	0
5711	0
5712	0
5713	0
5714	0
5715	0
5716	0
5717	1
5718	1
5719	0
5720	1
5721	1
5722	1
5723	1
5724	0
5725	0
5726	0
5727	0
5728	1
5729	0
5730	0
5731	0
5732	1
5733	0
5734	0
5735	0
5736	0
5737	0
5738	1
5739	1
5740	2
5741	1
5742	1
5743	1
5744	1
5745	2
5746	0
5747	2
5748	0
5749	0
5750	1
5751	1
5752	1
5753	0
5754	0
5755	0
5756	0
5757	0
5758	1
5759	2
5760	0
5761	0
5762	0
5763	1
5764	0
5765	0
5766	0
5767	1
5768	0
5769	0
5770	0
5771	2
5772	0
5773	0
5774	1
5775	0
5776	1
5777	0
5778	0
5779	1
5780	0
5781	1
5782	0
5783	1
5784	3
5785	1
5786	0
5787	0
5788	0
5789	1
5790	0
5791	0
5792	1
5793	0
5794	0
5795	0
5796	0
5797	0
5798	2
5799	0
5800	0
5801	0
5802	0
5803	0
5804	1
5805	0
5806	0
5807	0
5808	0
5809	0
5810	4
5811	1
5812	0
5813	2
5814	2
5815	0
5816	0
5817	0
5818	0
5819	0
5820	1
5821	0
5822	0
5823	0
5824	1
5825	1
5826	0
5827	1
5828	0
5829	1
5830	0
5831	0
5832	1
5833	0
5834	0
5835	1
5836	1
5837	1
5838	4
5839	0
5840	1
5841	2
5842	1
5843	0
5844	2
5845	2
5846	0
5847	1
5848	1
5849	0
5850	1
5851	4
5852	1
5853	0
5854	1
5855	1
5856	1
5857	2
5858	1
5859	2
5860	0
5861	1
5862	2
5863	0
5864	2
5865	0
5866	0
5867	1
5868	0
5869	0
5870	1
5871	1
5872	2
5873	2
5874	0
5875	0
5876	0
5877	0
5878	1
5879	0
5880	1
5881	0
5882	1
5883	0
5884	0
5885	0
5886	0
5887	1
5888	1
5889	1
5890	0
5891	0
5892	1
5893	1
5894	0
5895	2
5896	0
5897	1
5898	0
5899	0
5900	1
5901	1
5902	1
5903	1
5904	0
5905	2
5906	0
5907	0
5908	1
5909	0
5910	2
5911	2
5912	1
5913	2
5914	0
5915	0
5916	0
5917	0
5918	1
5919	0
5920	0
5921	1
5922	0
5923	0
5924	2
5925	0
5926	0
5927	0
5928	0
5929	0
5930	0
5931	0
5932	0
5933	0
5934	1
5935	0
5936	2
5937	1
5938	1
5939	2
5940	1
5941	1
5942	0
5943	0
5944	1
5945	1
5946	0
5947	0
5948	0
5949	0
5950	0
5951	1
5952	0
5953	1
5954	0
5955	0
5956	0
5957	1
5958	0
5959	1
5960	0
5961	0
5962	0
5963	0
5964	0
5965	0
5966	1
5967	1
5968	0
5969	0
5970	0
5971	0
5972	0
5973	0
5974	0
5975	1
5976	0
5977	0
5978	0
5979	0
5980	0
5981	1
5982	0
5983	0
5984	2
5985	0
5986	0
5987	2
5988	1
5989	0
5990	0
5991	4
5992	1
5993	0
5994	1
5995	0
5996	0
5997	2
5998	0
5999	0
6000	1
6001	0
6002	1
6003	0
6004	0
6005	0
6006	2
6007	0
6008	1
6009	0
6010	1
6011	1
6012	0
6013	0
6014	2
6015	2
6016	1
6017	0
6018	0
6019	0
6020	1
6021	1
6022	0
6023	1
6024	3
6025	2
6026	0
6027	0
6028	1
6029	1
6030	0
6031	0
6032	0
6033	0
6034	1
6035	0
6036	1
6037	0
6038	1
6039	0
6040	1
6041	0
6042	1
6043	0
6044	1
6045	0
6046	2
6047	0
6048	0
6049	0
6050	1
6051	1
6052	0
6053	0
6054	1
6055	1
6056	1
6057	1
6058	0
6059	1
6060	1
6061	1
6062	0
6063	0
6064	0
6065	0
6066	0
6067	0
6068	0
6069	1
6070	2
6071	1
6072	1
6073	0
6074	0
6075	0
6076	0
6077	1
6078	2
6079	0
6080	0
6081	0
6082	0
6083	0
6084	2
6085	1
6086	0
6087	1
6088	0
6089	0
6090	1
6091	0
6092	0
6093	0
6094	0
6095	1
6096	1
6097	3
6098	2
6099	0
6100	0
6101	1
6102	0
6103	0
6104	0
6105	0
6106	0
6107	0
6108	0
6109	1
6110	0
6111	0
6112	1
6113	0
6114	0
6115	0
6116	0
6117	2
6118	0
6119	0
6120	0
6121	1
6122	2
6123	2
6124	1
6125	1
6126	1
6127	1
6128	0
6129	1
6130	0
6131	0
6132	1
6133	0
6134	3
6135	0
6136	0
6137	1
6138	0
6139	0
6140	2
6141	1
6142	0
6143	0
6144	0
6145	2
6146	2
6147	3
6148	2
6149	1
6150	0
6151	1
6152	1
6153	0
6154	2
6155	2
6156	1
6157	0
6158	0
6159	1
6160	0
6161	0
6162	0
6163	1
6164	3
6165	2
6166	0
6167	1
6168	0
6169	0
6170	0
6171	0
6172	1
6173	0
6174	1
6175	0
6176	0
6177	0
6178	1
6179	0
6180	0
6181	2
6182	0
6183	1
6184	1
6185	0
6186	1
6187	0
6188	0
6189	0
6190	1
6191	2
6192	1
6193	0
6194	0
6195	0
6196	1
6197	0
6198	1
6199	1
6200	0
6201	1
6202	1
6203	1
6204	1
6205	1
6206	1
6207	0
6208	2
6209	0
6210	0
6211	0
6212	0
6213	0
6214	1
6215	2
6216	0
6217	0
6218	0
6219	0
6220	1
6221	1
6222	0
6223	0
6224	0
6225	0
6226	0
6227	1
6228	1
6229	0
6230	1
6231	1
6232	1
6233	0
6234	1
6235	1
6236	0
6237	0
6238	0
6239	0
6240	4
6241	1
6242	1
6243	2
6244	0
6245	1
6246	1
6247	1
6248	1
6249	1
6250	0
6251	0
6252	2
6253	0
6254	0
6255	1
6256	0
6257	0
6258	1
6259	1
6260	2
6261	1
6262	3
6263	1
6264	0
6265	2
6266	1
6267	0
6268	0
6269	1
6270	0
6271	1
6272	1
6273	1
6274	1
6275	0
6276	0
6277	0
6278	1
6279	2
6280	0
6281	1
6282	1
6283	0
6284	1
6285	0
6286	1
6287	0
6288	1
6289	2
6290	0
6291	0
6292	2
6293	2
6294	0
6295	0
6296	0
6297	1
6298	1
6299	0
6300	1
6301	2
6302	0
6303	1
6304	0
6305	0
6306	0
6307	2
6308	0
6309	0
6310	0
6311	2
6312	0
6313	0
6314	0
6315	2
6316	0
6317	0
6318	2
6319	0
6320	2
6321	0
6322	1
6323	0
6324	0
6325	0
6326	0
6327	0
6328	0
6329	0
6330	0
6331	0
6332	0
6333	1
6334	0
6335	1
6336	1
6337	1
6338	1
6339	0
6340	1
6341	0
6342	0
6343	0
6344	0
6345	1
6346	1
6347	0
6348	1
6349	0
6350	0
6351	1
6352	1
6353	2
6354	2
6355	0
6356	0
6357	1
6358	2
6359	2
6360	1
6361	1
6362	2
6363	0
6364	0
6365	1
6366	0
6367	1
6368	0
6369	2
6370	2
6371	0
6372	0
6373	0
6374	1
6375	0
6376	3
6377	1
6378	0
6379	0
6380	0
6381	2
6382	1
6383	1
6384	0
6385	1
6386	0
6387	0
6388	0
6389	0
6390	0
6391	0
6392	1
6393	0
6394	3
6395	1
6396	1
6397	1
6398	0
6399	0
6400	3
6401	0
6402	0
6403	0
6404	1
6405	0
6406	0
6407	0
6408	0
6409	1
6410	0
6411	0
6412	1
6413	2
6414	0
6415	1
6416	3
6417	1
6418	1
6419	0
6420	1
6421	1
6422	0
6423	0
6424	1
6425	0
6426	0
6427	0
6428	4
6429	1
6430	1
6431	0
6432	0
6433	0
6434	1
6435	1
6436	0
6437	1
6438	2
6439	1
6440	1
6441	0
6442	2
6443	1
6444	3
6445	0
6446	0
6447	0
6448	1
6449	2
6450	0
6451	2
6452	0
6453	0
6454	2
6455	0
6456	1
6457	0
6458	1
6459	0
6460	1
6461	1
6462	0
6463	1
6464	1
6465	0
6466	0
6467	0
6468	0
6469	0
6470	1
6471	0
6472	0
6473	2
6474	1
6475	1
6476	0
6477	0
6478	1
6479	1
6480	1
6481	1
6482	2
6483	0
6484	1
6485	0
6486	0
6487	1
6488	1
6489	0
6490	2
6491	0
6492	1
6493	1
6494	0
6495	0
6496	0
6497	2
6498	1
6499	0
6500	1
6501	0
6502	0
6503	3
6504	0
6505	1
6506	0
6507	1
6508	0
6509	1
6510	2
6511	1
6512	0
6513	1
6514	0
6515	1
6516	1
6517	0
6518	0
6519	1
6520	3
6521	1
6522	0
6523	0
6524	0
6525	0
6526	1
6527	0
6528	0
6529	3
6530	1
6531	1
6532	1
6533	0
6534	1
6535	1
6536	1
6537	0
6538	1
6539	3
6540	3
6541	0
6542	1
6543	1
6544	0
6545	0
6546	0
6547	2
6548	0
6549	1
6550	1
6551	0
6552	1
6553	0
6554	1
6555	1
6556	0
6557	2
6558	2
6559	1
6560	2
6561	1
6562	0
6563	2
6564	0
6565	0
6566	1
6567	0
6568	0
6569	2
6570	1
6571	0
6572	1
6573	0
6574	0
6575	1
6576	0
6577	1
6578	0
6579	0
6580	0
6581	0
6582	0
6583	1
6584	0
6585	1
6586	1
6587	0
6588	0
6589	0
6590	0
6591	1
6592	0
6593	1
6594	0
6595	2
6596	1
6597	0
6598	0
6599	0
6600	1
6601	0
6602	0
6603	2
6604	4
6605	1
6606	0
6607	1
6608	0
6609	0
6610	0
6611	0
6612	0
6613	0
6614	0
6615	0
6616	1
6617	0
6618	0
6619	0
6620	0
6621	1
6622	0
6623	0
6624	0
6625	0
6626	0
6627	1
6628	2
6629	1
6630	1
6631	1
6632	1
6633	0
6634	2
6635	0
6636	1
6637	0
6638	2
6639	0
6640	1
6641	1
6642	1
6643	2
6644	1
6645	4
6646	0
6647	1
6648	2
6649	0
6650	0
6651	0
6652	2
6653	0
6654	0
6655	3
6656	0
6657	0
6658	0
6659	0
6660	0
6661	0
6662	0
6663	2
6664	1
6665	0
6666	1
6667	1
6668	0
6669	0
6670	1
6671	2
6672	0
6673	0
6674	1
6675	0
6676	1
6677	0
6678	2
6679	0
6680	0
6681	1
6682	0
6683	1
6684	1
6685	0
6686	0
6687	0
6688	0
6689	0
6690	0
6691	0
6692	0
6693	2
6694	0
6695	0
6696	0
6697	1
6698	0
6699	2
6700	3
6701	0
6702	0
6703	1
6704	1
6705	0
6706	2
6707	0
6708	1
6709	1
6710	0
6711	0
6712	2
6713	0
6714	0
6715	1
6716	0
6717	0
6718	0
6719	2
6720	0
6721	1
6722	0
6723	1
6724	0
6725	1
6726	0
6727	1
6728	0
6729	1
6730	0
6731	0
6732	0
6733	0
6734	0
6735	0
6736	0
6737	1
6738	2
6739	0
6740	0
6741	1
6742	0
6743	0
6744	0
6745	0
6746	1
6747	1
6748	0
6749	0
6750	1
6751	0
6752	1
6753	0
6754	0
6755	0
6756	1
6757	0
6758	1
6759	1
6760	0
6761	1
6762	1
6763	0
6764	1
6765	0
6766	0
6767	0
6768	0
6769	1
6770	0
6771	3
6772	1
6773	0
6774	1
6775	0
6776	1
6777	0
6778	1
6779	2
6780	0
6781	1
6782	0
6783	0
6784	0
6785	0
6786	1
6787	1
6788	1
6789	0
6790	0
6791	0
6792	0
6793	1
6794	0
6795	0
6796	0
6797	0
6798	0
6799	0
6800	0
6801	2
6802	0
6803	0
6804	1
6805	0
6806	1
6807	1
6808	0
6809	1
6810	1
6811	0
6812	0
6813	1
6814	1
6815	1
6816	0
6817	0
6818	0
6819	0
6820	0
6821	0
6822	0
6823	1
6824	1
6825	2
6826	1
6827	0
6828	0
6829	1
6830	0
6831	0
6832	0
6833	1
6834	1
6835	0
6836	1
6837	2
6838	2
6839	1
6840	0
6841	0
6842	0
6843	0
6844	0
6845	1
6846	0
6847	1
6848	1
6849	0
6850	0
6851	1
6852	0
6853	0
6854	0
6855	2
6856	1
6857	0
6858	0
6859	0
6860	0
6861	3
6862	0
6863	0
6864	1
6865	0
6866	0
6867	1
6868	1
6869	0
6870	0
6871	1
6872	0
6873	0
6874	1
6875	0
6876	0
6877	0
6878	0
6879	0
6880	0
6881	0
6882	1
6883	3
6884	1
6885	1
6886	1
6887	0
6888	1
6889	0
6890	0
6891	0
6892	0
6893	3
6894	0
6895	0
6896	0
6897	0
6898	0
6899	1
6900	0
6901	1
6902	0
6903	1
6904	0
6905	0
6906	1
6907	0
6908	1
6909	0
6910	0
6911	0
6912	0
6913	0
6914	1
6915	0
6916	0
6917	0
6918	2
6919	0
6920	0
6921	0
6922	0
6923	1
6924	0
6925	1
6926	0
6927	2
6928	1
6929	0
6930	0
6931	0
6932	0
6933	0
6934	0
6935	1
6936	2
6937	0
6938	2
6939	2
6940	1
6941	0
6942	0
6943	1
6944	1
6945	0
6946	2
6947	0
6948	0
6949	0
6950	1
6951	2
6952	0
6953	0
6954	0
6955	1
6956	0
6957	0
6958	1
6959	1
6960	0
6961	1
6962	0
6963	1
6964	3
6965	1
6966	0
6967	1
6968	1
6969	0
6970	1
6971	0
6972	0
6973	1
6974	0
6975	2
6976	0
6977	0
6978	0
6979	2
6980	2
6981	1
6982	1
6983	1
6984	0
6985	1
6986	0
6987	1
6988	1
6989	0
6990	0
6991	3
6992	0
6993	0
6994	1
6995	0
6996	0
6997	0
6998	1
6999	0
7000	0
7001	3
7002	1
7003	1
7004	2
7005	1
7006	0
7007	0
7008	0
7009	0
7010	0
7011	0
7012	0
7013	2
7014	0
7015	0
7016	0
7017	0
7018	0
7019	1
7020	0
7021	1
7022	0
7023	0
7024	1
7025	0
7026	0
7027	0
7028	3
7029	0
7030	2
7031	2
7032	1
7033	0
7034	0
7035	2
7036	0
7037	0
7038	0
7039	0
7040	0
7041	1
7042	1
7043	0
7044	0
7045	0
7046	0
7047	1
7048	0
7049	0
7050	0
7051	0
7052	1
7053	0
7054	0
7055	0
7056	0
7057	0
7058	0
7059	0
7060	1
7061	0
7062	1
7063	1
7064	0
7065	0
7066	0
7067	1
7068	0
7069	0
7070	0
7071	0
7072	2
7073	0
7074	0
7075	0
7076	0
7077	0
7078	0
7079	1
7080	0
7081	1
7082	0
7083	0
7084	0
7085	0
7086	1
7087	0
7088	0
7089	0
7090	0
7091	0
7092	0
7093	0
7094	2
7095	1
7096	0
7097	0
7098	1
7099	0
7100	0
7101	0
7102	0
7103	0
7104	0
7105	0
7106	0
7107	1
7108	1
7109	0
7110	1
7111	0
7112	1
7113	0
7114	1
7115	0
7116	1
7117	1
7118	1
7119	1
7120	0
7121	0
7122	0
7123	1
7124	0
7125	0
7126	0
7127	0
7128	1
7129	1
7130	0
7131	0
7132	0
7133	1
7134	0
7135	0
7136	1
7137	0
7138	0
7139	0
7140	0
7141	0
7142	0
7143	0
7144	0
7145	2
7146	0
7147	1
7148	0
7149	0
7150	1
7151	1
7152	0
7153	0
7154	0
7155	0
7156	0
7157	1
7158	1
7159	1
7160	2
7161	2
7162	0
7163	0
7164	0
7165	0
7166	1
7167	0
7168	2
7169	0
7170	0
7171	0
7172	0
7173	0
7174	0
7175	0
7176	0
7177	2
7178	0
7179	1
7180	2
7181	1
7182	0
7183	2
7184	1
7185	0
7186	2
7187	2
7188	3
7189	0
7190	2
7191	1
7192	0
7193	1
7194	0
7195	1
7196	1
7197	0
7198	1
7199	1
7200	0
7201	0
7202	0
7203	1
7204	0
7205	0
7206	0
7207	3
7208	0
7209	0
7210	0
7211	1
7212	0
7213	1
7214	0
7215	0
7216	0
7217	1
7218	1
7219	0
7220	0
7221	0
7222	1
7223	0
7224	0
7225	0
7226	0
7227	0
7228	0
7229	1
7230	2
7231	3
7232	0
7233	1
7234	0
7235	1
7236	1
7237	1
7238	0
7239	0
7240	0
7241	1
7242	0
7243	0
7244	0
7245	1
7246	2
7247	0
7248	0
7249	0
7250	0
7251	0
7252	0
7253	0
7254	2
7255	0
7256	0
7257	0
7258	2
7259	0
7260	0
7261	1
7262	1
7263	0
7264	0
7265	1
7266	0
7267	0
7268	0
7269	1
7270	0
7271	0
7272	0
7273	0
7274	1
7275	0
7276	0
7277	0
7278	2
7279	0
7280	1
7281	1
7282	1
7283	0
7284	0
7285	0
7286	0
7287	0
7288	1
7289	0
7290	2
7291	1
7292	0
7293	2
7294	0
7295	1
7296	0
7297	1
7298	0
7299	0
7300	0
7301	0
7302	1
7303	0
7304	1
7305	1
7306	1
7307	0
7308	1
7309	1
7310	0
7311	1
7312	0
7313	0
7314	0
7315	0
7316	1
7317	1
7318	2
7319	0
7320	1
7321	0
7322	0
7323	0
7324	1
7325	0
7326	1
7327	2
7328	1
7329	0
7330	1
7331	2
7332	1
7333	0
7334	0
7335	0
7336	1
7337	0
7338	1
7339	0
7340	0
7341	2
7342	2
7343	0
7344	1
7345	0
7346	0
7347	0
7348	0
7349	0
7350	1
7351	0
7352	1
7353	0
7354	0
7355	0
7356	0
7357	2
7358	0
7359	0
7360	0
7361	0
7362	0
7363	0
7364	0
7365	1
7366	1
7367	0
7368	0
7369	1
7370	2
7371	1
7372	1
7373	0
7374	0
7375	1
7376	3
7377	1
7378	1
7379	2
7380	1
7381	0
7382	0
7383	0
7384	0
7385	0
7386	0
7387	1
7388	0
7389	0
7390	1
7391	1
7392	0
7393	2
7394	1
7395	2
7396	0
7397	3
7398	0
7399	1
7400	1
7401	0
7402	0
7403	1
7404	0
7405	0
7406	0
7407	2
7408	1
7409	0
7410	0
7411	1
7412	3
7413	0
7414	0
7415	0
7416	1
7417	1
7418	0
7419	0
7420	0
7421	0
7422	1
7423	1
7424	2
7425	0
7426	2
7427	0
7428	0
7429	0
7430	0
7431	0
7432	1
7433	0
7434	0
7435	2
7436	0
7437	2
7438	0
7439	1
7440	1
7441	0
7442	0
7443	0
7444	1
7445	0
7446	0
7447	0
7448	1
7449	2
7450	0
7451	1
7452	0
7453	0
7454	0
7455	1
7456	1
7457	1
7458	0
7459	0
7460	0
7461	0
7462	2
7463	0
7464	0
7465	0
7466	1
7467	0
7468	0
7469	0
7470	0
7471	0
7472	2
7473	0
7474	0
7475	0
7476	0
7477	0
7478	1
7479	0
7480	1
7481	0
7482	0
7483	0
7484	0
7485	1
7486	0
7487	0
7488	2
7489	0
7490	1
7491	1
7492	0
7493	2
7494	0
7495	2
7496	3
7497	1
7498	0
7499	0
7500	0
7501	0
7502	0
7503	0
7504	0
7505	0
7506	1
7507	1
7508	0
7509	0
7510	1
7511	0
7512	2
7513	0
7514	0
7515	0
7516	0
7517	0
7518	0
7519	3
7520	0
7521	0
7522	2
7523	1
7524	0
7525	0
7526	1
7527	0
7528	0
7529	0
7530	0
7531	0
7532	1
7533	1
7534	2
7535	1
7536	1
7537	0
7538	0
7539	0
7540	0
7541	1
7542	1
7543	0
7544	0
7545	0
7546	0
7547	1
7548	0
7549	0
7550	0
7551	2
7552	0
7553	0
7554	1
7555	0
7556	2
7557	0
7558	0
7559	0
7560	0
7561	0
7562	0
7563	1
7564	0
7565	0
7566	1
7567	0
7568	0
7569	1
7570	2
7571	0
7572	0
7573	0
7574	1
7575	0
7576	1
7577	2
7578	0
7579	0
7580	1
7581	1
7582	0
7583	0
7584	2
7585	1
7586	0
7587	1
7588	1
7589	1
7590	1
7591	0
7592	0
7593	0
7594	2
7595	3
7596	0
7597	0
7598	0
7599	0
7600	0
7601	0
7602	0
7603	0
7604	0
7605	0
7606	0
7607	0
7608	0
7609	0
7610	0
7611	1
7612	3
7613	0
7614	0
7615	1
7616	2
7617	5
7618	0
7619	0
7620	1
7621	0
7622	1
7623	1
7624	0
7625	1
7626	1
7627	0
7628	0
7629	0
7630	0
7631	1
7632	0
7633	1
7634	0
7635	0
7636	0
7637	0
7638	0
7639	0
7640	2
7641	0
7642	0
7643	1
7644	0
7645	0
7646	0
7647	0
7648	0
7649	1
7650	1
7651	1
7652	2
7653	0
7654	2
7655	1
7656	0
7657	1
7658	1
7659	2
7660	1
7661	0
7662	0
7663	0
7664	0
7665	1
7666	1
7667	0
7668	0
7669	2
7670	0
7671	0
7672	0
7673	1
7674	0
7675	0
7676	1
7677	1
7678	1
7679	0
7680	1
7681	0
7682	0
7683	1
7684	0
7685	1
7686	0
7687	1
7688	0
7689	1
7690	0
7691	1
7692	0
7693	1
7694	2
7695	0
7696	2
7697	0
7698	1
7699	1
7700	0
7701	0
7702	0
7703	3
7704	0
7705	1
7706	1
7707	1
7708	0
7709	0
7710	0
7711	0
7712	0
7713	0
7714	0
7715	0
7716	0
7717	0
7718	0
7719	0
7720	1
7721	3
7722	0
7723	1
7724	0
7725	0
7726	1
7727	2
7728	0
7729	1
7730	0
7731	0
7732	2
7733	0
7734	0
7735	0
7736	1
7737	0
7738	0
7739	0
7740	0
7741	0
7742	1
7743	0
7744	1
7745	0
7746	1
7747	0
7748	0
7749	0
7750	0
7751	0
7752	0
7753	0
7754	0
7755	0
7756	0
7757	0
7758	0
7759	1
7760	1
7761	0
7762	2
7763	0
7764	0
7765	0
7766	0
7767	0
7768	0
7769	0
7770	0
7771	1
7772	1
7773	2
7774	0
7775	0
7776	0
7777	0
7778	1
7779	1
7780	0
7781	1
7782	0
7783	2
7784	0
7785	0
7786	0
7787	1
7788	0
7789	1
7790	0
7791	0
7792	1
7793	0
7794	0
7795	0
7796	1
7797	0
7798	1
7799	0
7800	0
7801	1
7802	0
7803	0
7804	1
7805	0
7806	0
7807	0
7808	0
7809	0
7810	0
7811	1
7812	1
7813	1
7814	0
7815	1
7816	0
7817	0
7818	0
7819	1
7820	1
7821	0
7822	2
7823	0
7824	0
7825	1
7826	0
7827	0
7828	0
7829	0
7830	0
7831	1
7832	0
7833	0
7834	1
7835	0
7836	0
7837	2
7838	1
7839	1
7840	1
7841	0
7842	1
7843	0
7844	0
7845	1
7846	0
7847	0
7848	0
7849	0
7850	0
7851	1
7852	0
7853	0
7854	1
7855	0
7856	0
7857	2
7858	0
7859	0
7860	0
7861	0
7862	0
7863	0
7864	0
7865	0
7866	0
7867	0
7868	1
7869	0
7870	0
7871	0
7872	0
7873	1
7874	0
7875	1
7876	0
7877	2
7878	0
7879	1
7880	0
7881	0
7882	1
7883	0
7884	0
7885	0
7886	0
7887	0
7888	1
7889	0
7890	0
7891	0
7892	0
7893	0
7894	0
7895	0
7896	0
7897	0
7898	0
7899	0
7900	2
7901	2
7902	0
7903	0
7904	1
7905	0
7906	0
7907	0
7908	0
7909	1
7910	0
7911	0
7912	1
7913	0
7914	0
7915	0
7916	0
7917	0
7918	0
7919	0
7920	0
7921	0
7922	0
7923	0
7924	1
7925	1
7926	0
7927	1
7928	0
7929	0
7930	0
7931	1
7932	2
7933	0
7934	0
7935	0
7936	1
7937	0
7938	0
7939	0
7940	0
7941	1
7942	0
7943	0
7944	1
7945	0
7946	0
7947	0
7948	0
7949	0
7950	1
7951	1
7952	1
7953	0
7954	1
7955	2
7956	0
7957	0
7958	0
7959	0
7960	0
7961	0
7962	1
7963	0
7964	0
7965	0
7966	0
7967	2
7968	0
7969	2
7970	0
7971	0
7972	0
7973	2
7974	0
7975	0
7976	0
7977	1
7978	3
7979	0
7980	1
7981	1
7982	0
7983	1
7984	1
7985	1
7986	0
7987	1
7988	0
7989	1
7990	1
7991	1
7992	0
7993	1
7994	0
7995	1
7996	1
7997	2
7998	0
7999	0
8000	1
8001	0
8002	1
8003	0
8004	0
8005	1
8006	1
8007	0
8008	1
8009	0
8010	1
8011	0
8012	0
8013	0
8014	0
8015	0
8016	0
8017	0
8018	0
8019	0
8020	0
8021	0
8022	0
8023	0
8024	1
8025	0
8026	0
8027	1
8028	1
8029	1
8030	1
8031	0
8032	1
8033	0
8034	0
8035	0
8036	1
8037	0
8038	0
8039	0
8040	1
8041	0
8042	0
8043	0
8044	0
8045	1
8046	0
8047	0
8048	0
8049	2
8050	1
8051	0
8052	0
8053	0
8054	0
8055	0
8056	0
8057	0
8058	1
8059	0
8060	0
8061	0
8062	2
8063	0
8064	0
8065	0
8066	0
8067	0
8068	1
8069	1
8070	0
8071	1
8072	0
8073	0
8074	0
8075	2
8076	1
8077	1
8078	0
8079	0
8080	0
8081	1
8082	0
8083	0
8084	0
8085	1
8086	1
8087	0
8088	0
8089	0
8090	0
8091	0
8092	0
8093	1
8094	1
8095	0
8096	0
8097	0
8098	1
8099	1
8100	0
8101	1
8102	0
8103	0
8104	1
8105	0
8106	1
8107	0
8108	1
8109	0
8110	0
8111	1
8112	0
8113	1
8114	0
8115	0
8116	0
8117	0
8118	0
8119	3
8120	0
8121	0
8122	0
8123	0
8124	0
8125	0
8126	1
8127	0
8128	0
8129	0
8130	0
8131	0
8132	0
8133	0
8134	0
8135	0
8136	0
8137	0
8138	1
8139	1
8140	2
8141	0
8142	2
8143	0
8144	0
8145	0
8146	0
8147	0
8148	0
8149	0
8150	0
8151	0
8152	0
8153	0
8154	0
8155	0
8156	0
8157	0
8158	0
8159	0
8160	0
8161	0
8162	0
8163	0
8164	0
8165	0
8166	0
8167	0
8168	0
8169	0
8170	0
8171	0
8172	0
8173	0
8174	0
8175	0
8176	0
8177	0
8178	0
8179	0
8180	0
8181	0
8182	0
8183	0
8184	0
8185	0
8186	0
8187	0
8188	0
8189	0
8190	0
8191	0
