0	0
1	0
2	0
3	0
4	0
5	0
6	0
7	0
8	0
9	0
10	0
11	0
12	0
13	0
14	0
15	0
16	0
17	0
18	0
19	0
20	0
21	0
22	0
23	0
24	0
25	0
26	0
27	0
28	0
29	0
30	0
31	0
32	0
33	0
34	0
35	0
36	0
37	0
38	0
39	0
40	0
41	0
42	0
43	0
44	0
45	0
46	0
47	0
48	0
49	0
50	0
51	0
52	0
53	0
54	0
55	0
56	0
57	0
58	0
59	0
60	0
61	0
62	0
63	0
64	0
65	0
66	0
67	0
68	0
69	0
70	0
71	0
72	0
73	0
74	0
75	0
76	0
77	0
78	0
79	0
80	0
81	0
82	0
83	0
84	0
85	0
86	0
87	0
88	0
89	0
90	0
91	0
92	0
93	0
94	0
95	0
96	0
97	0
98	0
99	0
100	0
101	0
102	0
103	0
104	0
105	0
106	0
107	0
108	0
109	0
110	0
111	0
112	0
113	0
114	0
115	0
116	0
117	0
118	0
119	0
120	0
121	0
122	0
123	0
124	0
125	0
126	0
127	0
128	0
129	0
130	0
131	0
132	0
133	0
134	0
135	0
136	0
137	0
138	0
139	0
140	0
141	0
142	0
143	0
144	0
145	0
146	0
147	0
148	0
149	0
150	0
151	0
152	0
153	0
154	0
155	0
156	0
157	0
158	0
159	0
160	0
161	0
162	0
163	0
164	0
165	0
166	0
167	0
168	0
169	0
170	0
171	0
172	0
173	0
174	0
175	0
176	0
177	0
178	0
179	0
180	0
181	0
182	0
183	0
184	0
185	0
186	0
187	0
188	0
189	0
190	0
191	0
192	0
193	0
194	0
195	0
196	0
197	0
198	0
199	0
200	0
201	0
202	0
203	0
204	0
205	0
206	0
207	0
208	0
209	0
210	0
211	0
212	0
213	0
214	0
215	0
216	0
217	0
218	0
219	0
220	0
221	0
222	0
223	0
224	0
225	0
226	0
227	0
228	0
229	0
230	0
231	0
232	0
233	0
234	0
235	0
236	0
237	0
238	0
239	0
240	0
241	0
242	0
243	0
244	0
245	0
246	0
247	0
248	0
249	0
250	0
251	0
252	0
253	0
254	0
255	0
256	0
257	0
258	0
259	0
260	0
261	0
262	0
263	0
264	0
265	0
266	0
267	0
268	0
269	0
270	0
271	0
272	0
273	0
274	0
275	0
276	0
277	0
278	0
279	0
280	0
281	0
282	0
283	0
284	0
285	0
286	0
287	0
288	0
289	0
290	0
291	0
292	0
293	0
294	0
295	0
296	0
297	0
298	0
299	0
300	0
301	0
302	0
303	0
304	0
305	0
306	0
307	0
308	0
309	0
310	0
311	0
312	0
313	0
314	0
315	0
316	0
317	0
318	0
319	0
320	0
321	0
322	0
323	0
324	0
325	0
326	0
327	0
328	0
329	0
330	0
331	0
332	0
333	0
334	0
335	0
336	0
337	0
338	0
339	0
340	0
341	0
342	0
343	0
344	0
345	0
346	0
347	0
348	0
349	0
350	0
351	0
352	0
353	0
354	0
355	0
356	0
357	0
358	0
359	0
360	0
361	0
362	0
363	0
364	0
365	0
366	0
367	0
368	0
369	0
370	0
371	0
372	0
373	0
374	0
375	0
376	0
377	0
378	0
379	0
380	0
381	0
382	0
383	0
384	0
385	0
386	0
387	0
388	0
389	0
390	0
391	0
392	0
393	0
394	0
395	0
396	0
397	0
398	0
399	0
400	0
401	0
402	0
403	0
404	0
405	0
406	0
407	0
408	0
409	0
410	0
411	0
412	0
413	0
414	0
415	0
416	0
417	0
418	0
419	0
420	0
421	0
422	0
423	0
424	0
425	0
426	0
427	0
428	0
429	0
430	0
431	0
432	0
433	0
434	0
435	0
436	0
437	0
438	0
439	0
440	0
441	0
442	0
443	0
444	0
445	0
446	0
447	0
448	0
449	0
450	0
451	0
452	0
453	0
454	0
455	0
456	0
457	0
458	0
459	0
460	0
461	0
462	0
463	0
464	0
465	0
466	0
467	0
468	0
469	0
470	0
471	0
472	0
473	0
474	0
475	0
476	0
477	0
478	0
479	0
480	0
481	0
482	0
483	0
484	0
485	0
486	0
487	0
488	0
489	0
490	0
491	0
492	0
493	0
494	0
495	0
496	0
497	0
498	0
499	0
500	0
501	0
502	0
503	0
504	0
505	0
506	0
507	0
508	0
509	0
510	0
511	0
512	0
513	0
514	0
515	0
516	0
517	0
518	0
519	0
520	0
521	0
522	0
523	0
524	0
525	0
526	0
527	0
528	0
529	0
530	0
531	0
532	0
533	0
534	0
535	0
536	0
537	0
538	0
539	0
540	0
541	0
542	0
543	0
544	0
545	0
546	0
547	0
548	0
549	0
550	0
551	0
552	0
553	0
554	0
555	0
556	0
557	0
558	0
559	0
560	0
561	0
562	0
563	0
564	0
565	0
566	0
567	0
568	0
569	0
570	0
571	0
572	0
573	0
574	0
575	0
576	0
577	0
578	0
579	0
580	0
581	0
582	0
583	0
584	0
585	0
586	0
587	0
588	0
589	0
590	0
591	0
592	0
593	0
594	0
595	0
596	0
597	0
598	0
599	0
600	0
601	1
602	0
603	1
604	1
605	0
606	2
607	0
608	0
609	1
610	0
611	1
612	2
613	0
614	4
615	2
616	6
617	4
618	3
619	4
620	3
621	8
622	7
623	3
624	5
625	11
626	15
627	18
628	20
629	23
630	24
631	28
632	30
633	30
634	29
635	32
636	47
637	34
638	53
639	39
640	50
641	43
642	66
643	56
644	55
645	61
646	52
647	64
648	44
649	72
650	59
651	85
652	72
653	79
654	82
655	87
656	66
657	82
658	101
659	92
660	95
661	88
662	97
663	115
664	110
665	117
666	124
667	115
668	109
669	127
670	137
671	136
672	140
673	132
674	158
675	144
676	156
677	156
678	162
679	158
680	172
681	168
682	184
683	191
684	223
685	186
686	194
687	221
688	223
689	251
690	238
691	268
692	254
693	248
694	260
695	292
696	256
697	302
698	299
699	339
700	314
701	322
702	340
703	367
704	364
705	376
706	340
707	419
708	448
709	423
710	468
711	444
712	471
713	467
714	478
715	489
716	489
717	512
718	519
719	572
720	583
721	635
722	624
723	589
724	642
725	653
726	685
727	650
728	682
729	680
730	675
731	756
732	746
733	752
734	818
735	780
736	875
737	818
738	919
739	845
740	904
741	919
742	969
743	1016
744	984
745	964
746	1011
747	1021
748	1034
749	1142
750	1153
751	1134
752	1140
753	1162
754	1186
755	1217
756	1233
757	1221
758	1304
759	1306
760	1309
761	1301
762	1355
763	1375
764	1434
765	1396
766	1440
767	1446
768	1473
769	1441
770	1529
771	1493
772	1549
773	1612
774	1584
775	1632
776	1670
777	1643
778	1632
779	1689
780	1651
781	1675
782	1802
783	1779
784	1742
785	1745
786	1752
787	1741
788	1855
789	1816
790	1855
791	1838
792	1861
793	1837
794	1937
795	1955
796	1883
797	1899
798	1905
799	1856
800	1943
801	1979
802	2017
803	1953
804	1961
805	2021
806	2039
807	1944
808	1981
809	2077
810	1959
811	1925
812	1968
813	2019
814	1982
815	1970
816	1992
817	2040
818	2048
819	1990
820	2005
821	2061
822	1955
823	1987
824	1990
825	1972
826	1980
827	1992
828	1945
829	2054
830	1917
831	1940
832	1959
833	1920
834	1898
835	1844
836	1968
837	1950
838	1919
839	1834
840	1889
841	1812
842	1853
843	1822
844	1793
845	1804
846	1813
847	1792
848	1714
849	1809
850	1772
851	1697
852	1681
853	1640
854	1653
855	1627
856	1692
857	1596
858	1607
859	1613
860	1630
861	1581
862	1532
863	1478
864	1587
865	1537
866	1541
867	1472
868	1455
869	1505
870	1508
871	1422
872	1348
873	1376
874	1341
875	1370
876	1339
877	1335
878	1305
879	1371
880	1271
881	1209
882	1204
883	1220
884	1275
885	1213
886	1195
887	1151
888	1069
889	1129
890	1072
891	1076
892	1090
893	1024
894	1008
895	1088
896	1035
897	942
898	1010
899	1004
900	921
901	942
902	921
903	878
904	961
905	873
906	868
907	862
908	851
909	854
910	787
911	850
912	868
913	815
914	794
915	786
916	767
917	762
918	768
919	711
920	696
921	703
922	699
923	671
924	690
925	655
926	634
927	649
928	675
929	643
930	615
931	639
932	590
933	633
934	552
935	543
936	589
937	576
938	555
939	528
940	507
941	481
942	517
943	464
944	560
945	498
946	496
947	450
948	477
949	477
950	485
951	436
952	476
953	434
954	460
955	401
956	409
957	386
958	419
959	407
960	372
961	408
962	380
963	359
964	367
965	364
966	363
967	361
968	334
969	354
970	330
971	297
972	353
973	342
974	309
975	324
976	322
977	275
978	288
979	310
980	303
981	298
982	312
983	292
984	273
985	281
986	302
987	263
988	268
989	248
990	258
991	260
992	245
993	235
994	231
995	233
996	261
997	258
998	236
999	231
1000	205
1001	219
1002	244
1003	216
1004	227
1005	195
1006	205
1007	201
1008	185
1009	210
1010	210
1011	222
1012	202
1013	190
1014	208
1015	180
1016	178
1017	166
1018	160
1019	194
1020	178
1021	170
1022	177
1023	171
1024	184
1025	152
1026	174
1027	186
1028	186
1029	158
1030	173
1031	157
1032	153
1033	151
1034	163
1035	139
1036	157
1037	144
1038	110
1039	128
1040	144
1041	121
1042	165
1043	129
1044	139
1045	130
1046	120
1047	135
1048	128
1049	139
1050	144
1051	139
1052	116
1053	137
1054	117
1055	116
1056	128
1057	134
1058	113
1059	128
1060	124
1061	108
1062	123
1063	96
1064	111
1065	106
1066	110
1067	95
1068	106
1069	107
1070	97
1071	118
1072	119
1073	126
1074	107
1075	115
1076	115
1077	83
1078	82
1079	96
1080	80
1081	85
1082	105
1083	94
1084	91
1085	101
1086	92
1087	100
1088	92
1089	100
1090	92
1091	81
1092	94
1093	96
1094	95
1095	90
1096	82
1097	88
1098	90
1099	77
1100	80
1101	79
1102	81
1103	88
1104	79
1105	68
1106	90
1107	61
1108	70
1109	90
1110	86
1111	86
1112	61
1113	82
1114	84
1115	69
1116	70
1117	80
1118	66
1119	71
1120	85
1121	80
1122	77
1123	69
1124	78
1125	59
1126	82
1127	68
1128	64
1129	62
1130	69
1131	69
1132	63
1133	61
1134	60
1135	59
1136	76
1137	73
1138	66
1139	68
1140	61
1141	60
1142	55
1143	58
1144	66
1145	54
1146	58
1147	59
1148	67
1149	58
1150	77
1151	75
1152	60
1153	49
1154	56
1155	39
1156	58
1157	56
1158	52
1159	68
1160	45
1161	67
1162	47
1163	46
1164	40
1165	42
1166	53
1167	42
1168	45
1169	43
1170	54
1171	53
1172	41
1173	50
1174	44
1175	45
1176	37
1177	62
1178	45
1179	36
1180	46
1181	60
1182	60
1183	44
1184	40
1185	53
1186	39
1187	37
1188	40
1189	42
1190	52
1191	49
1192	51
1193	39
1194	40
1195	40
1196	32
1197	32
1198	50
1199	32
1200	38
1201	39
1202	34
1203	35
1204	40
1205	41
1206	47
1207	45
1208	48
1209	48
1210	46
1211	36
1212	33
1213	33
1214	47
1215	39
1216	46
1217	39
1218	35
1219	48
1220	35
1221	46
1222	38
1223	38
1224	32
1225	26
1226	37
1227	54
1228	37
1229	34
1230	41
1231	31
1232	33
1233	36
1234	46
1235	33
1236	36
1237	36
1238	31
1239	36
1240	28
1241	35
1242	25
1243	41
1244	33
1245	34
1246	25
1247	37
1248	31
1249	26
1250	22
1251	39
1252	29
1253	30
1254	32
1255	21
1256	20
1257	29
1258	37
1259	33
1260	35
1261	32
1262	34
1263	33
1264	25
1265	29
1266	31
1267	28
1268	37
1269	30
1270	31
1271	37
1272	21
1273	28
1274	22
1275	22
1276	31
1277	25
1278	35
1279	27
1280	34
1281	23
1282	38
1283	33
1284	18
1285	22
1286	34
1287	30
1288	27
1289	30
1290	22
1291	23
1292	20
1293	23
1294	28
1295	21
1296	31
1297	24
1298	29
1299	21
1300	22
1301	30
1302	23
1303	27
1304	33
1305	28
1306	21
1307	15
1308	24
1309	19
1310	16
1311	21
1312	23
1313	26
1314	19
1315	23
1316	22
1317	26
1318	15
1319	25
1320	23
1321	16
1322	19
1323	28
1324	26
1325	22
1326	28
1327	18
1328	14
1329	23
1330	22
1331	22
1332	27
1333	26
1334	21
1335	19
1336	24
1337	21
1338	28
1339	12
1340	19
1341	21
1342	18
1343	11
1344	17
1345	10
1346	19
1347	21
1348	26
1349	11
1350	18
1351	18
1352	19
1353	23
1354	17
1355	9
1356	17
1357	26
1358	27
1359	14
1360	17
1361	23
1362	17
1363	18
1364	21
1365	13
1366	23
1367	21
1368	23
1369	12
1370	18
1371	19
1372	19
1373	21
1374	12
1375	10
1376	15
1377	21
1378	21
1379	14
1380	13
1381	20
1382	17
1383	23
1384	16
1385	9
1386	12
1387	11
1388	9
1389	24
1390	23
1391	9
1392	19
1393	14
1394	14
1395	11
1396	17
1397	12
1398	13
1399	17
1400	18
1401	12
1402	14
1403	21
1404	19
1405	14
1406	15
1407	15
1408	10
1409	13
1410	16
1411	19
1412	16
1413	8
1414	11
1415	9
1416	13
1417	11
1418	13
1419	16
1420	12
1421	20
1422	15
1423	10
1424	11
1425	8
1426	14
1427	9
1428	7
1429	16
1430	13
1431	19
1432	14
1433	18
1434	13
1435	13
1436	12
1437	10
1438	10
1439	16
1440	13
1441	9
1442	14
1443	11
1444	14
1445	11
1446	10
1447	8
1448	7
1449	18
1450	12
1451	8
1452	14
1453	6
1454	18
1455	12
1456	5
1457	15
1458	13
1459	9
1460	4
1461	11
1462	15
1463	13
1464	17
1465	9
1466	14
1467	9
1468	11
1469	4
1470	8
1471	11
1472	11
1473	12
1474	9
1475	2
1476	14
1477	11
1478	14
1479	12
1480	8
1481	8
1482	8
1483	9
1484	10
1485	13
1486	5
1487	15
1488	14
1489	15
1490	18
1491	10
1492	11
1493	11
1494	13
1495	10
1496	16
1497	4
1498	9
1499	11
1500	12
1501	5
1502	15
1503	11
1504	14
1505	11
1506	8
1507	8
1508	11
1509	10
1510	9
1511	12
1512	15
1513	11
1514	10
1515	5
1516	8
1517	8
1518	10
1519	8
1520	7
1521	11
1522	10
1523	2
1524	6
1525	8
1526	8
1527	13
1528	5
1529	9
1530	12
1531	4
1532	3
1533	15
1534	8
1535	5
1536	8
1537	11
1538	9
1539	6
1540	7
1541	7
1542	11
1543	5
1544	9
1545	8
1546	11
1547	9
1548	2
1549	9
1550	8
1551	8
1552	7
1553	12
1554	4
1555	5
1556	3
1557	6
1558	8
1559	6
1560	7
1561	6
1562	5
1563	7
1564	7
1565	6
1566	2
1567	7
1568	9
1569	9
1570	7
1571	7
1572	5
1573	6
1574	7
1575	8
1576	4
1577	13
1578	7
1579	4
1580	8
1581	8
1582	6
1583	4
1584	5
1585	10
1586	5
1587	9
1588	6
1589	4
1590	6
1591	7
1592	8
1593	4
1594	7
1595	12
1596	6
1597	8
1598	4
1599	8
1600	7
1601	5
1602	2
1603	8
1604	4
1605	5
1606	3
1607	6
1608	10
1609	6
1610	5
1611	2
1612	3
1613	4
1614	5
1615	10
1616	7
1617	5
1618	9
1619	3
1620	2
1621	4
1622	5
1623	4
1624	13
1625	3
1626	9
1627	10
1628	2
1629	3
1630	2
1631	4
1632	5
1633	5
1634	9
1635	1
1636	8
1637	5
1638	4
1639	2
1640	6
1641	5
1642	3
1643	2
1644	5
1645	5
1646	6
1647	5
1648	6
1649	3
1650	6
1651	6
1652	6
1653	6
1654	7
1655	7
1656	6
1657	6
1658	8
1659	5
1660	2
1661	11
1662	7
1663	7
1664	1
1665	5
1666	2
1667	3
1668	5
1669	5
1670	3
1671	5
1672	2
1673	4
1674	4
1675	5
1676	5
1677	3
1678	8
1679	3
1680	4
1681	4
1682	7
1683	2
1684	9
1685	3
1686	5
1687	2
1688	3
1689	3
1690	3
1691	4
1692	0
1693	10
1694	1
1695	5
1696	4
1697	8
1698	8
1699	3
1700	1
1701	6
1702	4
1703	6
1704	3
1705	1
1706	6
1707	6
1708	5
1709	8
1710	1
1711	6
1712	4
1713	3
1714	6
1715	7
1716	2
1717	6
1718	6
1719	6
1720	6
1721	1
1722	1
1723	7
1724	8
1725	3
1726	3
1727	3
1728	3
1729	1
1730	3
1731	3
1732	1
1733	3
1734	5
1735	2
1736	5
1737	2
1738	3
1739	2
1740	8
1741	1
1742	4
1743	2
1744	3
1745	4
1746	5
1747	6
1748	3
1749	2
1750	6
1751	2
1752	3
1753	3
1754	3
1755	3
1756	5
1757	3
1758	8
1759	2
1760	3
1761	1
1762	1
1763	6
1764	2
1765	4
1766	6
1767	4
1768	3
1769	2
1770	3
1771	1
1772	3
1773	3
1774	1
1775	9
1776	7
1777	1
1778	1
1779	2
1780	4
1781	7
1782	5
1783	2
1784	4
1785	0
1786	8
1787	3
1788	5
1789	2
1790	3
1791	5
1792	0
1793	2
1794	1
1795	2
1796	2
1797	1
1798	2
1799	1
1800	0
1801	4
1802	2
1803	2
1804	0
1805	6
1806	4
1807	4
1808	8
1809	3
1810	3
1811	5
1812	1
1813	3
1814	2
1815	2
1816	3
1817	2
1818	3
1819	3
1820	4
1821	4
1822	4
1823	1
1824	4
1825	2
1826	2
1827	1
1828	1
1829	4
1830	4
1831	0
1832	1
1833	0
1834	2
1835	2
1836	3
1837	1
1838	3
1839	3
1840	1
1841	2
1842	2
1843	2
1844	2
1845	0
1846	2
1847	2
1848	1
1849	1
1850	5
1851	3
1852	5
1853	1
1854	2
1855	2
1856	5
1857	2
1858	0
1859	3
1860	5
1861	3
1862	2
1863	2
1864	2
1865	2
1866	4
1867	2
1868	3
1869	3
1870	1
1871	4
1872	4
1873	3
1874	3
1875	4
1876	2
1877	2
1878	1
1879	2
1880	6
1881	2
1882	6
1883	0
1884	5
1885	1
1886	3
1887	2
1888	0
1889	3
1890	3
1891	2
1892	2
1893	3
1894	2
1895	4
1896	2
1897	3
1898	1
1899	2
1900	3
1901	3
1902	2
1903	2
1904	0
1905	3
1906	1
1907	0
1908	1
1909	4
1910	2
1911	1
1912	1
1913	2
1914	1
1915	2
1916	1
1917	1
1918	1
1919	4
1920	1
1921	1
1922	1
1923	0
1924	1
1925	4
1926	0
1927	4
1928	3
1929	0
1930	4
1931	1
1932	0
1933	2
1934	2
1935	0
1936	2
1937	2
1938	3
1939	1
1940	4
1941	3
1942	1
1943	1
1944	2
1945	0
1946	5
1947	3
1948	1
1949	1
1950	1
1951	2
1952	1
1953	1
1954	4
1955	6
1956	0
1957	2
1958	2
1959	2
1960	1
1961	4
1962	3
1963	3
1964	1
1965	2
1966	3
1967	0
1968	0
1969	2
1970	2
1971	1
1972	1
1973	1
1974	0
1975	6
1976	4
1977	1
1978	2
1979	2
1980	1
1981	3
1982	1
1983	2
1984	3
1985	1
1986	2
1987	2
1988	0
1989	3
1990	6
1991	0
1992	0
1993	3
1994	1
1995	2
1996	1
1997	1
1998	4
1999	1
2000	2
2001	2
2002	2
2003	3
2004	1
2005	0
2006	1
2007	1
2008	0
2009	1
2010	1
2011	0
2012	1
2013	0
2014	0
2015	2
2016	4
2017	3
2018	0
2019	3
2020	3
2021	2
2022	1
2023	0
2024	1
2025	0
2026	0
2027	1
2028	2
2029	0
2030	4
2031	0
2032	2
2033	2
2034	2
2035	3
2036	1
2037	2
2038	1
2039	2
2040	1
2041	2
2042	0
2043	2
2044	1
2045	0
2046	2
2047	1
2048	1
2049	1
2050	1
2051	1
2052	1
2053	1
2054	0
2055	0
2056	3
2057	2
2058	3
2059	0
2060	0
2061	2
2062	1
2063	0
2064	2
2065	0
2066	1
2067	2
2068	1
2069	2
2070	1
2071	0
2072	0
2073	3
2074	2
2075	0
2076	0
2077	1
2078	2
2079	1
2080	2
2081	1
2082	2
2083	1
2084	0
2085	1
2086	1
2087	2
2088	2
2089	2
2090	2
2091	0
2092	2
2093	5
2094	1
2095	0
2096	3
2097	1
2098	1
2099	2
2100	2
2101	0
2102	0
2103	0
2104	0
2105	1
2106	1
2107	0
2108	0
2109	0
2110	1
2111	0
2112	1
2113	0
2114	2
2115	0
2116	2
2117	2
2118	1
2119	1
2120	0
2121	4
2122	2
2123	2
2124	2
2125	2
2126	0
2127	2
2128	0
2129	0
2130	1
2131	0
2132	1
2133	2
2134	2
2135	2
2136	0
2137	0
2138	1
2139	1
2140	0
2141	1
2142	0
2143	0
2144	0
2145	0
2146	2
2147	0
2148	0
2149	1
2150	0
2151	2
2152	1
2153	0
2154	1
2155	0
2156	0
2157	1
2158	2
2159	1
2160	2
2161	0
2162	1
2163	4
2164	0
2165	1
2166	0
2167	0
2168	2
2169	0
2170	1
2171	0
2172	1
2173	0
2174	2
2175	1
2176	2
2177	1
2178	0
2179	2
2180	1
2181	0
2182	1
2183	1
2184	0
2185	1
2186	0
2187	0
2188	0
2189	2
2190	0
2191	0
2192	0
2193	1
2194	2
2195	1
2196	2
2197	1
2198	0
2199	2
2200	1
2201	2
2202	1
2203	1
2204	1
2205	0
2206	2
2207	0
2208	0
2209	2
2210	0
2211	1
2212	1
2213	2
2214	0
2215	1
2216	5
2217	1
2218	0
2219	2
2220	1
2221	1
2222	2
2223	2
2224	0
2225	2
2226	0
2227	0
2228	3
2229	0
2230	2
2231	1
2232	2
2233	2
2234	1
2235	1
2236	1
2237	0
2238	0
2239	1
2240	0
2241	0
2242	0
2243	0
2244	0
2245	0
2246	1
2247	3
2248	3
2249	3
2250	0
2251	2
2252	0
2253	0
2254	1
2255	1
2256	2
2257	0
2258	0
2259	1
2260	0
2261	0
2262	1
2263	2
2264	0
2265	2
2266	0
2267	0
2268	0
2269	1
2270	1
2271	3
2272	0
2273	1
2274	1
2275	0
2276	2
2277	1
2278	1
2279	0
2280	3
2281	0
2282	0
2283	2
2284	0
2285	1
2286	1
2287	1
2288	0
2289	0
2290	0
2291	0
2292	2
2293	1
2294	3
2295	0
2296	1
2297	0
2298	2
2299	0
2300	0
2301	2
2302	1
2303	1
2304	3
2305	1
2306	0
2307	0
2308	0
2309	1
2310	0
2311	0
2312	3
2313	0
2314	1
2315	2
2316	0
2317	0
2318	0
2319	2
2320	0
2321	0
2322	0
2323	0
2324	0
2325	3
2326	0
2327	0
2328	1
2329	0
2330	0
2331	1
2332	0
2333	0
2334	1
2335	1
2336	0
2337	1
2338	0
2339	1
2340	1
2341	1
2342	0
2343	0
2344	1
2345	0
2346	0
2347	1
2348	2
2349	1
2350	2
2351	0
2352	0
2353	1
2354	0
2355	1
2356	2
2357	1
2358	0
2359	0
2360	0
2361	1
2362	0
2363	0
2364	1
2365	0
2366	0
2367	1
2368	0
2369	1
2370	0
2371	1
2372	0
2373	0
2374	1
2375	0
2376	1
2377	3
2378	0
2379	0
2380	0
2381	0
2382	0
2383	2
2384	0
2385	0
2386	2
2387	1
2388	1
2389	0
2390	0
2391	1
2392	0
2393	0
2394	0
2395	1
2396	0
2397	0
2398	1
2399	1
2400	0
2401	0
2402	0
2403	4
2404	2
2405	1
2406	1
2407	0
2408	0
2409	2
2410	0
2411	0
2412	1
2413	1
2414	4
2415	1
2416	0
2417	0
2418	0
2419	0
2420	0
2421	0
2422	0
2423	2
2424	1
2425	2
2426	0
2427	1
2428	1
2429	0
2430	0
2431	1
2432	2
2433	2
2434	1
2435	3
2436	0
2437	2
2438	2
2439	0
2440	1
2441	1
2442	0
2443	0
2444	1
2445	1
2446	3
2447	1
2448	1
2449	2
2450	0
2451	2
2452	0
2453	0
2454	2
2455	1
2456	2
2457	0
2458	0
2459	0
2460	1
2461	0
2462	0
2463	2
2464	2
2465	2
2466	0
2467	0
2468	0
2469	1
2470	0
2471	0
2472	0
2473	0
2474	0
2475	2
2476	1
2477	1
2478	1
2479	1
2480	1
2481	1
2482	0
2483	0
2484	0
2485	2
2486	0
2487	0
2488	0
2489	0
2490	0
2491	0
2492	0
2493	0
2494	1
2495	0
2496	0
2497	0
2498	0
2499	1
2500	0
2501	0
2502	0
2503	1
2504	1
2505	1
2506	0
2507	3
2508	1
2509	1
2510	1
2511	1
2512	0
2513	1
2514	0
2515	1
2516	0
2517	0
2518	1
2519	0
2520	0
2521	0
2522	0
2523	0
2524	0
2525	0
2526	0
2527	1
2528	0
2529	1
2530	1
2531	1
2532	1
2533	0
2534	0
2535	0
2536	1
2537	0
2538	0
2539	1
2540	0
2541	0
2542	0
2543	1
2544	1
2545	1
2546	0
2547	2
2548	0
2549	0
2550	1
2551	1
2552	1
2553	1
2554	0
2555	0
2556	1
2557	1
2558	2
2559	0
2560	0
2561	0
2562	0
2563	1
2564	1
2565	1
2566	0
2567	1
2568	2
2569	1
2570	1
2571	1
2572	1
2573	1
2574	0
2575	0
2576	1
2577	0
2578	0
2579	0
2580	1
2581	0
2582	0
2583	2
2584	0
2585	1
2586	0
2587	0
2588	1
2589	1
2590	0
2591	1
2592	2
2593	0
2594	2
2595	1
2596	1
2597	0
2598	0
2599	0
2600	1
2601	1
2602	0
2603	0
2604	0
2605	0
2606	0
2607	0
2608	0
2609	2
2610	0
2611	1
2612	0
2613	2
2614	1
2615	0
2616	2
2617	0
2618	0
2619	0
2620	0
2621	0
2622	0
2623	0
2624	1
2625	0
2626	0
2627	2
2628	0
2629	0
2630	0
2631	0
2632	0
2633	0
2634	2
2635	0
2636	0
2637	1
2638	1
2639	0
2640	0
2641	0
2642	0
2643	0
2644	0
2645	0
2646	0
2647	1
2648	0
2649	1
2650	1
2651	0
2652	0
2653	0
2654	1
2655	0
2656	1
2657	1
2658	0
2659	0
2660	0
2661	1
2662	0
2663	0
2664	1
2665	1
2666	0
2667	1
2668	0
2669	0
2670	2
2671	0
2672	2
2673	1
2674	0
2675	0
2676	0
2677	0
2678	0
2679	1
2680	1
2681	0
2682	0
2683	1
2684	3
2685	0
2686	1
2687	0
2688	0
2689	0
2690	2
2691	0
2692	0
2693	0
2694	0
2695	1
2696	0
2697	1
2698	0
2699	1
2700	1
2701	0
2702	1
2703	0
2704	0
2705	0
2706	1
2707	0
2708	0
2709	0
2710	0
2711	1
2712	0
2713	0
2714	0
2715	0
2716	0
2717	0
2718	3
2719	0
2720	0
2721	1
2722	0
2723	0
2724	0
2725	0
2726	1
2727	0
2728	0
2729	0
2730	0
2731	1
2732	0
2733	0
2734	0
2735	1
2736	0
2737	0
2738	0
2739	1
2740	1
2741	0
2742	0
2743	2
2744	0
2745	1
2746	0
2747	0
2748	0
2749	0
2750	0
2751	0
2752	1
2753	0
2754	0
2755	0
2756	0
2757	2
2758	0
2759	1
2760	1
2761	1
2762	0
2763	0
2764	1
2765	0
2766	0
2767	0
2768	0
2769	1
2770	1
2771	2
2772	1
2773	0
2774	0
2775	2
2776	1
2777	0
2778	0
2779	1
2780	0
2781	1
2782	2
2783	0
2784	0
2785	0
2786	1
2787	2
2788	2
2789	1
2790	0
2791	1
2792	0
2793	0
2794	1
2795	0
2796	0
2797	1
2798	2
2799	0
2800	0
2801	0
2802	0
2803	0
2804	0
2805	0
2806	1
2807	2
2808	2
2809	0
2810	0
2811	0
2812	0
2813	1
2814	0
2815	1
2816	0
2817	0
2818	0
2819	0
2820	0
2821	0
2822	0
2823	1
2824	0
2825	1
2826	1
2827	1
2828	0
2829	1
2830	0
2831	1
2832	1
2833	1
2834	0
2835	0
2836	0
2837	0
2838	0
2839	1
2840	1
2841	0
2842	1
2843	0
2844	0
2845	0
2846	0
2847	0
2848	0
2849	1
2850	0
2851	1
2852	0
2853	0
2854	0
2855	1
2856	0
2857	2
2858	1
2859	0
2860	0
2861	1
2862	0
2863	0
2864	0
2865	0
2866	1
2867	0
2868	0
2869	0
2870	0
2871	0
2872	1
2873	1
2874	0
2875	0
2876	2
2877	0
2878	0
2879	0
2880	0
2881	1
2882	1
2883	1
2884	1
2885	0
2886	0
2887	0
2888	0
2889	0
2890	2
2891	0
2892	0
2893	1
2894	0
2895	1
2896	0
2897	0
2898	0
2899	0
2900	0
2901	1
2902	0
2903	0
2904	1
2905	1
2906	0
2907	0
2908	1
2909	0
2910	0
2911	0
2912	0
2913	0
2914	0
2915	1
2916	0
2917	0
2918	1
2919	0
2920	1
2921	0
2922	0
2923	1
2924	2
2925	2
2926	0
2927	0
2928	0
2929	0
2930	0
2931	2
2932	2
2933	1
2934	0
2935	1
2936	0
2937	0
2938	0
2939	0
2940	1
2941	0
2942	1
2943	0
2944	0
2945	1
2946	0
2947	1
2948	0
2949	0
2950	0
2951	0
2952	1
2953	1
2954	0
2955	0
2956	0
2957	0
2958	1
2959	1
2960	1
2961	0
2962	1
2963	0
2964	1
2965	0
2966	1
2967	0
2968	0
2969	1
2970	0
2971	0
2972	2
2973	0
2974	0
2975	0
2976	1
2977	0
2978	0
2979	1
2980	0
2981	0
2982	0
2983	1
2984	0
2985	0
2986	0
2987	0
2988	0
2989	1
2990	1
2991	1
2992	0
2993	0
2994	0
2995	1
2996	0
2997	1
2998	0
2999	0
3000	2
3001	0
3002	1
3003	0
3004	1
3005	0
3006	1
3007	0
3008	0
3009	0
3010	0
3011	0
3012	1
3013	0
3014	2
3015	2
3016	1
3017	1
3018	2
3019	0
3020	1
3021	0
3022	1
3023	1
3024	1
3025	1
3026	1
3027	0
3028	0
3029	0
3030	0
3031	0
3032	0
3033	1
3034	0
3035	0
3036	0
3037	1
3038	0
3039	0
3040	0
3041	0
3042	0
3043	0
3044	0
3045	1
3046	0
3047	1
3048	0
3049	1
3050	0
3051	0
3052	0
3053	0
3054	0
3055	0
3056	0
3057	0
3058	1
3059	1
3060	1
3061	0
3062	0
3063	0
3064	2
3065	0
3066	0
3067	2
3068	1
3069	0
3070	0
3071	0
3072	0
3073	3
3074	0
3075	0
3076	1
3077	0
3078	0
3079	0
3080	1
3081	0
3082	0
3083	0
3084	0
3085	0
3086	0
3087	0
3088	0
3089	0
3090	1
3091	0
3092	0
3093	1
3094	0
3095	0
3096	0
3097	1
3098	0
3099	0
3100	1
3101	0
3102	0
3103	1
3104	0
3105	0
3106	0
3107	0
3108	1
3109	0
3110	0
3111	2
3112	0
3113	0
3114	0
3115	0
3116	0
3117	1
3118	1
3119	0
3120	0
3121	0
3122	0
3123	0
3124	1
3125	1
3126	0
3127	0
3128	0
3129	0
3130	0
3131	0
3132	0
3133	1
3134	0
3135	1
3136	0
3137	0
3138	0
3139	1
3140	0
3141	0
3142	0
3143	0
3144	3
3145	1
3146	0
3147	0
3148	0
3149	1
3150	0
3151	0
3152	0
3153	1
3154	0
3155	0
3156	1
3157	0
3158	2
3159	0
3160	0
3161	0
3162	1
3163	0
3164	0
3165	0
3166	1
3167	0
3168	0
3169	0
3170	0
3171	0
3172	0
3173	0
3174	2
3175	0
3176	2
3177	0
3178	0
3179	1
3180	0
3181	1
3182	0
3183	1
3184	1
3185	0
3186	0
3187	0
3188	0
3189	0
3190	0
3191	0
3192	1
3193	1
3194	0
3195	0
3196	0
3197	0
3198	1
3199	0
3200	0
3201	1
3202	0
3203	0
3204	0
3205	0
3206	0
3207	0
3208	1
3209	1
3210	1
3211	0
3212	2
3213	0
3214	1
3215	0
3216	0
3217	2
3218	1
3219	1
3220	1
3221	0
3222	0
3223	0
3224	0
3225	2
3226	0
3227	0
3228	0
3229	0
3230	0
3231	0
3232	0
3233	0
3234	0
3235	0
3236	1
3237	0
3238	0
3239	1
3240	0
3241	0
3242	0
3243	0
3244	2
3245	0
3246	1
3247	2
3248	0
3249	0
3250	0
3251	0
3252	0
3253	1
3254	1
3255	0
3256	1
3257	0
3258	0
3259	1
3260	1
3261	1
3262	0
3263	0
3264	0
3265	0
3266	0
3267	0
3268	0
3269	0
3270	1
3271	1
3272	0
3273	1
3274	0
3275	0
3276	0
3277	1
3278	1
3279	0
3280	0
3281	1
3282	2
3283	0
3284	0
3285	1
3286	0
3287	0
3288	0
3289	0
3290	0
3291	0
3292	0
3293	0
3294	0
3295	0
3296	0
3297	0
3298	0
3299	1
3300	0
3301	1
3302	0
3303	1
3304	1
3305	1
3306	1
3307	0
3308	0
3309	0
3310	0
3311	0
3312	0
3313	0
3314	0
3315	1
3316	0
3317	1
3318	0
3319	0
3320	1
3321	1
3322	0
3323	0
3324	2
3325	1
3326	1
3327	4
3328	1
3329	0
3330	0
3331	0
3332	0
3333	0
3334	0
3335	1
3336	1
3337	2
3338	0
3339	0
3340	0
3341	0
3342	0
3343	0
3344	0
3345	0
3346	1
3347	1
3348	0
3349	1
3350	0
3351	1
3352	0
3353	1
3354	1
3355	0
3356	0
3357	0
3358	0
3359	0
3360	0
3361	0
3362	0
3363	2
3364	2
3365	0
3366	0
3367	1
3368	0
3369	2
3370	2
3371	1
3372	0
3373	0
3374	1
3375	0
3376	0
3377	1
3378	0
3379	0
3380	1
3381	0
3382	2
3383	0
3384	0
3385	0
3386	1
3387	1
3388	1
3389	0
3390	2
3391	0
3392	0
3393	1
3394	1
3395	0
3396	1
3397	0
3398	0
3399	0
3400	0
3401	0
3402	0
3403	1
3404	0
3405	0
3406	0
3407	0
3408	0
3409	1
3410	1
3411	0
3412	0
3413	0
3414	2
3415	0
3416	1
3417	0
3418	0
3419	0
3420	0
3421	1
3422	0
3423	0
3424	0
3425	0
3426	1
3427	0
3428	0
3429	0
3430	1
3431	0
3432	1
3433	1
3434	1
3435	1
3436	0
3437	1
3438	0
3439	0
3440	0
3441	0
3442	0
3443	2
3444	0
3445	0
3446	0
3447	0
3448	1
3449	1
3450	2
3451	0
3452	0
3453	0
3454	0
3455	0
3456	1
3457	2
3458	0
3459	0
3460	1
3461	0
3462	0
3463	1
3464	1
3465	0
3466	0
3467	0
3468	0
3469	0
3470	0
3471	0
3472	0
3473	1
3474	1
3475	0
3476	1
3477	0
3478	0
3479	1
3480	1
3481	2
3482	0
3483	0
3484	1
3485	0
3486	1
3487	0
3488	0
3489	0
3490	0
3491	1
3492	0
3493	1
3494	0
3495	0
3496	0
3497	0
3498	0
3499	0
3500	2
3501	0
3502	0
3503	0
3504	0
3505	1
3506	0
3507	0
3508	1
3509	0
3510	0
3511	0
3512	0
3513	2
3514	0
3515	1
3516	1
3517	0
3518	1
3519	1
3520	3
3521	1
3522	0
3523	0
3524	0
3525	0
3526	0
3527	1
3528	1
3529	0
3530	0
3531	1
3532	0
3533	0
3534	1
3535	0
3536	2
3537	1
3538	0
3539	1
3540	2
3541	0
3542	1
3543	0
3544	1
3545	1
3546	0
3547	0
3548	0
3549	0
3550	0
3551	0
3552	0
3553	1
3554	0
3555	1
3556	0
3557	0
3558	0
3559	0
3560	0
3561	0
3562	0
3563	0
3564	0
3565	0
3566	0
3567	0
3568	0
3569	1
3570	0
3571	1
3572	0
3573	0
3574	0
3575	0
3576	1
3577	0
3578	0
3579	0
3580	0
3581	0
3582	1
3583	0
3584	0
3585	0
3586	0
3587	1
3588	1
3589	0
3590	0
3591	1
3592	0
3593	0
3594	0
3595	0
3596	1
3597	0
3598	0
3599	0
3600	0
3601	0
3602	0
3603	1
3604	0
3605	1
3606	0
3607	1
3608	0
3609	1
3610	0
3611	1
3612	0
3613	1
3614	1
3615	0
3616	0
3617	0
3618	0
3619	0
3620	0
3621	0
3622	0
3623	0
3624	0
3625	0
3626	1
3627	0
3628	1
3629	0
3630	1
3631	1
3632	0
3633	0
3634	0
3635	1
3636	0
3637	0
3638	0
3639	0
3640	0
3641	0
3642	0
3643	0
3644	0
3645	0
3646	0
3647	0
3648	0
3649	0
3650	0
3651	1
3652	0
3653	0
3654	1
3655	0
3656	0
3657	0
3658	0
3659	1
3660	0
3661	3
3662	0
3663	0
3664	4
3665	0
3666	0
3667	0
3668	0
3669	2
3670	0
3671	1
3672	0
3673	0
3674	0
3675	0
3676	1
3677	0
3678	0
3679	0
3680	0
3681	0
3682	1
3683	2
3684	1
3685	0
3686	2
3687	1
3688	1
3689	0
3690	0
3691	2
3692	1
3693	0
3694	2
3695	0
3696	0
3697	1
3698	1
3699	0
3700	1
3701	0
3702	1
3703	0
3704	0
3705	0
3706	0
3707	1
3708	1
3709	0
3710	0
3711	0
3712	0
3713	0
3714	0
3715	1
3716	2
3717	0
3718	1
3719	0
3720	1
3721	1
3722	0
3723	0
3724	2
3725	1
3726	0
3727	1
3728	0
3729	0
3730	1
3731	0
3732	0
3733	0
3734	1
3735	0
3736	2
3737	0
3738	0
3739	0
3740	0
3741	0
3742	0
3743	0
3744	0
3745	0
3746	0
3747	0
3748	0
3749	0
3750	0
3751	1
3752	0
3753	0
3754	0
3755	0
3756	1
3757	1
3758	0
3759	0
3760	0
3761	0
3762	0
3763	0
3764	0
3765	2
3766	0
3767	0
3768	0
3769	0
3770	1
3771	0
3772	0
3773	1
3774	0
3775	0
3776	0
3777	1
3778	0
3779	0
3780	0
3781	0
3782	0
3783	0
3784	0
3785	0
3786	1
3787	0
3788	4
3789	0
3790	0
3791	1
3792	0
3793	0
3794	0
3795	1
3796	0
3797	1
3798	0
3799	0
3800	1
3801	1
3802	0
3803	0
3804	0
3805	1
3806	1
3807	1
3808	0
3809	0
3810	1
3811	0
3812	1
3813	0
3814	2
3815	0
3816	1
3817	0
3818	0
3819	0
3820	0
3821	0
3822	0
3823	1
3824	1
3825	1
3826	1
3827	1
3828	0
3829	0
3830	0
3831	0
3832	0
3833	0
3834	0
3835	0
3836	0
3837	0
3838	0
3839	0
3840	0
3841	0
3842	2
3843	1
3844	0
3845	1
3846	0
3847	0
3848	1
3849	1
3850	0
3851	1
3852	0
3853	0
3854	1
3855	1
3856	2
3857	0
3858	1
3859	0
3860	0
3861	0
3862	0
3863	0
3864	1
3865	0
3866	0
3867	0
3868	0
3869	0
3870	1
3871	0
3872	1
3873	0
3874	0
3875	0
3876	0
3877	1
3878	0
3879	1
3880	0
3881	0
3882	0
3883	0
3884	0
3885	2
3886	1
3887	0
3888	0
3889	0
3890	0
3891	1
3892	0
3893	0
3894	0
3895	0
3896	1
3897	1
3898	0
3899	0
3900	0
3901	0
3902	0
3903	0
3904	0
3905	0
3906	0
3907	1
3908	0
3909	0
3910	3
3911	0
3912	0
3913	0
3914	0
3915	1
3916	0
3917	0
3918	0
3919	1
3920	1
3921	1
3922	0
3923	0
3924	0
3925	0
3926	0
3927	0
3928	1
3929	0
3930	0
3931	0
3932	1
3933	0
3934	0
3935	1
3936	0
3937	0
3938	0
3939	0
3940	0
3941	0
3942	0
3943	0
3944	0
3945	0
3946	0
3947	0
3948	0
3949	0
3950	0
3951	2
3952	0
3953	2
3954	2
3955	1
3956	1
3957	0
3958	1
3959	0
3960	1
3961	0
3962	1
3963	0
3964	0
3965	0
3966	1
3967	0
3968	0
3969	2
3970	0
3971	1
3972	1
3973	1
3974	0
3975	1
3976	0
3977	1
3978	0
3979	0
3980	0
3981	1
3982	0
3983	0
3984	0
3985	0
3986	1
3987	0
3988	1
3989	0
3990	1
3991	0
3992	1
3993	0
3994	0
3995	0
3996	1
3997	0
3998	0
3999	0
4000	1
4001	0
4002	1
4003	0
4004	0
4005	0
4006	0
4007	0
4008	1
4009	0
4010	0
4011	0
4012	0
4013	0
4014	0
4015	1
4016	1
4017	1
4018	0
4019	0
4020	1
4021	2
4022	0
4023	1
4024	0
4025	0
4026	0
4027	0
4028	1
4029	0
4030	0
4031	1
4032	1
4033	1
4034	0
4035	0
4036	0
4037	0
4038	0
4039	0
4040	0
4041	0
4042	1
4043	0
4044	1
4045	1
4046	0
4047	0
4048	0
4049	0
4050	0
4051	2
4052	0
4053	2
4054	2
4055	0
4056	1
4057	0
4058	0
4059	0
4060	0
4061	1
4062	0
4063	0
4064	0
4065	1
4066	1
4067	0
4068	0
4069	0
4070	0
4071	0
4072	0
4073	2
4074	1
4075	1
4076	0
4077	0
4078	0
4079	0
4080	1
4081	1
4082	0
4083	0
4084	0
4085	1
4086	0
4087	1
4088	1
4089	1
4090	1
4091	0
4092	2
4093	0
4094	0
4095	1
4096	0
4097	0
4098	1
4099	0
4100	0
4101	0
4102	1
4103	0
4104	0
4105	1
4106	0
4107	0
4108	0
4109	2
4110	1
4111	1
4112	0
4113	0
4114	0
4115	0
4116	1
4117	0
4118	0
4119	1
4120	2
4121	1
4122	1
4123	0
4124	0
4125	0
4126	0
4127	0
4128	0
4129	1
4130	0
4131	2
4132	0
4133	1
4134	2
4135	0
4136	0
4137	0
4138	2
4139	0
4140	1
4141	1
4142	0
4143	0
4144	0
4145	0
4146	0
4147	1
4148	1
4149	1
4150	0
4151	1
4152	1
4153	0
4154	0
4155	0
4156	0
4157	0
4158	1
4159	1
4160	0
4161	0
4162	0
4163	0
4164	0
4165	0
4166	0
4167	0
4168	1
4169	0
4170	0
4171	0
4172	2
4173	1
4174	0
4175	1
4176	0
4177	0
4178	0
4179	0
4180	0
4181	0
4182	1
4183	0
4184	1
4185	0
4186	0
4187	0
4188	0
4189	1
4190	0
4191	0
4192	2
4193	0
4194	0
4195	0
4196	1
4197	1
4198	0
4199	0
4200	3
4201	0
4202	0
4203	0
4204	0
4205	0
4206	0
4207	2
4208	0
4209	1
4210	1
4211	0
4212	0
4213	0
4214	0
4215	0
4216	0
4217	0
4218	1
4219	1
4220	0
4221	0
4222	1
4223	0
4224	0
4225	0
4226	1
4227	0
4228	0
4229	0
4230	0
4231	0
4232	2
4233	0
4234	2
4235	1
4236	0
4237	1
4238	0
4239	0
4240	0
4241	0
4242	0
4243	2
4244	0
4245	0
4246	0
4247	0
4248	0
4249	0
4250	0
4251	1
4252	0
4253	0
4254	1
4255	0
4256	0
4257	0
4258	0
4259	0
4260	0
4261	0
4262	2
4263	0
4264	1
4265	2
4266	0
4267	0
4268	0
4269	0
4270	0
4271	0
4272	0
4273	0
4274	0
4275	1
4276	1
4277	0
4278	0
4279	0
4280	0
4281	1
4282	1
4283	1
4284	0
4285	0
4286	0
4287	0
4288	1
4289	1
4290	0
4291	0
4292	1
4293	0
4294	2
4295	0
4296	0
4297	0
4298	1
4299	0
4300	1
4301	1
4302	0
4303	0
4304	0
4305	0
4306	0
4307	0
4308	0
4309	1
4310	0
4311	2
4312	0
4313	0
4314	1
4315	1
4316	2
4317	0
4318	1
4319	1
4320	0
4321	1
4322	1
4323	0
4324	0
4325	0
4326	0
4327	0
4328	0
4329	1
4330	1
4331	0
4332	0
4333	0
4334	0
4335	1
4336	0
4337	1
4338	0
4339	1
4340	0
4341	0
4342	1
4343	0
4344	0
4345	0
4346	2
4347	0
4348	0
4349	0
4350	0
4351	0
4352	1
4353	0
4354	0
4355	0
4356	0
4357	1
4358	1
4359	0
4360	0
4361	0
4362	0
4363	0
4364	0
4365	1
4366	1
4367	0
4368	1
4369	0
4370	0
4371	0
4372	0
4373	0
4374	0
4375	1
4376	0
4377	0
4378	0
4379	0
4380	1
4381	0
4382	0
4383	2
4384	0
4385	1
4386	0
4387	0
4388	0
4389	0
4390	1
4391	1
4392	1
4393	0
4394	1
4395	0
4396	1
4397	1
4398	2
4399	0
4400	1
4401	1
4402	1
4403	0
4404	1
4405	0
4406	0
4407	0
4408	0
4409	0
4410	1
4411	0
4412	2
4413	0
4414	0
4415	0
4416	1
4417	2
4418	0
4419	1
4420	0
4421	1
4422	0
4423	1
4424	0
4425	0
4426	0
4427	0
4428	0
4429	0
4430	1
4431	0
4432	0
4433	0
4434	0
4435	1
4436	2
4437	0
4438	0
4439	3
4440	0
4441	0
4442	0
4443	0
4444	0
4445	0
4446	0
4447	0
4448	1
4449	0
4450	1
4451	0
4452	0
4453	0
4454	1
4455	0
4456	2
4457	1
4458	0
4459	1
4460	1
4461	0
4462	2
4463	1
4464	0
4465	0
4466	2
4467	0
4468	0
4469	0
4470	2
4471	0
4472	0
4473	0
4474	0
4475	2
4476	1
4477	0
4478	0
4479	2
4480	0
4481	0
4482	0
4483	0
4484	0
4485	0
4486	0
4487	0
4488	1
4489	0
4490	1
4491	0
4492	0
4493	1
4494	1
4495	0
4496	0
4497	0
4498	0
4499	0
4500	0
4501	1
4502	0
4503	0
4504	1
4505	0
4506	0
4507	0
4508	0
4509	1
4510	1
4511	2
4512	1
4513	0
4514	0
4515	0
4516	1
4517	1
4518	0
4519	1
4520	2
4521	0
4522	0
4523	1
4524	0
4525	0
4526	1
4527	1
4528	0
4529	0
4530	0
4531	0
4532	1
4533	0
4534	1
4535	0
4536	0
4537	0
4538	0
4539	0
4540	0
4541	0
4542	0
4543	1
4544	2
4545	0
4546	1
4547	0
4548	0
4549	1
4550	0
4551	0
4552	0
4553	1
4554	0
4555	1
4556	0
4557	1
4558	2
4559	0
4560	0
4561	0
4562	0
4563	0
4564	0
4565	0
4566	0
4567	0
4568	0
4569	0
4570	0
4571	0
4572	0
4573	0
4574	0
4575	0
4576	1
4577	0
4578	0
4579	0
4580	2
4581	0
4582	0
4583	0
4584	0
4585	0
4586	2
4587	1
4588	0
4589	3
4590	0
4591	1
4592	0
4593	0
4594	0
4595	0
4596	1
4597	1
4598	0
4599	1
4600	1
4601	0
4602	1
4603	0
4604	0
4605	0
4606	0
4607	0
4608	0
4609	0
4610	0
4611	1
4612	0
4613	0
4614	1
4615	0
4616	0
4617	0
4618	1
4619	0
4620	1
4621	0
4622	0
4623	0
4624	1
4625	2
4626	2
4627	1
4628	1
4629	0
4630	0
4631	3
4632	0
4633	0
4634	0
4635	1
4636	1
4637	1
4638	1
4639	0
4640	0
4641	0
4642	0
4643	1
4644	0
4645	0
4646	1
4647	1
4648	0
4649	0
4650	0
4651	0
4652	0
4653	1
4654	1
4655	1
4656	0
4657	0
4658	0
4659	0
4660	0
4661	0
4662	0
4663	0
4664	2
4665	0
4666	0
4667	1
4668	0
4669	0
4670	0
4671	1
4672	1
4673	0
4674	0
4675	0
4676	1
4677	1
4678	1
4679	0
4680	1
4681	2
4682	1
4683	0
4684	0
4685	0
4686	0
4687	1
4688	0
4689	0
4690	0
4691	0
4692	0
4693	1
4694	0
4695	0
4696	1
4697	1
4698	1
4699	1
4700	0
4701	0
4702	1
4703	0
4704	0
4705	0
4706	2
4707	1
4708	0
4709	1
4710	1
4711	1
4712	1
4713	0
4714	0
4715	0
4716	0
4717	1
4718	0
4719	1
4720	0
4721	1
4722	0
4723	0
4724	0
4725	0
4726	0
4727	0
4728	2
4729	0
4730	1
4731	2
4732	1
4733	2
4734	0
4735	1
4736	1
4737	0
4738	1
4739	0
4740	0
4741	0
4742	0
4743	1
4744	0
4745	0
4746	0
4747	0
4748	0
4749	3
4750	1
4751	0
4752	1
4753	0
4754	0
4755	1
4756	0
4757	1
4758	1
4759	0
4760	0
4761	0
4762	1
4763	0
4764	0
4765	1
4766	0
4767	1
4768	0
4769	0
4770	0
4771	1
4772	1
4773	0
4774	0
4775	0
4776	0
4777	0
4778	0
4779	0
4780	0
4781	0
4782	1
4783	0
4784	1
4785	0
4786	0
4787	0
4788	0
4789	0
4790	0
4791	1
4792	0
4793	0
4794	1
4795	0
4796	0
4797	1
4798	0
4799	0
4800	0
4801	0
4802	1
4803	0
4804	0
4805	0
4806	1
4807	1
4808	0
4809	0
4810	1
4811	0
4812	1
4813	0
4814	0
4815	0
4816	0
4817	3
4818	0
4819	0
4820	1
4821	0
4822	0
4823	0
4824	1
4825	0
4826	0
4827	1
4828	0
4829	0
4830	0
4831	0
4832	1
4833	0
4834	0
4835	1
4836	1
4837	1
4838	1
4839	0
4840	1
4841	0
4842	0
4843	0
4844	2
4845	0
4846	1
4847	0
4848	0
4849	0
4850	1
4851	0
4852	1
4853	1
4854	0
4855	0
4856	0
4857	0
4858	1
4859	0
4860	0
4861	0
4862	1
4863	2
4864	1
4865	0
4866	0
4867	0
4868	1
4869	0
4870	0
4871	0
4872	1
4873	1
4874	0
4875	1
4876	0
4877	0
4878	0
4879	0
4880	0
4881	2
4882	0
4883	0
4884	0
4885	0
4886	0
4887	1
4888	0
4889	0
4890	0
4891	0
4892	0
4893	0
4894	0
4895	0
4896	0
4897	1
4898	1
4899	0
4900	0
4901	0
4902	1
4903	0
4904	0
4905	1
4906	1
4907	0
4908	0
4909	1
4910	1
4911	1
4912	0
4913	1
4914	0
4915	0
4916	1
4917	1
4918	2
4919	0
4920	1
4921	0
4922	1
4923	0
4924	0
4925	0
4926	0
4927	1
4928	0
4929	0
4930	0
4931	1
4932	1
4933	0
4934	0
4935	0
4936	0
4937	1
4938	0
4939	1
4940	0
4941	0
4942	0
4943	0
4944	2
4945	1
4946	1
4947	1
4948	0
4949	0
4950	1
4951	0
4952	2
4953	0
4954	0
4955	0
4956	1
4957	0
4958	0
4959	0
4960	1
4961	0
4962	1
4963	1
4964	1
4965	0
4966	0
4967	0
4968	0
4969	1
4970	0
4971	0
4972	0
4973	0
4974	0
4975	0
4976	0
4977	1
4978	0
4979	1
4980	0
4981	1
4982	0
4983	0
4984	1
4985	0
4986	0
4987	0
4988	0
4989	2
4990	1
4991	0
4992	0
4993	0
4994	1
4995	0
4996	1
4997	0
4998	0
4999	0
5000	0
5001	0
5002	0
5003	0
5004	0
5005	0
5006	0
5007	1
5008	0
5009	0
5010	0
5011	2
5012	0
5013	0
5014	1
5015	1
5016	2
5017	0
5018	0
5019	0
5020	2
5021	0
5022	0
5023	0
5024	0
5025	1
5026	1
5027	0
5028	0
5029	0
5030	0
5031	1
5032	1
5033	0
5034	1
5035	1
5036	0
5037	1
5038	1
5039	1
5040	1
5041	0
5042	0
5043	0
5044	0
5045	0
5046	1
5047	2
5048	0
5049	0
5050	0
5051	1
5052	0
5053	0
5054	0
5055	0
5056	1
5057	0
5058	1
5059	0
5060	0
5061	0
5062	1
5063	0
5064	0
5065	0
5066	0
5067	0
5068	0
5069	1
5070	0
5071	0
5072	1
5073	0
5074	0
5075	0
5076	1
5077	2
5078	0
5079	0
5080	0
5081	0
5082	0
5083	0
5084	0
5085	0
5086	0
5087	1
5088	0
5089	0
5090	0
5091	0
5092	1
5093	1
5094	0
5095	0
5096	0
5097	1
5098	0
5099	0
5100	0
5101	0
5102	0
5103	1
5104	0
5105	1
5106	1
5107	0
5108	0
5109	2
5110	0
5111	0
5112	0
5113	0
5114	0
5115	0
5116	0
5117	0
5118	0
5119	0
5120	1
5121	0
5122	2
5123	1
5124	0
5125	0
5126	0
5127	0
5128	1
5129	0
5130	0
5131	0
5132	1
5133	0
5134	0
5135	0
5136	0
5137	0
5138	1
5139	2
5140	0
5141	0
5142	1
5143	0
5144	1
5145	0
5146	1
5147	1
5148	3
5149	1
5150	0
5151	0
5152	0
5153	0
5154	0
5155	1
5156	0
5157	0
5158	1
5159	0
5160	0
5161	1
5162	1
5163	0
5164	1
5165	1
5166	0
5167	0
5168	1
5169	0
5170	1
5171	2
5172	0
5173	0
5174	0
5175	0
5176	0
5177	0
5178	0
5179	0
5180	0
5181	0
5182	1
5183	1
5184	0
5185	1
5186	1
5187	1
5188	0
5189	0
5190	1
5191	1
5192	1
5193	0
5194	0
5195	0
5196	1
5197	0
5198	0
5199	0
5200	0
5201	0
5202	0
5203	0
5204	0
5205	1
5206	2
5207	0
5208	0
5209	0
5210	0
5211	0
5212	0
5213	0
5214	1
5215	1
5216	0
5217	0
5218	0
5219	0
5220	0
5221	1
5222	1
5223	0
5224	0
5225	1
5226	2
5227	0
5228	0
5229	0
5230	0
5231	0
5232	0
5233	1
5234	0
5235	0
5236	1
5237	0
5238	0
5239	0
5240	0
5241	0
5242	0
5243	1
5244	0
5245	0
5246	2
5247	2
5248	2
5249	1
5250	0
5251	0
5252	0
5253	0
5254	0
5255	1
5256	0
5257	0
5258	0
5259	1
5260	0
5261	1
5262	1
5263	0
5264	0
5265	0
5266	0
5267	0
5268	0
5269	0
5270	0
5271	0
5272	0
5273	0
5274	0
5275	0
5276	0
5277	1
5278	2
5279	0
5280	0
5281	1
5282	0
5283	0
5284	0
5285	1
5286	0
5287	0
5288	0
5289	0
5290	0
5291	0
5292	0
5293	1
5294	0
5295	0
5296	0
5297	2
5298	0
5299	0
5300	2
5301	0
5302	0
5303	0
5304	0
5305	0
5306	0
5307	0
5308	0
5309	0
5310	1
5311	0
5312	0
5313	0
5314	1
5315	1
5316	1
5317	0
5318	0
5319	1
5320	1
5321	1
5322	0
5323	0
5324	1
5325	0
5326	0
5327	1
5328	0
5329	0
5330	0
5331	0
5332	1
5333	1
5334	0
5335	1
5336	0
5337	0
5338	1
5339	0
5340	0
5341	0
5342	0
5343	0
5344	1
5345	1
5346	0
5347	0
5348	0
5349	2
5350	1
5351	0
5352	0
5353	1
5354	0
5355	1
5356	0
5357	0
5358	0
5359	1
5360	0
5361	1
5362	1
5363	2
5364	0
5365	1
5366	0
5367	0
5368	0
5369	0
5370	1
5371	2
5372	2
5373	0
5374	0
5375	0
5376	1
5377	1
5378	1
5379	1
5380	0
5381	1
5382	0
5383	0
5384	0
5385	0
5386	1
5387	0
5388	0
5389	1
5390	1
5391	0
5392	0
5393	0
5394	1
5395	0
5396	1
5397	0
5398	0
5399	0
5400	0
5401	0
5402	0
5403	0
5404	0
5405	0
5406	0
5407	0
5408	0
5409	1
5410	0
5411	1
5412	0
5413	0
5414	2
5415	0
5416	0
5417	1
5418	0
5419	1
5420	0
5421	0
5422	0
5423	1
5424	1
5425	2
5426	1
5427	0
5428	0
5429	0
5430	0
5431	0
5432	1
5433	0
5434	0
5435	0
5436	0
5437	0
5438	0
5439	0
5440	0
5441	0
5442	0
5443	0
5444	0
5445	1
5446	0
5447	0
5448	0
5449	0
5450	0
5451	0
5452	0
5453	0
5454	1
5455	0
5456	1
5457	1
5458	1
5459	2
5460	0
5461	2
5462	0
5463	0
5464	0
5465	1
5466	1
5467	0
5468	0
5469	0
5470	0
5471	0
5472	0
5473	0
5474	1
5475	0
5476	0
5477	0
5478	0
5479	0
5480	0
5481	0
5482	1
5483	1
5484	1
5485	0
5486	0
5487	0
5488	1
5489	1
5490	1
5491	0
5492	2
5493	2
5494	0
5495	0
5496	1
5497	0
5498	2
5499	0
5500	0
5501	1
5502	0
5503	0
5504	0
5505	1
5506	0
5507	0
5508	2
5509	1
5510	0
5511	0
5512	0
5513	0
5514	1
5515	0
5516	0
5517	0
5518	0
5519	0
5520	0
5521	0
5522	0
5523	0
5524	0
5525	1
5526	0
5527	1
5528	1
5529	1
5530	2
5531	0
5532	0
5533	2
5534	1
5535	1
5536	1
5537	2
5538	0
5539	0
5540	1
5541	1
5542	1
5543	2
5544	0
5545	0
5546	1
5547	0
5548	2
5549	0
5550	0
5551	0
5552	0
5553	0
5554	0
5555	0
5556	1
5557	0
5558	1
5559	0
5560	0
5561	1
5562	0
5563	0
5564	0
5565	1
5566	0
5567	1
5568	1
5569	0
5570	0
5571	1
5572	0
5573	1
5574	0
5575	0
5576	0
5577	0
5578	0
5579	0
5580	0
5581	0
5582	1
5583	1
5584	1
5585	1
5586	0
5587	1
5588	0
5589	0
5590	0
5591	0
5592	0
5593	1
5594	0
5595	0
5596	0
5597	1
5598	0
5599	0
5600	0
5601	0
5602	1
5603	0
5604	0
5605	0
5606	0
5607	0
5608	0
5609	1
5610	1
5611	1
5612	0
5613	1
5614	0
5615	0
5616	0
5617	0
5618	0
5619	2
5620	0
5621	0
5622	0
5623	0
5624	0
5625	0
5626	0
5627	0
5628	0
5629	0
5630	1
5631	0
5632	0
5633	0
5634	0
5635	1
5636	0
5637	0
5638	0
5639	0
5640	2
5641	0
5642	0
5643	0
5644	0
5645	0
5646	0
5647	0
5648	0
5649	0
5650	0
5651	0
5652	0
5653	1
5654	2
5655	0
5656	0
5657	1
5658	1
5659	0
5660	1
5661	0
5662	1
5663	0
5664	0
5665	1
5666	1
5667	0
5668	0
5669	0
5670	0
5671	0
5672	0
5673	1
5674	0
5675	0
5676	3
5677	0
5678	0
5679	0
5680	1
5681	0
5682	0
5683	0
5684	0
5685	1
5686	0
5687	0
5688	1
5689	0
5690	0
5691	0
5692	0
5693	0
5694	0
5695	0
5696	1
5697	0
5698	0
5699	0
5700	0
5701	0
5702	0
5703	0
5704	0
5705	0
5706	0
5707	2
5708	1
5709	2
5710	0
5711	1
5712	0
5713	1
5714	0
5715	0
5716	1
5717	0
5718	2
5719	0
5720	0
5721	1
5722	2
5723	0
5724	1
5725	1
5726	2
5727	0
5728	0
5729	0
5730	1
5731	0
5732	1
5733	0
5734	1
5735	1
5736	1
5737	0
5738	0
5739	0
5740	0
5741	1
5742	0
5743	0
5744	0
5745	0
5746	2
5747	0
5748	0
5749	0
5750	0
5751	0
5752	0
5753	0
5754	0
5755	0
5756	0
5757	0
5758	1
5759	1
5760	0
5761	0
5762	0
5763	0
5764	0
5765	1
5766	0
5767	0
5768	1
5769	0
5770	0
5771	0
5772	0
5773	0
5774	0
5775	1
5776	0
5777	3
5778	1
5779	1
5780	0
5781	1
5782	0
5783	1
5784	0
5785	2
5786	0
5787	0
5788	1
5789	0
5790	1
5791	0
5792	0
5793	0
5794	0
5795	1
5796	0
5797	2
5798	0
5799	0
5800	0
5801	0
5802	0
5803	0
5804	0
5805	0
5806	0
5807	1
5808	0
5809	0
5810	0
5811	1
5812	0
5813	0
5814	2
5815	2
5816	0
5817	0
5818	0
5819	0
5820	0
5821	2
5822	0
5823	0
5824	0
5825	0
5826	0
5827	1
5828	1
5829	0
5830	0
5831	0
5832	0
5833	0
5834	0
5835	0
5836	1
5837	0
5838	0
5839	0
5840	0
5841	0
5842	1
5843	0
5844	1
5845	0
5846	0
5847	0
5848	1
5849	0
5850	1
5851	0
5852	0
5853	0
5854	2
5855	0
5856	1
5857	0
5858	2
5859	0
5860	0
5861	0
5862	0
5863	0
5864	1
5865	0
5866	1
5867	0
5868	1
5869	2
5870	0
5871	1
5872	0
5873	0
5874	0
5875	2
5876	0
5877	2
5878	0
5879	0
5880	0
5881	0
5882	0
5883	1
5884	0
5885	0
5886	1
5887	1
5888	1
5889	0
5890	1
5891	1
5892	0
5893	0
5894	1
5895	0
5896	0
5897	0
5898	0
5899	1
5900	0
5901	0
5902	0
5903	0
5904	1
5905	0
5906	0
5907	0
5908	0
5909	0
5910	0
5911	2
5912	0
5913	0
5914	3
5915	0
5916	1
5917	1
5918	0
5919	1
5920	1
5921	1
5922	1
5923	0
5924	0
5925	1
5926	0
5927	1
5928	0
5929	1
5930	0
5931	0
5932	1
5933	0
5934	0
5935	0
5936	0
5937	0
5938	0
5939	0
5940	0
5941	1
5942	0
5943	0
5944	1
5945	2
5946	0
5947	0
5948	0
5949	1
5950	1
5951	0
5952	0
5953	0
5954	0
5955	0
5956	1
5957	1
5958	0
5959	0
5960	0
5961	0
5962	1
5963	0
5964	0
5965	0
5966	1
5967	0
5968	1
5969	0
5970	1
5971	0
5972	0
5973	0
5974	1
5975	0
5976	1
5977	0
5978	0
5979	1
5980	0
5981	2
5982	0
5983	0
5984	1
5985	0
5986	0
5987	1
5988	1
5989	0
5990	0
5991	0
5992	0
5993	1
5994	1
5995	0
5996	0
5997	1
5998	0
5999	0
6000	0
6001	0
6002	1
6003	0
6004	0
6005	0
6006	0
6007	1
6008	1
6009	0
6010	0
6011	0
6012	0
6013	1
6014	1
6015	1
6016	0
6017	2
6018	0
6019	0
6020	2
6021	0
6022	1
6023	1
6024	0
6025	0
6026	0
6027	0
6028	1
6029	0
6030	0
6031	0
6032	1
6033	1
6034	0
6035	1
6036	0
6037	1
6038	0
6039	0
6040	0
6041	0
6042	1
6043	0
6044	0
6045	0
6046	0
6047	0
6048	0
6049	1
6050	0
6051	1
6052	0
6053	0
6054	1
6055	1
6056	1
6057	0
6058	0
6059	0
6060	1
6061	0
6062	0
6063	1
6064	1
6065	0
6066	0
6067	0
6068	1
6069	1
6070	1
6071	0
6072	0
6073	0
6074	0
6075	0
6076	0
6077	0
6078	1
6079	0
6080	1
6081	0
6082	0
6083	0
6084	0
6085	0
6086	1
6087	0
6088	0
6089	0
6090	0
6091	0
6092	0
6093	1
6094	0
6095	0
6096	0
6097	0
6098	0
6099	0
6100	0
6101	0
6102	0
6103	1
6104	0
6105	0
6106	1
6107	0
6108	0
6109	1
6110	0
6111	0
6112	0
6113	0
6114	1
6115	1
6116	0
6117	0
6118	0
6119	1
6120	1
6121	1
6122	1
6123	1
6124	0
6125	0
6126	0
6127	0
6128	1
6129	0
6130	0
6131	0
6132	0
6133	0
6134	0
6135	0
6136	0
6137	0
6138	0
6139	0
6140	1
6141	0
6142	1
6143	0
6144	0
6145	0
6146	0
6147	1
6148	1
6149	1
6150	0
6151	0
6152	0
6153	2
6154	1
6155	1
6156	0
6157	0
6158	1
6159	0
6160	1
6161	0
6162	0
6163	0
6164	0
6165	0
6166	1
6167	0
6168	0
6169	0
6170	1
6171	0
6172	1
6173	0
6174	0
6175	1
6176	0
6177	1
6178	0
6179	1
6180	1
6181	0
6182	0
6183	0
6184	0
6185	0
6186	0
6187	0
6188	0
6189	0
6190	0
6191	1
6192	1
6193	0
6194	1
6195	0
6196	0
6197	1
6198	2
6199	1
6200	0
6201	1
6202	0
6203	1
6204	0
6205	0
6206	1
6207	1
6208	0
6209	0
6210	0
6211	2
6212	0
6213	0
6214	0
6215	1
6216	1
6217	0
6218	1
6219	1
6220	0
6221	1
6222	0
6223	0
6224	0
6225	0
6226	0
6227	0
6228	0
6229	0
6230	1
6231	2
6232	1
6233	0
6234	0
6235	1
6236	0
6237	0
6238	0
6239	0
6240	1
6241	1
6242	0
6243	1
6244	2
6245	0
6246	1
6247	0
6248	0
6249	1
6250	1
6251	0
6252	0
6253	0
6254	0
6255	0
6256	0
6257	0
6258	0
6259	1
6260	1
6261	1
6262	0
6263	0
6264	1
6265	0
6266	0
6267	1
6268	0
6269	0
6270	0
6271	0
6272	1
6273	0
6274	0
6275	1
6276	0
6277	1
6278	0
6279	1
6280	1
6281	0
6282	0
6283	1
6284	0
6285	0
6286	0
6287	1
6288	0
6289	0
6290	0
6291	1
6292	0
6293	0
6294	2
6295	0
6296	0
6297	0
6298	0
6299	0
6300	0
6301	1
6302	0
6303	0
6304	1
6305	0
6306	0
6307	0
6308	1
6309	0
6310	0
6311	0
6312	0
6313	0
6314	1
6315	0
6316	0
6317	0
6318	0
6319	0
6320	0
6321	1
6322	1
6323	0
6324	1
6325	0
6326	0
6327	1
6328	0
6329	0
6330	3
6331	0
6332	0
6333	0
6334	0
6335	0
6336	2
6337	1
6338	0
6339	0
6340	0
6341	0
6342	0
6343	1
6344	1
6345	0
6346	0
6347	0
6348	2
6349	0
6350	1
6351	0
6352	0
6353	1
6354	1
6355	0
6356	1
6357	4
6358	1
6359	0
6360	2
6361	1
6362	0
6363	0
6364	0
6365	1
6366	0
6367	0
6368	0
6369	0
6370	1
6371	0
6372	2
6373	1
6374	0
6375	2
6376	1
6377	2
6378	0
6379	0
6380	2
6381	0
6382	0
6383	0
6384	0
6385	0
6386	2
6387	0
6388	0
6389	0
6390	2
6391	0
6392	1
6393	1
6394	0
6395	0
6396	0
6397	0
6398	0
6399	0
6400	0
6401	1
6402	0
6403	2
6404	0
6405	0
6406	0
6407	0
6408	1
6409	1
6410	0
6411	0
6412	0
6413	0
6414	1
6415	0
6416	1
6417	0
6418	1
6419	0
6420	0
6421	1
6422	0
6423	0
6424	0
6425	2
6426	1
6427	1
6428	1
6429	1
6430	0
6431	0
6432	0
6433	1
6434	1
6435	0
6436	0
6437	1
6438	0
6439	1
6440	0
6441	0
6442	1
6443	0
6444	1
6445	2
6446	2
6447	0
6448	0
6449	0
6450	0
6451	0
6452	0
6453	0
6454	0
6455	0
6456	0
6457	1
6458	0
6459	1
6460	0
6461	1
6462	0
6463	1
6464	0
6465	0
6466	0
6467	1
6468	2
6469	0
6470	0
6471	1
6472	0
6473	0
6474	0
6475	1
6476	0
6477	1
6478	1
6479	0
6480	0
6481	0
6482	0
6483	1
6484	0
6485	0
6486	0
6487	1
6488	0
6489	0
6490	0
6491	1
6492	0
6493	0
6494	0
6495	1
6496	0
6497	1
6498	0
6499	0
6500	0
6501	0
6502	0
6503	0
6504	1
6505	1
6506	0
6507	1
6508	1
6509	1
6510	0
6511	1
6512	0
6513	0
6514	1
6515	1
6516	0
6517	3
6518	2
6519	0
6520	0
6521	1
6522	0
6523	1
6524	0
6525	1
6526	1
6527	0
6528	2
6529	0
6530	1
6531	0
6532	0
6533	0
6534	0
6535	0
6536	0
6537	0
6538	0
6539	2
6540	0
6541	0
6542	0
6543	1
6544	1
6545	0
6546	0
6547	2
6548	0
6549	0
6550	0
6551	0
6552	1
6553	0
6554	1
6555	1
6556	0
6557	0
6558	0
6559	1
6560	0
6561	0
6562	0
6563	0
6564	0
6565	0
6566	0
6567	0
6568	0
6569	0
6570	0
6571	0
6572	0
6573	1
6574	2
6575	0
6576	1
6577	1
6578	0
6579	0
6580	1
6581	1
6582	0
6583	2
6584	0
6585	2
6586	1
6587	0
6588	1
6589	0
6590	2
6591	0
6592	0
6593	1
6594	0
6595	0
6596	0
6597	1
6598	0
6599	1
6600	1
6601	1
6602	0
6603	1
6604	1
6605	1
6606	0
6607	0
6608	0
6609	1
6610	0
6611	0
6612	0
6613	1
6614	1
6615	0
6616	0
6617	0
6618	0
6619	0
6620	0
6621	1
6622	0
6623	0
6624	0
6625	0
6626	1
6627	0
6628	0
6629	0
6630	0
6631	1
6632	0
6633	0
6634	0
6635	0
6636	0
6637	0
6638	0
6639	0
6640	0
6641	0
6642	0
6643	0
6644	0
6645	0
6646	2
6647	0
6648	0
6649	1
6650	3
6651	2
6652	0
6653	0
6654	1
6655	0
6656	0
6657	0
6658	1
6659	0
6660	1
6661	0
6662	2
6663	1
6664	0
6665	1
6666	0
6667	1
6668	0
6669	3
6670	2
6671	2
6672	0
6673	0
6674	0
6675	4
6676	1
6677	0
6678	0
6679	0
6680	1
6681	0
6682	2
6683	0
6684	1
6685	0
6686	0
6687	1
6688	0
6689	0
6690	0
6691	0
6692	0
6693	1
6694	0
6695	1
6696	0
6697	1
6698	0
6699	1
6700	0
6701	0
6702	0
6703	0
6704	0
6705	1
6706	0
6707	0
6708	0
6709	0
6710	2
6711	0
6712	0
6713	0
6714	1
6715	0
6716	1
6717	1
6718	0
6719	0
6720	1
6721	0
6722	0
6723	1
6724	0
6725	1
6726	0
6727	0
6728	0
6729	0
6730	0
6731	0
6732	0
6733	0
6734	2
6735	1
6736	1
6737	0
6738	1
6739	2
6740	0
6741	2
6742	1
6743	0
6744	3
6745	0
6746	1
6747	1
6748	1
6749	0
6750	0
6751	1
6752	1
6753	2
6754	0
6755	0
6756	0
6757	0
6758	0
6759	0
6760	2
6761	1
6762	0
6763	0
6764	1
6765	0
6766	1
6767	1
6768	0
6769	0
6770	0
6771	0
6772	0
6773	0
6774	0
6775	0
6776	0
6777	0
6778	0
6779	0
6780	0
6781	0
6782	1
6783	0
6784	0
6785	0
6786	0
6787	0
6788	0
6789	0
6790	0
6791	0
6792	0
6793	0
6794	0
6795	0
6796	0
6797	1
6798	0
6799	1
6800	1
6801	0
6802	0
6803	0
6804	1
6805	0
6806	1
6807	0
6808	0
6809	1
6810	1
6811	0
6812	0
6813	0
6814	1
6815	0
6816	0
6817	0
6818	0
6819	0
6820	0
6821	1
6822	0
6823	0
6824	0
6825	0
6826	1
6827	0
6828	0
6829	0
6830	1
6831	0
6832	1
6833	2
6834	1
6835	2
6836	0
6837	0
6838	0
6839	1
6840	1
6841	1
6842	1
6843	2
6844	0
6845	0
6846	0
6847	0
6848	1
6849	1
6850	1
6851	0
6852	1
6853	0
6854	0
6855	1
6856	0
6857	0
6858	2
6859	0
6860	0
6861	1
6862	1
6863	0
6864	0
6865	0
6866	0
6867	1
6868	1
6869	1
6870	1
6871	1
6872	1
6873	0
6874	0
6875	2
6876	0
6877	1
6878	0
6879	0
6880	1
6881	1
6882	0
6883	0
6884	1
6885	0
6886	0
6887	2
6888	1
6889	0
6890	0
6891	1
6892	0
6893	0
6894	0
6895	0
6896	0
6897	0
6898	1
6899	1
6900	0
6901	0
6902	2
6903	0
6904	0
6905	0
6906	2
6907	0
6908	0
6909	0
6910	2
6911	2
6912	0
6913	1
6914	1
6915	1
6916	0
6917	0
6918	1
6919	0
6920	0
6921	0
6922	0
6923	2
6924	0
6925	1
6926	1
6927	0
6928	1
6929	0
6930	1
6931	0
6932	1
6933	1
6934	0
6935	0
6936	1
6937	0
6938	0
6939	0
6940	0
6941	2
6942	0
6943	0
6944	0
6945	0
6946	0
6947	1
6948	0
6949	0
6950	0
6951	2
6952	0
6953	0
6954	0
6955	0
6956	0
6957	0
6958	0
6959	0
6960	0
6961	1
6962	0
6963	0
6964	0
6965	1
6966	2
6967	0
6968	0
6969	1
6970	0
6971	0
6972	1
6973	0
6974	0
6975	1
6976	0
6977	0
6978	1
6979	1
6980	0
6981	0
6982	0
6983	1
6984	2
6985	1
6986	0
6987	0
6988	0
6989	1
6990	0
6991	0
6992	0
6993	1
6994	2
6995	0
6996	0
6997	1
6998	0
6999	0
7000	0
7001	1
7002	1
7003	1
7004	0
7005	0
7006	0
7007	0
7008	1
7009	0
7010	1
7011	0
7012	0
7013	2
7014	0
7015	0
7016	0
7017	1
7018	0
7019	0
7020	0
7021	0
7022	0
7023	0
7024	0
7025	0
7026	1
7027	0
7028	0
7029	1
7030	0
7031	2
7032	0
7033	2
7034	1
7035	0
7036	3
7037	1
7038	0
7039	0
7040	1
7041	0
7042	0
7043	1
7044	0
7045	0
7046	0
7047	0
7048	1
7049	0
7050	0
7051	1
7052	0
7053	0
7054	0
7055	0
7056	0
7057	1
7058	0
7059	0
7060	0
7061	1
7062	1
7063	2
7064	1
7065	0
7066	2
7067	0
7068	1
7069	0
7070	1
7071	0
7072	0
7073	0
7074	3
7075	1
7076	0
7077	1
7078	0
7079	0
7080	1
7081	0
7082	0
7083	0
7084	2
7085	0
7086	2
7087	0
7088	1
7089	0
7090	0
7091	0
7092	0
7093	2
7094	0
7095	0
7096	0
7097	1
7098	0
7099	0
7100	1
7101	0
7102	1
7103	0
7104	1
7105	1
7106	0
7107	0
7108	0
7109	1
7110	0
7111	2
7112	0
7113	0
7114	1
7115	1
7116	0
7117	0
7118	1
7119	0
7120	1
7121	1
7122	1
7123	0
7124	0
7125	1
7126	0
7127	0
7128	1
7129	0
7130	0
7131	1
7132	0
7133	0
7134	1
7135	0
7136	0
7137	1
7138	0
7139	0
7140	0
7141	1
7142	1
7143	0
7144	0
7145	1
7146	1
7147	1
7148	1
7149	0
7150	0
7151	0
7152	0
7153	1
7154	0
7155	0
7156	0
7157	2
7158	0
7159	0
7160	0
7161	0
7162	0
7163	0
7164	0
7165	1
7166	0
7167	1
7168	0
7169	0
7170	0
7171	0
7172	0
7173	0
7174	1
7175	2
7176	1
7177	0
7178	0
7179	0
7180	1
7181	0
7182	0
7183	0
7184	0
7185	0
7186	0
7187	0
7188	0
7189	1
7190	0
7191	0
7192	1
7193	0
7194	0
7195	0
7196	2
7197	0
7198	1
7199	0
7200	0
7201	1
7202	0
7203	0
7204	0
7205	0
7206	0
7207	0
7208	0
7209	0
7210	0
7211	2
7212	1
7213	0
7214	1
7215	0
7216	0
7217	0
7218	0
7219	0
7220	0
7221	2
7222	1
7223	1
7224	0
7225	0
7226	0
7227	0
7228	1
7229	0
7230	0
7231	0
7232	0
7233	0
7234	0
7235	0
7236	0
7237	0
7238	0
7239	1
7240	0
7241	1
7242	1
7243	0
7244	0
7245	0
7246	0
7247	0
7248	0
7249	0
7250	0
7251	1
7252	0
7253	0
7254	2
7255	1
7256	0
7257	0
7258	0
7259	0
7260	0
7261	1
7262	0
7263	0
7264	0
7265	0
7266	0
7267	0
7268	0
7269	0
7270	0
7271	1
7272	0
7273	0
7274	0
7275	0
7276	0
7277	0
7278	0
7279	0
7280	2
7281	0
7282	1
7283	0
7284	1
7285	0
7286	1
7287	0
7288	0
7289	0
7290	0
7291	0
7292	0
7293	1
7294	0
7295	0
7296	1
7297	0
7298	1
7299	1
7300	0
7301	0
7302	0
7303	0
7304	1
7305	0
7306	2
7307	0
7308	0
7309	0
7310	0
7311	0
7312	0
7313	1
7314	0
7315	0
7316	0
7317	0
7318	0
7319	0
7320	0
7321	1
7322	1
7323	0
7324	1
7325	0
7326	1
7327	0
7328	0
7329	0
7330	0
7331	0
7332	0
7333	0
7334	0
7335	0
7336	0
7337	3
7338	1
7339	1
7340	0
7341	1
7342	0
7343	2
7344	1
7345	0
7346	1
7347	0
7348	0
7349	2
7350	0
7351	0
7352	1
7353	0
7354	0
7355	0
7356	0
7357	0
7358	0
7359	1
7360	0
7361	0
7362	1
7363	1
7364	0
7365	1
7366	0
7367	1
7368	1
7369	0
7370	0
7371	0
7372	1
7373	0
7374	0
7375	0
7376	0
7377	0
7378	1
7379	0
7380	0
7381	0
7382	0
7383	0
7384	2
7385	0
7386	1
7387	0
7388	0
7389	0
7390	0
7391	0
7392	0
7393	0
7394	0
7395	0
7396	0
7397	0
7398	0
7399	0
7400	1
7401	0
7402	0
7403	0
7404	0
7405	2
7406	0
7407	0
7408	1
7409	0
7410	0
7411	0
7412	1
7413	0
7414	1
7415	0
7416	0
7417	1
7418	0
7419	1
7420	0
7421	0
7422	0
7423	0
7424	0
7425	0
7426	1
7427	0
7428	0
7429	0
7430	2
7431	0
7432	1
7433	0
7434	0
7435	1
7436	1
7437	0
7438	0
7439	1
7440	0
7441	0
7442	0
7443	2
7444	0
7445	0
7446	1
7447	1
7448	0
7449	1
7450	1
7451	0
7452	1
7453	0
7454	0
7455	0
7456	0
7457	1
7458	1
7459	1
7460	1
7461	0
7462	1
7463	0
7464	0
7465	0
7466	0
7467	1
7468	1
7469	0
7470	0
7471	2
7472	0
7473	1
7474	0
7475	1
7476	0
7477	0
7478	0
7479	0
7480	1
7481	1
7482	0
7483	0
7484	0
7485	0
7486	0
7487	0
7488	1
7489	1
7490	0
7491	0
7492	3
7493	1
7494	0
7495	0
7496	0
7497	0
7498	0
7499	0
7500	2
7501	1
7502	0
7503	1
7504	0
7505	0
7506	0
7507	0
7508	2
7509	1
7510	3
7511	0
7512	0
7513	0
7514	1
7515	1
7516	0
7517	0
7518	0
7519	1
7520	0
7521	1
7522	1
7523	2
7524	1
7525	1
7526	0
7527	2
7528	0
7529	0
7530	0
7531	1
7532	0
7533	0
7534	2
7535	0
7536	0
7537	1
7538	0
7539	0
7540	1
7541	0
7542	1
7543	0
7544	0
7545	0
7546	0
7547	0
7548	0
7549	0
7550	0
7551	0
7552	0
7553	1
7554	2
7555	0
7556	2
7557	1
7558	0
7559	0
7560	0
7561	1
7562	0
7563	0
7564	1
7565	0
7566	0
7567	1
7568	1
7569	0
7570	0
7571	0
7572	1
7573	0
7574	1
7575	0
7576	1
7577	1
7578	1
7579	1
7580	0
7581	0
7582	1
7583	1
7584	0
7585	1
7586	0
7587	0
7588	0
7589	1
7590	0
7591	0
7592	0
7593	0
7594	0
7595	0
7596	0
7597	1
7598	0
7599	0
7600	1
7601	0
7602	0
7603	0
7604	0
7605	0
7606	0
7607	1
7608	0
7609	0
7610	0
7611	0
7612	0
7613	0
7614	0
7615	0
7616	0
7617	0
7618	1
7619	0
7620	0
7621	0
7622	0
7623	0
7624	1
7625	0
7626	0
7627	1
7628	0
7629	1
7630	0
7631	2
7632	1
7633	1
7634	0
7635	1
7636	0
7637	0
7638	0
7639	2
7640	0
7641	0
7642	0
7643	0
7644	0
7645	0
7646	0
7647	1
7648	2
7649	0
7650	1
7651	0
7652	0
7653	0
7654	0
7655	2
7656	1
7657	0
7658	0
7659	2
7660	0
7661	1
7662	1
7663	1
7664	0
7665	0
7666	1
7667	1
7668	2
7669	0
7670	1
7671	0
7672	1
7673	0
7674	0
7675	0
7676	0
7677	1
7678	0
7679	2
7680	0
7681	1
7682	0
7683	0
7684	0
7685	0
7686	1
7687	0
7688	1
7689	0
7690	0
7691	1
7692	1
7693	0
7694	0
7695	0
7696	0
7697	0
7698	1
7699	0
7700	0
7701	1
7702	0
7703	0
7704	0
7705	0
7706	0
7707	1
7708	0
7709	0
7710	1
7711	1
7712	0
7713	0
7714	0
7715	2
7716	0
7717	0
7718	0
7719	1
7720	0
7721	0
7722	2
7723	0
7724	0
7725	1
7726	0
7727	1
7728	1
7729	0
7730	0
7731	1
7732	0
7733	0
7734	2
7735	0
7736	0
7737	1
7738	0
7739	0
7740	0
7741	0
7742	0
7743	0
7744	0
7745	1
7746	0
7747	0
7748	1
7749	1
7750	0
7751	0
7752	1
7753	0
7754	0
7755	0
7756	1
7757	0
7758	1
7759	2
7760	0
7761	0
7762	0
7763	1
7764	0
7765	1
7766	0
7767	0
7768	0
7769	0
7770	0
7771	0
7772	0
7773	0
7774	0
7775	1
7776	0
7777	0
7778	1
7779	0
7780	0
7781	0
7782	1
7783	2
7784	1
7785	0
7786	0
7787	0
7788	0
7789	0
7790	0
7791	1
7792	0
7793	0
7794	0
7795	0
7796	0
7797	0
7798	1
7799	0
7800	1
7801	1
7802	0
7803	1
7804	1
7805	0
7806	0
7807	0
7808	0
7809	0
7810	0
7811	1
7812	0
7813	2
7814	0
7815	1
7816	1
7817	0
7818	1
7819	1
7820	0
7821	1
7822	0
7823	2
7824	0
7825	0
7826	0
7827	0
7828	2
7829	0
7830	0
7831	0
7832	0
7833	0
7834	0
7835	0
7836	0
7837	0
7838	0
7839	0
7840	0
7841	0
7842	1
7843	0
7844	0
7845	0
7846	2
7847	0
7848	1
7849	0
7850	0
7851	0
7852	0
7853	1
7854	1
7855	1
7856	0
7857	0
7858	1
7859	0
7860	0
7861	1
7862	0
7863	0
7864	0
7865	1
7866	0
7867	0
7868	0
7869	1
7870	0
7871	0
7872	0
7873	0
7874	0
7875	0
7876	0
7877	1
7878	0
7879	0
7880	0
7881	1
7882	0
7883	0
7884	1
7885	1
7886	0
7887	1
7888	0
7889	0
7890	1
7891	0
7892	0
7893	1
7894	0
7895	0
7896	0
7897	0
7898	0
7899	0
7900	1
7901	1
7902	0
7903	0
7904	0
7905	0
7906	0
7907	0
7908	0
7909	1
7910	1
7911	0
7912	0
7913	1
7914	0
7915	0
7916	0
7917	1
7918	2
7919	0
7920	0
7921	0
7922	0
7923	1
7924	1
7925	0
7926	0
7927	0
7928	0
7929	0
7930	0
7931	1
7932	0
7933	0
7934	2
7935	1
7936	0
7937	0
7938	0
7939	1
7940	1
7941	1
7942	0
7943	0
7944	0
7945	1
7946	0
7947	0
7948	0
7949	0
7950	2
7951	1
7952	0
7953	0
7954	0
7955	0
7956	1
7957	0
7958	2
7959	0
7960	0
7961	2
7962	0
7963	2
7964	0
7965	0
7966	1
7967	1
7968	1
7969	0
7970	1
7971	0
7972	0
7973	1
7974	0
7975	0
7976	1
7977	0
7978	0
7979	0
7980	0
7981	0
7982	0
7983	0
7984	0
7985	1
7986	0
7987	0
7988	0
7989	0
7990	0
7991	0
7992	0
7993	0
7994	1
7995	1
7996	0
7997	0
7998	0
7999	0
8000	1
8001	0
8002	0
8003	1
8004	0
8005	0
8006	0
8007	1
8008	0
8009	1
8010	0
8011	0
8012	1
8013	0
8014	1
8015	0
8016	0
8017	0
8018	0
8019	1
8020	0
8021	0
8022	1
8023	0
8024	0
8025	0
8026	1
8027	0
8028	0
8029	0
8030	0
8031	1
8032	0
8033	0
8034	0
8035	0
8036	0
8037	0
8038	0
8039	0
8040	0
8041	1
8042	0
8043	0
8044	1
8045	2
8046	0
8047	1
8048	0
8049	1
8050	0
8051	0
8052	0
8053	0
8054	0
8055	0
8056	0
8057	1
8058	0
8059	0
8060	0
8061	0
8062	2
8063	0
8064	0
8065	1
8066	0
8067	0
8068	1
8069	1
8070	0
8071	1
8072	0
8073	0
8074	0
8075	0
8076	1
8077	0
8078	0
8079	1
8080	0
8081	0
8082	0
8083	0
8084	1
8085	0
8086	0
8087	0
8088	2
8089	0
8090	1
8091	0
8092	0
8093	1
8094	0
8095	0
8096	0
8097	0
8098	1
8099	1
8100	0
8101	0
8102	0
8103	0
8104	0
8105	1
8106	0
8107	1
8108	0
8109	0
8110	0
8111	0
8112	1
8113	1
8114	0
8115	0
8116	0
8117	0
8118	2
8119	1
8120	0
8121	0
8122	0
8123	0
8124	1
8125	0
8126	0
8127	0
8128	0
8129	0
8130	0
8131	2
8132	0
8133	0
8134	1
8135	0
8136	0
8137	0
8138	0
8139	0
8140	0
8141	0
8142	0
8143	0
8144	0
8145	0
8146	0
8147	0
8148	0
8149	0
8150	0
8151	0
8152	0
8153	0
8154	0
8155	0
8156	0
8157	0
8158	0
8159	0
8160	0
8161	0
8162	0
8163	0
8164	0
8165	0
8166	0
8167	0
8168	0
8169	0
8170	0
8171	0
8172	0
8173	0
8174	0
8175	0
8176	0
8177	0
8178	0
8179	0
8180	0
8181	0
8182	0
8183	0
8184	0
8185	0
8186	0
8187	0
8188	0
8189	0
8190	0
8191	0
