0	0
1	0
2	0
3	0
4	0
5	0
6	0
7	0
8	0
9	0
10	0
11	0
12	0
13	0
14	0
15	0
16	0
17	0
18	0
19	0
20	0
21	0
22	0
23	0
24	0
25	0
26	0
27	0
28	0
29	0
30	0
31	0
32	0
33	0
34	0
35	0
36	0
37	0
38	0
39	0
40	0
41	0
42	0
43	0
44	0
45	0
46	0
47	0
48	0
49	0
50	0
51	0
52	0
53	0
54	0
55	0
56	0
57	0
58	0
59	0
60	0
61	0
62	0
63	0
64	0
65	0
66	0
67	0
68	0
69	0
70	0
71	0
72	0
73	0
74	0
75	0
76	0
77	1
78	0
79	0
80	0
81	0
82	0
83	0
84	0
85	0
86	0
87	0
88	0
89	0
90	0
91	0
92	0
93	0
94	0
95	0
96	0
97	0
98	0
99	0
100	0
101	0
102	0
103	0
104	0
105	0
106	0
107	0
108	0
109	0
110	0
111	0
112	0
113	0
114	0
115	0
116	0
117	0
118	0
119	0
120	0
121	0
122	0
123	0
124	0
125	0
126	0
127	0
128	0
129	0
130	0
131	0
132	0
133	0
134	0
135	0
136	0
137	0
138	0
139	0
140	0
141	0
142	0
143	0
144	0
145	0
146	0
147	0
148	0
149	0
150	0
151	0
152	0
153	0
154	0
155	0
156	0
157	0
158	0
159	0
160	0
161	0
162	0
163	0
164	0
165	0
166	0
167	0
168	0
169	0
170	0
171	0
172	0
173	0
174	0
175	0
176	0
177	0
178	0
179	0
180	0
181	0
182	0
183	0
184	0
185	0
186	0
187	0
188	0
189	0
190	0
191	0
192	0
193	0
194	0
195	0
196	0
197	0
198	0
199	0
200	0
201	0
202	0
203	0
204	0
205	0
206	0
207	0
208	0
209	0
210	0
211	0
212	0
213	0
214	0
215	0
216	0
217	0
218	0
219	0
220	0
221	0
222	0
223	0
224	0
225	0
226	0
227	0
228	0
229	0
230	0
231	0
232	0
233	0
234	0
235	0
236	0
237	0
238	0
239	0
240	0
241	0
242	0
243	0
244	0
245	0
246	0
247	0
248	0
249	0
250	0
251	0
252	0
253	0
254	0
255	0
256	0
257	0
258	0
259	0
260	0
261	0
262	0
263	0
264	0
265	0
266	0
267	0
268	0
269	0
270	0
271	0
272	0
273	0
274	0
275	0
276	0
277	0
278	0
279	0
280	0
281	0
282	0
283	0
284	0
285	0
286	0
287	0
288	0
289	0
290	0
291	0
292	0
293	0
294	0
295	0
296	0
297	0
298	0
299	0
300	0
301	0
302	0
303	0
304	0
305	0
306	0
307	0
308	0
309	0
310	0
311	0
312	0
313	0
314	0
315	0
316	0
317	0
318	0
319	0
320	0
321	0
322	0
323	0
324	0
325	0
326	0
327	0
328	0
329	0
330	0
331	0
332	0
333	0
334	0
335	0
336	0
337	0
338	0
339	0
340	0
341	0
342	0
343	0
344	0
345	0
346	0
347	0
348	0
349	0
350	0
351	0
352	0
353	0
354	0
355	0
356	0
357	0
358	0
359	0
360	0
361	0
362	0
363	0
364	0
365	0
366	0
367	0
368	0
369	0
370	0
371	0
372	0
373	0
374	0
375	0
376	0
377	0
378	0
379	0
380	0
381	0
382	0
383	0
384	0
385	0
386	0
387	0
388	0
389	0
390	0
391	0
392	0
393	0
394	0
395	0
396	0
397	0
398	0
399	0
400	0
401	0
402	0
403	0
404	0
405	0
406	0
407	0
408	0
409	0
410	0
411	1
412	0
413	0
414	0
415	0
416	0
417	0
418	0
419	0
420	0
421	0
422	0
423	0
424	0
425	0
426	0
427	0
428	0
429	0
430	0
431	0
432	0
433	0
434	0
435	0
436	0
437	0
438	0
439	0
440	0
441	0
442	0
443	0
444	0
445	0
446	0
447	0
448	0
449	0
450	0
451	0
452	0
453	0
454	0
455	0
456	0
457	0
458	0
459	0
460	0
461	0
462	0
463	0
464	0
465	0
466	0
467	0
468	0
469	0
470	0
471	0
472	0
473	0
474	0
475	0
476	0
477	0
478	0
479	0
480	0
481	0
482	0
483	0
484	0
485	0
486	0
487	0
488	0
489	0
490	0
491	0
492	0
493	0
494	0
495	0
496	0
497	1
498	0
499	0
500	0
501	0
502	0
503	0
504	0
505	0
506	0
507	0
508	0
509	0
510	0
511	0
512	0
513	0
514	0
515	0
516	0
517	0
518	0
519	0
520	0
521	0
522	0
523	0
524	0
525	0
526	0
527	0
528	0
529	0
530	0
531	0
532	0
533	0
534	0
535	0
536	0
537	0
538	0
539	0
540	0
541	0
542	0
543	0
544	0
545	0
546	0
547	0
548	0
549	0
550	0
551	0
552	0
553	0
554	0
555	0
556	0
557	0
558	0
559	0
560	0
561	0
562	0
563	0
564	0
565	0
566	0
567	0
568	0
569	0
570	0
571	0
572	0
573	0
574	0
575	0
576	0
577	0
578	0
579	0
580	0
581	0
582	0
583	0
584	0
585	0
586	0
587	0
588	0
589	0
590	0
591	0
592	0
593	0
594	0
595	0
596	0
597	0
598	0
599	0
600	0
601	0
602	0
603	0
604	0
605	0
606	0
607	1
608	0
609	0
610	0
611	0
612	1
613	0
614	3
615	0
616	1
617	1
618	1
619	7
620	2
621	1
622	3
623	5
624	3
625	5
626	3
627	5
628	7
629	8
630	3
631	14
632	3
633	8
634	10
635	8
636	10
637	9
638	12
639	9
640	20
641	21
642	16
643	19
644	26
645	27
646	29
647	28
648	48
649	49
650	40
651	63
652	62
653	72
654	80
655	72
656	81
657	83
658	77
659	91
660	91
661	116
662	98
663	93
664	110
665	93
666	103
667	129
668	125
669	118
670	118
671	130
672	118
673	133
674	142
675	162
676	159
677	154
678	170
679	192
680	155
681	194
682	184
683	197
684	201
685	231
686	196
687	199
688	220
689	235
690	243
691	269
692	258
693	286
694	250
695	292
696	255
697	306
698	285
699	304
700	342
701	309
702	327
703	353
704	355
705	365
706	407
707	369
708	397
709	450
710	447
711	402
712	444
713	486
714	453
715	473
716	483
717	559
718	560
719	539
720	543
721	553
722	620
723	608
724	589
725	614
726	607
727	603
728	672
729	695
730	726
731	735
732	727
733	723
734	793
735	748
736	775
737	787
738	880
739	825
740	942
741	875
742	930
743	926
744	956
745	938
746	1009
747	1072
748	1068
749	1020
750	1078
751	1072
752	1076
753	1133
754	1175
755	1183
756	1212
757	1204
758	1279
759	1263
760	1281
761	1306
762	1320
763	1298
764	1360
765	1352
766	1392
767	1438
768	1476
769	1438
770	1446
771	1503
772	1557
773	1548
774	1495
775	1548
776	1647
777	1643
778	1587
779	1625
780	1713
781	1659
782	1633
783	1766
784	1720
785	1803
786	1832
787	1742
788	1833
789	1929
790	1812
791	1860
792	1891
793	1860
794	1873
795	1947
796	1869
797	1867
798	1901
799	1932
800	1846
801	1895
802	1942
803	1929
804	1941
805	2047
806	1928
807	1956
808	2032
809	1996
810	1952
811	2018
812	2043
813	2040
814	2000
815	1995
816	2018
817	2037
818	2006
819	2079
820	2047
821	2083
822	1959
823	1929
824	1973
825	2070
826	1977
827	1985
828	2035
829	2000
830	1899
831	1981
832	1956
833	1967
834	1947
835	1934
836	1917
837	1900
838	1917
839	1868
840	1866
841	1822
842	1875
843	1889
844	1885
845	1807
846	1823
847	1811
848	1797
849	1864
850	1822
851	1788
852	1753
853	1801
854	1711
855	1698
856	1694
857	1661
858	1668
859	1727
860	1660
861	1605
862	1614
863	1569
864	1651
865	1564
866	1540
867	1586
868	1538
869	1540
870	1548
871	1493
872	1479
873	1526
874	1547
875	1418
876	1417
877	1417
878	1405
879	1329
880	1340
881	1266
882	1313
883	1346
884	1361
885	1273
886	1283
887	1244
888	1222
889	1200
890	1217
891	1181
892	1192
893	1180
894	1134
895	1175
896	1115
897	1157
898	1080
899	1035
900	1053
901	1053
902	1019
903	1022
904	1066
905	965
906	970
907	984
908	941
909	921
910	951
911	998
912	938
913	891
914	888
915	847
916	918
917	839
918	837
919	825
920	833
921	783
922	757
923	786
924	799
925	729
926	750
927	731
928	708
929	707
930	719
931	696
932	697
933	665
934	669
935	615
936	623
937	623
938	640
939	614
940	608
941	598
942	619
943	620
944	605
945	617
946	524
947	580
948	578
949	532
950	541
951	519
952	580
953	552
954	481
955	556
956	532
957	490
958	505
959	529
960	471
961	457
962	438
963	521
964	459
965	471
966	457
967	435
968	439
969	439
970	406
971	397
972	394
973	445
974	401
975	392
976	367
977	369
978	312
979	404
980	365
981	382
982	393
983	345
984	354
985	316
986	328
987	371
988	324
989	376
990	337
991	309
992	314
993	315
994	306
995	301
996	301
997	291
998	297
999	268
1000	307
1001	267
1002	275
1003	287
1004	263
1005	280
1006	272
1007	270
1008	265
1009	258
1010	258
1011	260
1012	249
1013	243
1014	229
1015	242
1016	260
1017	234
1018	219
1019	229
1020	215
1021	231
1022	254
1023	223
1024	214
1025	231
1026	215
1027	246
1028	212
1029	238
1030	203
1031	210
1032	203
1033	200
1034	194
1035	211
1036	209
1037	186
1038	200
1039	215
1040	212
1041	174
1042	194
1043	166
1044	163
1045	185
1046	184
1047	178
1048	171
1049	166
1050	165
1051	163
1052	158
1053	172
1054	180
1055	186
1056	182
1057	136
1058	152
1059	152
1060	148
1061	156
1062	153
1063	136
1064	146
1065	148
1066	146
1067	152
1068	145
1069	143
1070	111
1071	139
1072	146
1073	128
1074	123
1075	125
1076	134
1077	140
1078	143
1079	125
1080	125
1081	144
1082	116
1083	110
1084	139
1085	126
1086	122
1087	130
1088	131
1089	110
1090	113
1091	90
1092	122
1093	126
1094	119
1095	121
1096	101
1097	97
1098	100
1099	108
1100	115
1101	109
1102	113
1103	108
1104	117
1105	108
1106	100
1107	102
1108	93
1109	87
1110	102
1111	96
1112	93
1113	90
1114	94
1115	109
1116	94
1117	84
1118	94
1119	93
1120	78
1121	72
1122	94
1123	97
1124	78
1125	82
1126	86
1127	93
1128	82
1129	79
1130	87
1131	92
1132	80
1133	91
1134	68
1135	86
1136	82
1137	79
1138	81
1139	73
1140	88
1141	73
1142	81
1143	67
1144	70
1145	82
1146	87
1147	72
1148	63
1149	67
1150	73
1151	73
1152	69
1153	60
1154	69
1155	69
1156	89
1157	73
1158	71
1159	50
1160	72
1161	70
1162	57
1163	67
1164	61
1165	71
1166	65
1167	61
1168	75
1169	61
1170	59
1171	79
1172	64
1173	63
1174	60
1175	63
1176	56
1177	69
1178	52
1179	63
1180	49
1181	61
1182	72
1183	57
1184	55
1185	52
1186	64
1187	56
1188	66
1189	60
1190	60
1191	51
1192	57
1193	74
1194	48
1195	51
1196	57
1197	65
1198	50
1199	54
1200	57
1201	57
1202	56
1203	45
1204	47
1205	45
1206	47
1207	60
1208	48
1209	51
1210	53
1211	40
1212	52
1213	45
1214	64
1215	35
1216	53
1217	50
1218	61
1219	46
1220	49
1221	44
1222	45
1223	42
1224	49
1225	39
1226	34
1227	36
1228	45
1229	54
1230	45
1231	39
1232	35
1233	41
1234	45
1235	40
1236	36
1237	38
1238	47
1239	42
1240	34
1241	51
1242	44
1243	49
1244	54
1245	46
1246	50
1247	42
1248	42
1249	49
1250	44
1251	41
1252	44
1253	40
1254	43
1255	31
1256	38
1257	39
1258	34
1259	39
1260	35
1261	42
1262	36
1263	41
1264	34
1265	49
1266	34
1267	38
1268	34
1269	32
1270	31
1271	46
1272	27
1273	35
1274	42
1275	26
1276	31
1277	43
1278	29
1279	33
1280	43
1281	42
1282	30
1283	40
1284	29
1285	33
1286	39
1287	39
1288	31
1289	45
1290	26
1291	29
1292	31
1293	21
1294	24
1295	33
1296	28
1297	36
1298	24
1299	41
1300	22
1301	16
1302	33
1303	38
1304	24
1305	28
1306	27
1307	28
1308	31
1309	39
1310	28
1311	27
1312	24
1313	32
1314	30
1315	32
1316	33
1317	26
1318	26
1319	31
1320	23
1321	29
1322	23
1323	27
1324	29
1325	30
1326	23
1327	26
1328	32
1329	24
1330	26
1331	21
1332	23
1333	26
1334	19
1335	28
1336	30
1337	30
1338	28
1339	21
1340	16
1341	21
1342	22
1343	28
1344	21
1345	19
1346	20
1347	22
1348	19
1349	21
1350	24
1351	26
1352	28
1353	24
1354	16
1355	21
1356	32
1357	28
1358	21
1359	29
1360	15
1361	21
1362	20
1363	19
1364	24
1365	25
1366	15
1367	23
1368	23
1369	22
1370	17
1371	21
1372	26
1373	21
1374	26
1375	23
1376	20
1377	21
1378	22
1379	25
1380	10
1381	21
1382	21
1383	16
1384	11
1385	16
1386	16
1387	21
1388	11
1389	21
1390	24
1391	13
1392	24
1393	14
1394	16
1395	13
1396	22
1397	22
1398	18
1399	24
1400	18
1401	19
1402	22
1403	20
1404	19
1405	16
1406	21
1407	25
1408	12
1409	25
1410	17
1411	17
1412	21
1413	19
1414	12
1415	20
1416	13
1417	16
1418	25
1419	15
1420	19
1421	20
1422	9
1423	13
1424	12
1425	17
1426	23
1427	19
1428	13
1429	12
1430	23
1431	19
1432	22
1433	17
1434	9
1435	6
1436	19
1437	17
1438	17
1439	7
1440	9
1441	16
1442	18
1443	14
1444	14
1445	18
1446	8
1447	14
1448	13
1449	15
1450	19
1451	16
1452	16
1453	15
1454	10
1455	20
1456	16
1457	12
1458	13
1459	11
1460	16
1461	17
1462	13
1463	9
1464	18
1465	15
1466	11
1467	12
1468	8
1469	13
1470	11
1471	16
1472	16
1473	10
1474	13
1475	18
1476	14
1477	10
1478	10
1479	12
1480	15
1481	9
1482	12
1483	15
1484	9
1485	15
1486	8
1487	9
1488	6
1489	7
1490	11
1491	10
1492	11
1493	11
1494	11
1495	15
1496	10
1497	9
1498	10
1499	10
1500	9
1501	13
1502	18
1503	13
1504	12
1505	17
1506	18
1507	11
1508	12
1509	7
1510	11
1511	11
1512	13
1513	14
1514	14
1515	12
1516	7
1517	13
1518	11
1519	11
1520	14
1521	16
1522	18
1523	9
1524	7
1525	7
1526	10
1527	9
1528	8
1529	10
1530	11
1531	6
1532	8
1533	15
1534	15
1535	6
1536	15
1537	9
1538	11
1539	10
1540	8
1541	6
1542	7
1543	5
1544	7
1545	14
1546	7
1547	8
1548	4
1549	13
1550	9
1551	8
1552	14
1553	8
1554	8
1555	14
1556	7
1557	10
1558	2
1559	7
1560	10
1561	10
1562	7
1563	6
1564	16
1565	9
1566	8
1567	3
1568	5
1569	5
1570	7
1571	9
1572	8
1573	15
1574	11
1575	6
1576	10
1577	13
1578	7
1579	7
1580	10
1581	8
1582	2
1583	11
1584	7
1585	7
1586	13
1587	7
1588	7
1589	8
1590	10
1591	5
1592	9
1593	5
1594	6
1595	12
1596	9
1597	7
1598	6
1599	7
1600	8
1601	7
1602	10
1603	8
1604	4
1605	4
1606	4
1607	8
1608	11
1609	4
1610	8
1611	3
1612	7
1613	9
1614	10
1615	12
1616	10
1617	8
1618	4
1619	11
1620	6
1621	10
1622	3
1623	8
1624	6
1625	6
1626	5
1627	10
1628	6
1629	7
1630	10
1631	6
1632	12
1633	7
1634	13
1635	6
1636	9
1637	9
1638	8
1639	6
1640	9
1641	5
1642	5
1643	12
1644	5
1645	5
1646	9
1647	7
1648	6
1649	9
1650	10
1651	11
1652	5
1653	4
1654	5
1655	6
1656	10
1657	6
1658	10
1659	4
1660	9
1661	5
1662	7
1663	3
1664	8
1665	4
1666	1
1667	2
1668	5
1669	3
1670	4
1671	7
1672	5
1673	10
1674	7
1675	5
1676	8
1677	8
1678	5
1679	6
1680	5
1681	7
1682	7
1683	7
1684	7
1685	9
1686	5
1687	7
1688	9
1689	0
1690	9
1691	6
1692	6
1693	8
1694	3
1695	2
1696	6
1697	6
1698	9
1699	11
1700	9
1701	6
1702	3
1703	6
1704	5
1705	7
1706	11
1707	5
1708	7
1709	4
1710	4
1711	3
1712	3
1713	11
1714	6
1715	2
1716	3
1717	8
1718	7
1719	2
1720	2
1721	6
1722	5
1723	4
1724	8
1725	3
1726	9
1727	2
1728	4
1729	6
1730	5
1731	10
1732	4
1733	6
1734	12
1735	2
1736	7
1737	9
1738	5
1739	4
1740	7
1741	3
1742	1
1743	3
1744	6
1745	8
1746	5
1747	4
1748	8
1749	8
1750	6
1751	3
1752	4
1753	6
1754	4
1755	3
1756	4
1757	10
1758	8
1759	6
1760	3
1761	5
1762	3
1763	4
1764	2
1765	2
1766	3
1767	2
1768	3
1769	2
1770	2
1771	3
1772	4
1773	3
1774	5
1775	2
1776	7
1777	5
1778	3
1779	9
1780	5
1781	4
1782	5
1783	2
1784	6
1785	5
1786	3
1787	5
1788	6
1789	5
1790	5
1791	3
1792	2
1793	3
1794	5
1795	2
1796	7
1797	6
1798	1
1799	6
1800	7
1801	2
1802	5
1803	5
1804	6
1805	4
1806	4
1807	3
1808	7
1809	1
1810	4
1811	2
1812	5
1813	2
1814	1
1815	2
1816	3
1817	6
1818	5
1819	1
1820	5
1821	2
1822	2
1823	3
1824	8
1825	4
1826	6
1827	8
1828	1
1829	5
1830	5
1831	1
1832	6
1833	3
1834	2
1835	4
1836	6
1837	1
1838	2
1839	1
1840	5
1841	3
1842	8
1843	2
1844	4
1845	2
1846	3
1847	4
1848	4
1849	5
1850	2
1851	0
1852	4
1853	2
1854	3
1855	3
1856	2
1857	0
1858	3
1859	2
1860	3
1861	5
1862	4
1863	3
1864	1
1865	1
1866	4
1867	5
1868	4
1869	6
1870	1
1871	2
1872	5
1873	1
1874	1
1875	4
1876	4
1877	6
1878	6
1879	4
1880	2
1881	4
1882	3
1883	4
1884	4
1885	4
1886	3
1887	6
1888	4
1889	3
1890	2
1891	1
1892	1
1893	4
1894	7
1895	2
1896	2
1897	2
1898	4
1899	2
1900	5
1901	2
1902	2
1903	2
1904	4
1905	4
1906	3
1907	1
1908	4
1909	1
1910	3
1911	1
1912	6
1913	1
1914	5
1915	0
1916	1
1917	1
1918	9
1919	1
1920	5
1921	0
1922	2
1923	2
1924	2
1925	3
1926	3
1927	2
1928	0
1929	2
1930	4
1931	6
1932	4
1933	0
1934	1
1935	1
1936	5
1937	3
1938	4
1939	1
1940	5
1941	3
1942	3
1943	4
1944	3
1945	5
1946	4
1947	2
1948	2
1949	3
1950	2
1951	0
1952	4
1953	1
1954	2
1955	2
1956	3
1957	2
1958	2
1959	5
1960	2
1961	1
1962	0
1963	1
1964	1
1965	1
1966	3
1967	2
1968	0
1969	1
1970	6
1971	4
1972	3
1973	0
1974	1
1975	4
1976	3
1977	1
1978	0
1979	4
1980	1
1981	2
1982	2
1983	1
1984	1
1985	2
1986	2
1987	2
1988	0
1989	3
1990	2
1991	6
1992	2
1993	1
1994	2
1995	0
1996	3
1997	3
1998	0
1999	6
2000	2
2001	3
2002	2
2003	3
2004	0
2005	1
2006	1
2007	2
2008	0
2009	3
2010	4
2011	4
2012	2
2013	4
2014	0
2015	3
2016	2
2017	0
2018	1
2019	1
2020	1
2021	1
2022	1
2023	3
2024	1
2025	3
2026	2
2027	1
2028	3
2029	0
2030	1
2031	0
2032	2
2033	1
2034	2
2035	2
2036	0
2037	0
2038	4
2039	3
2040	1
2041	1
2042	3
2043	3
2044	1
2045	2
2046	2
2047	2
2048	2
2049	2
2050	6
2051	0
2052	2
2053	0
2054	2
2055	1
2056	0
2057	3
2058	3
2059	1
2060	4
2061	1
2062	1
2063	2
2064	2
2065	1
2066	1
2067	1
2068	2
2069	1
2070	1
2071	0
2072	3
2073	1
2074	2
2075	1
2076	1
2077	3
2078	0
2079	6
2080	0
2081	4
2082	2
2083	2
2084	0
2085	1
2086	1
2087	3
2088	3
2089	7
2090	0
2091	2
2092	1
2093	0
2094	0
2095	1
2096	3
2097	4
2098	1
2099	2
2100	3
2101	3
2102	2
2103	2
2104	0
2105	0
2106	1
2107	1
2108	3
2109	3
2110	3
2111	0
2112	3
2113	3
2114	1
2115	0
2116	3
2117	4
2118	0
2119	2
2120	1
2121	2
2122	2
2123	1
2124	4
2125	2
2126	0
2127	2
2128	1
2129	3
2130	2
2131	0
2132	3
2133	2
2134	2
2135	1
2136	2
2137	1
2138	1
2139	1
2140	2
2141	1
2142	2
2143	1
2144	0
2145	0
2146	1
2147	0
2148	1
2149	2
2150	3
2151	2
2152	1
2153	2
2154	2
2155	2
2156	1
2157	4
2158	2
2159	3
2160	5
2161	0
2162	3
2163	3
2164	2
2165	1
2166	0
2167	0
2168	3
2169	3
2170	2
2171	1
2172	1
2173	1
2174	1
2175	2
2176	1
2177	0
2178	3
2179	1
2180	0
2181	1
2182	1
2183	3
2184	5
2185	0
2186	2
2187	2
2188	0
2189	0
2190	1
2191	3
2192	1
2193	2
2194	4
2195	0
2196	2
2197	2
2198	1
2199	0
2200	0
2201	1
2202	1
2203	0
2204	1
2205	1
2206	0
2207	1
2208	1
2209	2
2210	2
2211	2
2212	3
2213	2
2214	4
2215	2
2216	2
2217	2
2218	2
2219	3
2220	2
2221	0
2222	2
2223	0
2224	1
2225	1
2226	1
2227	2
2228	1
2229	1
2230	1
2231	1
2232	1
2233	0
2234	2
2235	1
2236	2
2237	2
2238	1
2239	2
2240	2
2241	2
2242	2
2243	1
2244	2
2245	1
2246	0
2247	1
2248	0
2249	0
2250	0
2251	4
2252	2
2253	2
2254	1
2255	2
2256	1
2257	2
2258	1
2259	1
2260	3
2261	1
2262	0
2263	1
2264	1
2265	2
2266	2
2267	1
2268	4
2269	5
2270	0
2271	4
2272	0
2273	3
2274	1
2275	1
2276	4
2277	0
2278	1
2279	1
2280	0
2281	0
2282	0
2283	4
2284	1
2285	2
2286	0
2287	0
2288	0
2289	0
2290	2
2291	1
2292	0
2293	0
2294	0
2295	0
2296	2
2297	2
2298	0
2299	2
2300	1
2301	0
2302	0
2303	1
2304	2
2305	4
2306	0
2307	2
2308	3
2309	4
2310	1
2311	0
2312	2
2313	2
2314	2
2315	3
2316	0
2317	1
2318	0
2319	0
2320	1
2321	0
2322	2
2323	2
2324	2
2325	1
2326	0
2327	2
2328	2
2329	4
2330	1
2331	1
2332	1
2333	0
2334	0
2335	1
2336	1
2337	0
2338	3
2339	2
2340	1
2341	0
2342	0
2343	1
2344	1
2345	2
2346	1
2347	1
2348	3
2349	0
2350	2
2351	0
2352	2
2353	0
2354	0
2355	2
2356	1
2357	0
2358	0
2359	3
2360	2
2361	3
2362	0
2363	1
2364	0
2365	0
2366	1
2367	2
2368	0
2369	0
2370	0
2371	2
2372	2
2373	1
2374	0
2375	2
2376	0
2377	1
2378	1
2379	4
2380	3
2381	0
2382	0
2383	1
2384	3
2385	0
2386	5
2387	1
2388	0
2389	1
2390	3
2391	1
2392	1
2393	1
2394	1
2395	0
2396	3
2397	0
2398	0
2399	0
2400	0
2401	0
2402	2
2403	1
2404	2
2405	1
2406	0
2407	0
2408	0
2409	4
2410	0
2411	4
2412	0
2413	0
2414	0
2415	2
2416	1
2417	2
2418	1
2419	1
2420	0
2421	0
2422	1
2423	2
2424	0
2425	1
2426	1
2427	1
2428	0
2429	3
2430	1
2431	3
2432	2
2433	4
2434	3
2435	1
2436	1
2437	3
2438	0
2439	2
2440	1
2441	0
2442	2
2443	1
2444	0
2445	0
2446	0
2447	1
2448	1
2449	2
2450	0
2451	1
2452	0
2453	0
2454	0
2455	0
2456	1
2457	0
2458	0
2459	3
2460	0
2461	0
2462	1
2463	2
2464	0
2465	1
2466	0
2467	1
2468	2
2469	1
2470	1
2471	0
2472	0
2473	2
2474	0
2475	2
2476	1
2477	0
2478	2
2479	1
2480	2
2481	3
2482	1
2483	0
2484	0
2485	2
2486	2
2487	2
2488	3
2489	1
2490	3
2491	0
2492	0
2493	1
2494	1
2495	2
2496	3
2497	3
2498	2
2499	0
2500	1
2501	1
2502	1
2503	2
2504	0
2505	0
2506	0
2507	2
2508	0
2509	0
2510	0
2511	0
2512	0
2513	1
2514	1
2515	0
2516	1
2517	1
2518	1
2519	0
2520	2
2521	0
2522	0
2523	2
2524	0
2525	4
2526	0
2527	1
2528	2
2529	3
2530	2
2531	0
2532	0
2533	0
2534	0
2535	1
2536	0
2537	2
2538	1
2539	0
2540	0
2541	1
2542	1
2543	3
2544	1
2545	0
2546	1
2547	1
2548	1
2549	2
2550	1
2551	1
2552	0
2553	1
2554	3
2555	0
2556	0
2557	0
2558	0
2559	2
2560	3
2561	1
2562	2
2563	1
2564	0
2565	0
2566	1
2567	1
2568	0
2569	2
2570	1
2571	1
2572	0
2573	0
2574	0
2575	0
2576	0
2577	2
2578	0
2579	1
2580	0
2581	0
2582	1
2583	1
2584	2
2585	0
2586	0
2587	2
2588	1
2589	1
2590	0
2591	0
2592	0
2593	1
2594	1
2595	1
2596	0
2597	3
2598	0
2599	0
2600	3
2601	1
2602	2
2603	1
2604	0
2605	0
2606	1
2607	1
2608	0
2609	1
2610	0
2611	1
2612	0
2613	1
2614	0
2615	3
2616	1
2617	0
2618	0
2619	0
2620	0
2621	1
2622	1
2623	2
2624	0
2625	0
2626	0
2627	1
2628	2
2629	3
2630	2
2631	0
2632	2
2633	1
2634	2
2635	2
2636	3
2637	1
2638	0
2639	1
2640	1
2641	1
2642	0
2643	0
2644	0
2645	1
2646	1
2647	0
2648	0
2649	3
2650	1
2651	1
2652	2
2653	0
2654	0
2655	0
2656	1
2657	0
2658	0
2659	0
2660	1
2661	0
2662	0
2663	0
2664	4
2665	1
2666	1
2667	0
2668	1
2669	1
2670	4
2671	1
2672	1
2673	0
2674	3
2675	0
2676	2
2677	1
2678	0
2679	1
2680	0
2681	1
2682	2
2683	0
2684	0
2685	1
2686	1
2687	0
2688	1
2689	1
2690	2
2691	0
2692	0
2693	0
2694	2
2695	1
2696	2
2697	1
2698	2
2699	0
2700	2
2701	2
2702	2
2703	0
2704	0
2705	0
2706	0
2707	1
2708	0
2709	3
2710	1
2711	1
2712	1
2713	0
2714	0
2715	1
2716	0
2717	0
2718	0
2719	1
2720	0
2721	0
2722	3
2723	2
2724	5
2725	1
2726	0
2727	0
2728	3
2729	1
2730	2
2731	1
2732	0
2733	1
2734	0
2735	1
2736	0
2737	0
2738	1
2739	0
2740	0
2741	0
2742	0
2743	1
2744	1
2745	1
2746	0
2747	1
2748	0
2749	2
2750	1
2751	1
2752	1
2753	2
2754	3
2755	1
2756	1
2757	0
2758	1
2759	1
2760	3
2761	0
2762	1
2763	0
2764	0
2765	1
2766	2
2767	1
2768	0
2769	0
2770	0
2771	1
2772	4
2773	0
2774	0
2775	0
2776	0
2777	0
2778	1
2779	0
2780	3
2781	1
2782	1
2783	1
2784	1
2785	0
2786	2
2787	1
2788	4
2789	1
2790	1
2791	3
2792	2
2793	0
2794	0
2795	1
2796	0
2797	0
2798	0
2799	1
2800	0
2801	0
2802	3
2803	3
2804	0
2805	1
2806	1
2807	2
2808	2
2809	0
2810	0
2811	0
2812	0
2813	1
2814	0
2815	2
2816	1
2817	0
2818	0
2819	1
2820	1
2821	0
2822	0
2823	1
2824	2
2825	1
2826	0
2827	1
2828	1
2829	1
2830	0
2831	1
2832	0
2833	2
2834	1
2835	0
2836	0
2837	1
2838	2
2839	2
2840	0
2841	0
2842	1
2843	1
2844	1
2845	0
2846	0
2847	2
2848	2
2849	1
2850	1
2851	0
2852	1
2853	1
2854	0
2855	1
2856	1
2857	1
2858	1
2859	0
2860	1
2861	0
2862	0
2863	1
2864	1
2865	0
2866	1
2867	1
2868	1
2869	3
2870	0
2871	0
2872	1
2873	1
2874	1
2875	2
2876	0
2877	0
2878	0
2879	0
2880	0
2881	0
2882	0
2883	0
2884	1
2885	1
2886	0
2887	0
2888	0
2889	0
2890	1
2891	4
2892	1
2893	1
2894	3
2895	1
2896	0
2897	0
2898	0
2899	2
2900	2
2901	0
2902	1
2903	1
2904	0
2905	1
2906	1
2907	2
2908	1
2909	1
2910	0
2911	0
2912	0
2913	0
2914	0
2915	1
2916	0
2917	2
2918	0
2919	1
2920	0
2921	1
2922	0
2923	1
2924	0
2925	0
2926	1
2927	0
2928	0
2929	0
2930	1
2931	0
2932	0
2933	0
2934	0
2935	1
2936	0
2937	0
2938	1
2939	1
2940	1
2941	2
2942	1
2943	0
2944	0
2945	0
2946	1
2947	0
2948	1
2949	0
2950	2
2951	2
2952	3
2953	1
2954	2
2955	0
2956	2
2957	0
2958	0
2959	0
2960	2
2961	1
2962	0
2963	0
2964	0
2965	1
2966	1
2967	0
2968	2
2969	1
2970	1
2971	2
2972	0
2973	0
2974	0
2975	0
2976	1
2977	1
2978	0
2979	3
2980	1
2981	1
2982	1
2983	0
2984	0
2985	0
2986	0
2987	0
2988	1
2989	1
2990	0
2991	0
2992	1
2993	1
2994	1
2995	1
2996	1
2997	2
2998	2
2999	0
3000	1
3001	1
3002	0
3003	0
3004	1
3005	0
3006	0
3007	0
3008	0
3009	1
3010	0
3011	0
3012	1
3013	0
3014	0
3015	0
3016	0
3017	1
3018	0
3019	0
3020	2
3021	0
3022	2
3023	1
3024	0
3025	1
3026	0
3027	0
3028	1
3029	1
3030	1
3031	2
3032	1
3033	1
3034	1
3035	0
3036	0
3037	1
3038	1
3039	1
3040	2
3041	1
3042	2
3043	1
3044	1
3045	0
3046	0
3047	0
3048	1
3049	0
3050	0
3051	1
3052	2
3053	0
3054	2
3055	1
3056	0
3057	0
3058	1
3059	0
3060	0
3061	0
3062	1
3063	3
3064	2
3065	0
3066	0
3067	1
3068	1
3069	1
3070	0
3071	1
3072	0
3073	0
3074	0
3075	0
3076	1
3077	1
3078	2
3079	1
3080	0
3081	3
3082	2
3083	0
3084	1
3085	3
3086	0
3087	1
3088	0
3089	0
3090	2
3091	1
3092	0
3093	0
3094	1
3095	0
3096	3
3097	0
3098	2
3099	2
3100	1
3101	2
3102	1
3103	1
3104	1
3105	2
3106	1
3107	1
3108	2
3109	3
3110	0
3111	0
3112	0
3113	2
3114	1
3115	1
3116	0
3117	0
3118	0
3119	0
3120	1
3121	0
3122	0
3123	0
3124	0
3125	0
3126	0
3127	1
3128	1
3129	2
3130	0
3131	1
3132	1
3133	1
3134	2
3135	2
3136	1
3137	1
3138	0
3139	0
3140	0
3141	1
3142	1
3143	1
3144	1
3145	0
3146	1
3147	0
3148	1
3149	0
3150	3
3151	0
3152	0
3153	1
3154	0
3155	2
3156	1
3157	1
3158	1
3159	1
3160	2
3161	0
3162	1
3163	0
3164	1
3165	0
3166	1
3167	0
3168	0
3169	1
3170	0
3171	0
3172	1
3173	1
3174	0
3175	3
3176	2
3177	0
3178	1
3179	1
3180	1
3181	0
3182	1
3183	1
3184	0
3185	1
3186	2
3187	0
3188	1
3189	1
3190	0
3191	0
3192	0
3193	2
3194	0
3195	2
3196	1
3197	0
3198	0
3199	0
3200	2
3201	1
3202	0
3203	0
3204	0
3205	0
3206	1
3207	1
3208	2
3209	0
3210	0
3211	2
3212	1
3213	1
3214	1
3215	0
3216	0
3217	2
3218	0
3219	0
3220	0
3221	2
3222	1
3223	1
3224	1
3225	1
3226	1
3227	0
3228	1
3229	0
3230	2
3231	1
3232	1
3233	1
3234	1
3235	0
3236	0
3237	0
3238	1
3239	0
3240	0
3241	1
3242	1
3243	1
3244	0
3245	0
3246	0
3247	1
3248	0
3249	0
3250	3
3251	1
3252	1
3253	1
3254	1
3255	1
3256	1
3257	1
3258	1
3259	1
3260	0
3261	0
3262	0
3263	0
3264	0
3265	2
3266	2
3267	0
3268	1
3269	0
3270	0
3271	0
3272	0
3273	1
3274	0
3275	0
3276	3
3277	0
3278	1
3279	0
3280	2
3281	1
3282	2
3283	1
3284	2
3285	1
3286	1
3287	0
3288	2
3289	1
3290	0
3291	0
3292	0
3293	0
3294	0
3295	0
3296	0
3297	1
3298	0
3299	0
3300	1
3301	1
3302	0
3303	0
3304	0
3305	0
3306	0
3307	3
3308	0
3309	0
3310	0
3311	1
3312	0
3313	0
3314	1
3315	0
3316	0
3317	1
3318	0
3319	0
3320	0
3321	0
3322	1
3323	1
3324	2
3325	1
3326	0
3327	1
3328	0
3329	1
3330	2
3331	1
3332	1
3333	0
3334	1
3335	0
3336	1
3337	1
3338	0
3339	1
3340	1
3341	2
3342	0
3343	2
3344	0
3345	3
3346	0
3347	0
3348	0
3349	1
3350	1
3351	1
3352	0
3353	0
3354	0
3355	1
3356	1
3357	1
3358	1
3359	0
3360	0
3361	1
3362	0
3363	0
3364	0
3365	0
3366	1
3367	0
3368	4
3369	0
3370	1
3371	0
3372	0
3373	0
3374	1
3375	0
3376	0
3377	1
3378	0
3379	0
3380	0
3381	1
3382	2
3383	0
3384	0
3385	1
3386	2
3387	0
3388	0
3389	1
3390	1
3391	2
3392	0
3393	2
3394	2
3395	1
3396	0
3397	1
3398	1
3399	1
3400	3
3401	0
3402	2
3403	0
3404	1
3405	0
3406	0
3407	1
3408	1
3409	2
3410	1
3411	0
3412	0
3413	1
3414	0
3415	1
3416	1
3417	2
3418	1
3419	2
3420	0
3421	0
3422	1
3423	1
3424	1
3425	0
3426	1
3427	0
3428	0
3429	3
3430	1
3431	0
3432	0
3433	1
3434	1
3435	2
3436	2
3437	0
3438	0
3439	1
3440	0
3441	2
3442	1
3443	0
3444	0
3445	1
3446	0
3447	1
3448	1
3449	1
3450	0
3451	2
3452	0
3453	1
3454	1
3455	1
3456	1
3457	1
3458	0
3459	1
3460	0
3461	0
3462	0
3463	1
3464	0
3465	1
3466	0
3467	0
3468	0
3469	0
3470	1
3471	0
3472	3
3473	1
3474	3
3475	0
3476	1
3477	1
3478	1
3479	1
3480	0
3481	0
3482	1
3483	1
3484	0
3485	1
3486	0
3487	3
3488	1
3489	1
3490	1
3491	0
3492	1
3493	1
3494	1
3495	0
3496	0
3497	0
3498	1
3499	0
3500	3
3501	0
3502	0
3503	0
3504	1
3505	0
3506	1
3507	1
3508	0
3509	0
3510	0
3511	2
3512	0
3513	1
3514	0
3515	4
3516	0
3517	1
3518	0
3519	0
3520	0
3521	1
3522	1
3523	1
3524	0
3525	0
3526	1
3527	0
3528	0
3529	2
3530	0
3531	0
3532	0
3533	0
3534	0
3535	0
3536	1
3537	2
3538	1
3539	1
3540	0
3541	0
3542	2
3543	2
3544	2
3545	1
3546	0
3547	1
3548	1
3549	1
3550	1
3551	1
3552	0
3553	0
3554	0
3555	0
3556	0
3557	0
3558	0
3559	0
3560	1
3561	1
3562	0
3563	0
3564	0
3565	0
3566	0
3567	1
3568	0
3569	1
3570	0
3571	2
3572	0
3573	1
3574	0
3575	1
3576	0
3577	1
3578	1
3579	2
3580	2
3581	2
3582	0
3583	0
3584	1
3585	0
3586	0
3587	0
3588	0
3589	1
3590	0
3591	1
3592	0
3593	0
3594	1
3595	0
3596	1
3597	0
3598	2
3599	1
3600	2
3601	0
3602	0
3603	1
3604	0
3605	0
3606	3
3607	0
3608	0
3609	0
3610	1
3611	1
3612	0
3613	1
3614	0
3615	0
3616	2
3617	1
3618	1
3619	1
3620	1
3621	0
3622	0
3623	0
3624	0
3625	2
3626	0
3627	0
3628	1
3629	2
3630	1
3631	1
3632	0
3633	0
3634	1
3635	1
3636	1
3637	3
3638	0
3639	1
3640	0
3641	1
3642	0
3643	1
3644	0
3645	0
3646	2
3647	0
3648	1
3649	0
3650	1
3651	1
3652	1
3653	0
3654	0
3655	0
3656	1
3657	2
3658	1
3659	1
3660	1
3661	1
3662	1
3663	0
3664	1
3665	1
3666	0
3667	2
3668	1
3669	0
3670	2
3671	1
3672	0
3673	1
3674	0
3675	1
3676	1
3677	1
3678	0
3679	2
3680	0
3681	0
3682	0
3683	0
3684	0
3685	1
3686	0
3687	1
3688	0
3689	1
3690	0
3691	0
3692	2
3693	1
3694	0
3695	0
3696	0
3697	0
3698	1
3699	0
3700	0
3701	0
3702	2
3703	1
3704	0
3705	1
3706	0
3707	0
3708	1
3709	2
3710	1
3711	0
3712	1
3713	0
3714	1
3715	2
3716	1
3717	1
3718	1
3719	2
3720	2
3721	0
3722	0
3723	1
3724	0
3725	0
3726	0
3727	1
3728	1
3729	2
3730	1
3731	0
3732	2
3733	0
3734	0
3735	1
3736	1
3737	0
3738	1
3739	0
3740	2
3741	1
3742	0
3743	1
3744	1
3745	1
3746	0
3747	0
3748	1
3749	0
3750	1
3751	0
3752	0
3753	0
3754	1
3755	1
3756	0
3757	0
3758	1
3759	0
3760	2
3761	1
3762	1
3763	1
3764	2
3765	2
3766	0
3767	1
3768	1
3769	0
3770	0
3771	1
3772	2
3773	3
3774	0
3775	0
3776	0
3777	0
3778	1
3779	0
3780	0
3781	1
3782	1
3783	1
3784	0
3785	0
3786	3
3787	0
3788	1
3789	0
3790	1
3791	1
3792	1
3793	0
3794	0
3795	1
3796	0
3797	1
3798	1
3799	1
3800	1
3801	1
3802	1
3803	0
3804	0
3805	0
3806	1
3807	0
3808	0
3809	1
3810	0
3811	1
3812	1
3813	0
3814	0
3815	2
3816	0
3817	0
3818	2
3819	1
3820	0
3821	0
3822	1
3823	1
3824	1
3825	1
3826	1
3827	0
3828	0
3829	0
3830	0
3831	1
3832	2
3833	1
3834	1
3835	0
3836	1
3837	0
3838	2
3839	1
3840	0
3841	0
3842	0
3843	1
3844	0
3845	1
3846	0
3847	1
3848	1
3849	0
3850	0
3851	1
3852	0
3853	1
3854	2
3855	1
3856	0
3857	0
3858	1
3859	0
3860	0
3861	0
3862	0
3863	0
3864	1
3865	0
3866	0
3867	0
3868	1
3869	1
3870	1
3871	0
3872	2
3873	1
3874	0
3875	0
3876	0
3877	1
3878	0
3879	0
3880	0
3881	3
3882	1
3883	1
3884	0
3885	0
3886	0
3887	0
3888	1
3889	0
3890	0
3891	0
3892	1
3893	0
3894	0
3895	0
3896	2
3897	1
3898	2
3899	0
3900	0
3901	1
3902	1
3903	0
3904	2
3905	0
3906	2
3907	0
3908	0
3909	0
3910	0
3911	2
3912	0
3913	3
3914	1
3915	0
3916	0
3917	0
3918	3
3919	0
3920	0
3921	1
3922	0
3923	1
3924	1
3925	0
3926	2
3927	0
3928	1
3929	0
3930	1
3931	0
3932	1
3933	2
3934	0
3935	2
3936	1
3937	1
3938	0
3939	1
3940	1
3941	1
3942	1
3943	0
3944	0
3945	0
3946	1
3947	1
3948	0
3949	0
3950	0
3951	0
3952	1
3953	0
3954	1
3955	0
3956	0
3957	2
3958	1
3959	0
3960	1
3961	1
3962	0
3963	0
3964	0
3965	1
3966	1
3967	0
3968	1
3969	1
3970	2
3971	4
3972	0
3973	0
3974	0
3975	0
3976	1
3977	0
3978	1
3979	0
3980	1
3981	0
3982	3
3983	0
3984	0
3985	0
3986	1
3987	0
3988	0
3989	1
3990	0
3991	2
3992	0
3993	0
3994	0
3995	0
3996	2
3997	1
3998	0
3999	1
4000	1
4001	0
4002	1
4003	1
4004	2
4005	0
4006	1
4007	0
4008	0
4009	0
4010	1
4011	0
4012	1
4013	2
4014	0
4015	1
4016	1
4017	0
4018	0
4019	1
4020	1
4021	1
4022	1
4023	0
4024	1
4025	2
4026	0
4027	0
4028	0
4029	1
4030	1
4031	0
4032	1
4033	0
4034	1
4035	0
4036	0
4037	2
4038	0
4039	1
4040	0
4041	1
4042	1
4043	1
4044	0
4045	1
4046	0
4047	1
4048	0
4049	0
4050	1
4051	0
4052	2
4053	0
4054	0
4055	0
4056	0
4057	1
4058	1
4059	0
4060	1
4061	2
4062	0
4063	1
4064	0
4065	0
4066	1
4067	0
4068	0
4069	0
4070	0
4071	2
4072	2
4073	0
4074	0
4075	1
4076	2
4077	3
4078	1
4079	0
4080	0
4081	1
4082	1
4083	1
4084	0
4085	2
4086	0
4087	0
4088	1
4089	0
4090	0
4091	1
4092	0
4093	0
4094	0
4095	0
4096	0
4097	1
4098	0
4099	1
4100	0
4101	2
4102	0
4103	1
4104	0
4105	1
4106	2
4107	1
4108	0
4109	2
4110	1
4111	1
4112	0
4113	0
4114	0
4115	1
4116	0
4117	0
4118	2
4119	0
4120	1
4121	1
4122	0
4123	0
4124	1
4125	1
4126	1
4127	1
4128	3
4129	1
4130	0
4131	0
4132	0
4133	1
4134	1
4135	1
4136	0
4137	2
4138	0
4139	0
4140	1
4141	1
4142	2
4143	1
4144	0
4145	0
4146	1
4147	1
4148	1
4149	0
4150	0
4151	0
4152	1
4153	0
4154	1
4155	0
4156	0
4157	1
4158	0
4159	0
4160	0
4161	0
4162	1
4163	2
4164	0
4165	0
4166	0
4167	0
4168	2
4169	1
4170	1
4171	1
4172	0
4173	1
4174	1
4175	1
4176	1
4177	0
4178	0
4179	1
4180	1
4181	0
4182	0
4183	0
4184	1
4185	2
4186	0
4187	3
4188	1
4189	0
4190	0
4191	0
4192	0
4193	0
4194	1
4195	1
4196	1
4197	1
4198	0
4199	0
4200	0
4201	1
4202	1
4203	2
4204	0
4205	1
4206	0
4207	1
4208	0
4209	3
4210	0
4211	1
4212	1
4213	0
4214	0
4215	1
4216	0
4217	1
4218	0
4219	1
4220	0
4221	0
4222	0
4223	0
4224	2
4225	0
4226	0
4227	1
4228	0
4229	1
4230	0
4231	1
4232	0
4233	0
4234	0
4235	1
4236	1
4237	0
4238	1
4239	0
4240	1
4241	0
4242	1
4243	0
4244	0
4245	0
4246	0
4247	1
4248	2
4249	1
4250	0
4251	1
4252	1
4253	3
4254	1
4255	0
4256	0
4257	0
4258	1
4259	0
4260	0
4261	0
4262	2
4263	0
4264	1
4265	1
4266	2
4267	1
4268	0
4269	0
4270	0
4271	0
4272	1
4273	1
4274	2
4275	3
4276	1
4277	0
4278	0
4279	0
4280	2
4281	1
4282	0
4283	1
4284	0
4285	1
4286	2
4287	2
4288	0
4289	2
4290	0
4291	0
4292	0
4293	0
4294	1
4295	1
4296	1
4297	0
4298	1
4299	1
4300	0
4301	0
4302	1
4303	2
4304	1
4305	0
4306	0
4307	0
4308	1
4309	0
4310	0
4311	0
4312	1
4313	0
4314	0
4315	1
4316	0
4317	0
4318	1
4319	1
4320	0
4321	2
4322	0
4323	2
4324	1
4325	1
4326	0
4327	2
4328	1
4329	1
4330	1
4331	0
4332	0
4333	0
4334	0
4335	0
4336	1
4337	1
4338	1
4339	1
4340	2
4341	1
4342	0
4343	3
4344	2
4345	2
4346	0
4347	0
4348	0
4349	0
4350	0
4351	0
4352	0
4353	0
4354	0
4355	0
4356	0
4357	0
4358	1
4359	0
4360	0
4361	1
4362	2
4363	0
4364	0
4365	0
4366	1
4367	0
4368	0
4369	0
4370	1
4371	0
4372	1
4373	1
4374	0
4375	3
4376	0
4377	2
4378	0
4379	1
4380	1
4381	0
4382	1
4383	0
4384	0
4385	0
4386	1
4387	0
4388	2
4389	2
4390	1
4391	0
4392	0
4393	0
4394	2
4395	0
4396	2
4397	0
4398	1
4399	1
4400	0
4401	3
4402	0
4403	0
4404	1
4405	2
4406	0
4407	0
4408	1
4409	0
4410	1
4411	1
4412	0
4413	0
4414	3
4415	0
4416	0
4417	1
4418	1
4419	1
4420	1
4421	0
4422	1
4423	1
4424	0
4425	0
4426	0
4427	0
4428	0
4429	0
4430	0
4431	0
4432	0
4433	0
4434	0
4435	1
4436	2
4437	1
4438	0
4439	0
4440	1
4441	0
4442	0
4443	0
4444	1
4445	0
4446	1
4447	1
4448	0
4449	1
4450	1
4451	0
4452	0
4453	1
4454	0
4455	0
4456	1
4457	1
4458	0
4459	0
4460	0
4461	0
4462	0
4463	0
4464	0
4465	0
4466	0
4467	0
4468	1
4469	0
4470	0
4471	1
4472	0
4473	0
4474	3
4475	0
4476	1
4477	0
4478	2
4479	1
4480	1
4481	0
4482	0
4483	2
4484	0
4485	0
4486	1
4487	2
4488	0
4489	0
4490	1
4491	0
4492	2
4493	1
4494	0
4495	0
4496	0
4497	1
4498	0
4499	0
4500	1
4501	1
4502	0
4503	0
4504	0
4505	0
4506	1
4507	0
4508	0
4509	0
4510	0
4511	0
4512	1
4513	0
4514	1
4515	0
4516	0
4517	1
4518	0
4519	0
4520	0
4521	0
4522	2
4523	0
4524	1
4525	0
4526	1
4527	0
4528	0
4529	0
4530	1
4531	0
4532	0
4533	1
4534	0
4535	2
4536	0
4537	0
4538	2
4539	0
4540	0
4541	0
4542	0
4543	0
4544	1
4545	0
4546	0
4547	0
4548	0
4549	1
4550	1
4551	0
4552	2
4553	2
4554	0
4555	0
4556	1
4557	0
4558	0
4559	1
4560	0
4561	0
4562	0
4563	2
4564	0
4565	1
4566	0
4567	0
4568	0
4569	0
4570	0
4571	0
4572	0
4573	1
4574	0
4575	0
4576	1
4577	0
4578	1
4579	1
4580	0
4581	0
4582	0
4583	1
4584	0
4585	0
4586	0
4587	0
4588	0
4589	1
4590	0
4591	1
4592	0
4593	2
4594	0
4595	0
4596	1
4597	0
4598	0
4599	0
4600	0
4601	2
4602	0
4603	1
4604	0
4605	0
4606	1
4607	2
4608	0
4609	0
4610	0
4611	1
4612	1
4613	1
4614	1
4615	1
4616	0
4617	1
4618	0
4619	0
4620	1
4621	0
4622	1
4623	0
4624	1
4625	1
4626	0
4627	0
4628	1
4629	0
4630	1
4631	0
4632	0
4633	0
4634	1
4635	0
4636	0
4637	0
4638	0
4639	0
4640	0
4641	2
4642	1
4643	2
4644	0
4645	0
4646	0
4647	0
4648	0
4649	0
4650	1
4651	2
4652	1
4653	1
4654	1
4655	2
4656	1
4657	1
4658	2
4659	1
4660	1
4661	1
4662	0
4663	1
4664	1
4665	1
4666	1
4667	0
4668	1
4669	1
4670	0
4671	1
4672	0
4673	1
4674	0
4675	0
4676	2
4677	2
4678	1
4679	1
4680	2
4681	1
4682	0
4683	0
4684	0
4685	1
4686	1
4687	2
4688	1
4689	1
4690	0
4691	0
4692	0
4693	1
4694	0
4695	1
4696	1
4697	1
4698	1
4699	0
4700	0
4701	1
4702	1
4703	1
4704	0
4705	1
4706	0
4707	1
4708	0
4709	0
4710	1
4711	1
4712	1
4713	1
4714	0
4715	1
4716	0
4717	0
4718	0
4719	0
4720	0
4721	2
4722	0
4723	1
4724	0
4725	0
4726	1
4727	0
4728	2
4729	0
4730	0
4731	0
4732	0
4733	0
4734	0
4735	0
4736	0
4737	2
4738	0
4739	0
4740	1
4741	0
4742	0
4743	0
4744	1
4745	0
4746	0
4747	1
4748	0
4749	2
4750	1
4751	0
4752	2
4753	1
4754	0
4755	0
4756	1
4757	0
4758	1
4759	1
4760	0
4761	0
4762	0
4763	1
4764	0
4765	1
4766	0
4767	1
4768	1
4769	2
4770	0
4771	0
4772	0
4773	0
4774	1
4775	0
4776	0
4777	1
4778	1
4779	0
4780	2
4781	0
4782	0
4783	2
4784	5
4785	0
4786	0
4787	1
4788	1
4789	0
4790	1
4791	0
4792	1
4793	0
4794	1
4795	0
4796	0
4797	0
4798	1
4799	0
4800	0
4801	1
4802	0
4803	0
4804	1
4805	0
4806	0
4807	0
4808	0
4809	2
4810	3
4811	2
4812	0
4813	2
4814	0
4815	0
4816	1
4817	0
4818	1
4819	1
4820	1
4821	0
4822	0
4823	1
4824	0
4825	0
4826	0
4827	0
4828	1
4829	1
4830	0
4831	0
4832	1
4833	0
4834	0
4835	0
4836	0
4837	0
4838	0
4839	0
4840	0
4841	1
4842	0
4843	0
4844	0
4845	0
4846	0
4847	0
4848	1
4849	0
4850	1
4851	0
4852	1
4853	0
4854	1
4855	0
4856	1
4857	0
4858	1
4859	1
4860	0
4861	1
4862	1
4863	0
4864	1
4865	0
4866	0
4867	0
4868	0
4869	0
4870	1
4871	1
4872	1
4873	0
4874	0
4875	1
4876	0
4877	1
4878	1
4879	0
4880	1
4881	0
4882	0
4883	1
4884	2
4885	1
4886	1
4887	0
4888	1
4889	1
4890	0
4891	1
4892	2
4893	0
4894	0
4895	1
4896	0
4897	1
4898	0
4899	0
4900	1
4901	0
4902	0
4903	0
4904	1
4905	1
4906	0
4907	0
4908	0
4909	0
4910	1
4911	1
4912	0
4913	1
4914	1
4915	0
4916	1
4917	1
4918	0
4919	1
4920	0
4921	0
4922	1
4923	1
4924	1
4925	1
4926	0
4927	1
4928	1
4929	1
4930	1
4931	0
4932	0
4933	0
4934	0
4935	0
4936	0
4937	0
4938	1
4939	2
4940	1
4941	1
4942	2
4943	1
4944	2
4945	1
4946	1
4947	4
4948	0
4949	0
4950	1
4951	1
4952	1
4953	1
4954	0
4955	0
4956	0
4957	0
4958	0
4959	0
4960	0
4961	1
4962	0
4963	0
4964	0
4965	2
4966	0
4967	1
4968	0
4969	1
4970	0
4971	0
4972	0
4973	1
4974	0
4975	0
4976	0
4977	0
4978	1
4979	2
4980	0
4981	0
4982	1
4983	0
4984	0
4985	1
4986	0
4987	0
4988	1
4989	0
4990	1
4991	0
4992	1
4993	0
4994	1
4995	0
4996	0
4997	2
4998	1
4999	1
5000	0
5001	0
5002	0
5003	0
5004	0
5005	0
5006	0
5007	0
5008	1
5009	0
5010	0
5011	1
5012	1
5013	0
5014	0
5015	0
5016	1
5017	0
5018	1
5019	1
5020	1
5021	0
5022	1
5023	0
5024	0
5025	0
5026	0
5027	0
5028	0
5029	1
5030	0
5031	0
5032	2
5033	0
5034	2
5035	1
5036	2
5037	0
5038	0
5039	0
5040	2
5041	0
5042	0
5043	0
5044	1
5045	1
5046	1
5047	1
5048	0
5049	1
5050	1
5051	0
5052	0
5053	1
5054	0
5055	0
5056	2
5057	1
5058	1
5059	2
5060	0
5061	1
5062	0
5063	1
5064	0
5065	1
5066	0
5067	1
5068	2
5069	1
5070	1
5071	0
5072	0
5073	1
5074	1
5075	1
5076	0
5077	0
5078	1
5079	0
5080	0
5081	0
5082	0
5083	1
5084	0
5085	0
5086	0
5087	1
5088	1
5089	0
5090	0
5091	0
5092	2
5093	1
5094	3
5095	0
5096	0
5097	0
5098	0
5099	1
5100	1
5101	1
5102	0
5103	0
5104	0
5105	0
5106	0
5107	0
5108	0
5109	2
5110	1
5111	1
5112	0
5113	0
5114	0
5115	0
5116	0
5117	0
5118	0
5119	0
5120	0
5121	0
5122	2
5123	0
5124	1
5125	1
5126	1
5127	0
5128	2
5129	1
5130	0
5131	0
5132	0
5133	0
5134	0
5135	0
5136	1
5137	1
5138	3
5139	0
5140	0
5141	1
5142	1
5143	1
5144	0
5145	0
5146	1
5147	0
5148	1
5149	0
5150	1
5151	1
5152	0
5153	0
5154	1
5155	1
5156	0
5157	1
5158	1
5159	1
5160	0
5161	0
5162	0
5163	4
5164	0
5165	0
5166	1
5167	0
5168	0
5169	0
5170	1
5171	1
5172	1
5173	1
5174	2
5175	2
5176	0
5177	0
5178	0
5179	1
5180	0
5181	2
5182	1
5183	0
5184	0
5185	1
5186	2
5187	0
5188	0
5189	0
5190	1
5191	1
5192	2
5193	0
5194	0
5195	1
5196	4
5197	0
5198	0
5199	0
5200	0
5201	1
5202	1
5203	0
5204	0
5205	1
5206	0
5207	1
5208	0
5209	1
5210	1
5211	0
5212	1
5213	1
5214	0
5215	0
5216	1
5217	1
5218	0
5219	1
5220	1
5221	1
5222	0
5223	0
5224	0
5225	0
5226	1
5227	0
5228	2
5229	1
5230	1
5231	0
5232	1
5233	1
5234	0
5235	1
5236	0
5237	0
5238	0
5239	0
5240	0
5241	0
5242	0
5243	1
5244	0
5245	1
5246	1
5247	0
5248	0
5249	0
5250	5
5251	1
5252	0
5253	1
5254	2
5255	3
5256	0
5257	1
5258	0
5259	0
5260	1
5261	1
5262	2
5263	0
5264	0
5265	0
5266	1
5267	1
5268	0
5269	1
5270	0
5271	1
5272	0
5273	1
5274	0
5275	1
5276	0
5277	1
5278	1
5279	0
5280	0
5281	0
5282	0
5283	0
5284	2
5285	1
5286	0
5287	2
5288	1
5289	0
5290	1
5291	0
5292	1
5293	0
5294	0
5295	1
5296	1
5297	0
5298	0
5299	0
5300	0
5301	1
5302	1
5303	1
5304	0
5305	0
5306	0
5307	0
5308	0
5309	0
5310	0
5311	1
5312	1
5313	1
5314	0
5315	1
5316	0
5317	0
5318	0
5319	0
5320	0
5321	2
5322	1
5323	0
5324	0
5325	0
5326	0
5327	1
5328	0
5329	2
5330	1
5331	0
5332	0
5333	0
5334	0
5335	0
5336	0
5337	2
5338	0
5339	1
5340	1
5341	0
5342	2
5343	0
5344	1
5345	1
5346	0
5347	0
5348	1
5349	1
5350	0
5351	2
5352	1
5353	1
5354	0
5355	0
5356	2
5357	1
5358	1
5359	2
5360	0
5361	1
5362	0
5363	1
5364	0
5365	0
5366	0
5367	0
5368	0
5369	1
5370	2
5371	0
5372	1
5373	0
5374	0
5375	2
5376	1
5377	3
5378	0
5379	0
5380	0
5381	1
5382	0
5383	0
5384	0
5385	2
5386	0
5387	2
5388	0
5389	0
5390	0
5391	1
5392	2
5393	0
5394	0
5395	0
5396	1
5397	1
5398	0
5399	1
5400	0
5401	1
5402	0
5403	0
5404	1
5405	0
5406	1
5407	0
5408	0
5409	0
5410	2
5411	1
5412	0
5413	2
5414	0
5415	2
5416	3
5417	0
5418	1
5419	0
5420	0
5421	1
5422	1
5423	0
5424	0
5425	0
5426	0
5427	0
5428	0
5429	1
5430	0
5431	1
5432	0
5433	0
5434	1
5435	0
5436	0
5437	1
5438	0
5439	0
5440	0
5441	0
5442	0
5443	3
5444	0
5445	0
5446	1
5447	0
5448	0
5449	0
5450	0
5451	0
5452	0
5453	0
5454	0
5455	0
5456	0
5457	0
5458	0
5459	0
5460	2
5461	1
5462	0
5463	0
5464	0
5465	0
5466	0
5467	0
5468	1
5469	1
5470	0
5471	3
5472	1
5473	0
5474	1
5475	0
5476	1
5477	1
5478	0
5479	0
5480	0
5481	1
5482	0
5483	1
5484	0
5485	0
5486	0
5487	0
5488	0
5489	2
5490	1
5491	0
5492	1
5493	0
5494	1
5495	1
5496	2
5497	0
5498	2
5499	0
5500	2
5501	3
5502	1
5503	1
5504	1
5505	0
5506	0
5507	0
5508	0
5509	0
5510	1
5511	0
5512	0
5513	0
5514	0
5515	2
5516	0
5517	0
5518	0
5519	0
5520	0
5521	2
5522	0
5523	0
5524	1
5525	1
5526	0
5527	0
5528	0
5529	0
5530	0
5531	2
5532	0
5533	2
5534	1
5535	0
5536	0
5537	0
5538	2
5539	0
5540	1
5541	0
5542	0
5543	2
5544	0
5545	2
5546	0
5547	1
5548	0
5549	1
5550	1
5551	0
5552	0
5553	1
5554	1
5555	1
5556	0
5557	1
5558	2
5559	1
5560	0
5561	1
5562	0
5563	0
5564	0
5565	0
5566	0
5567	0
5568	1
5569	0
5570	0
5571	0
5572	0
5573	0
5574	0
5575	1
5576	0
5577	0
5578	1
5579	0
5580	1
5581	1
5582	0
5583	2
5584	0
5585	1
5586	0
5587	0
5588	0
5589	1
5590	0
5591	0
5592	1
5593	1
5594	1
5595	1
5596	0
5597	1
5598	1
5599	0
5600	0
5601	1
5602	0
5603	0
5604	0
5605	0
5606	1
5607	0
5608	0
5609	1
5610	1
5611	0
5612	1
5613	1
5614	0
5615	0
5616	0
5617	1
5618	0
5619	2
5620	1
5621	0
5622	0
5623	3
5624	0
5625	0
5626	0
5627	0
5628	0
5629	0
5630	1
5631	2
5632	0
5633	0
5634	0
5635	0
5636	1
5637	0
5638	0
5639	1
5640	0
5641	0
5642	0
5643	0
5644	0
5645	0
5646	1
5647	0
5648	0
5649	0
5650	1
5651	0
5652	0
5653	0
5654	0
5655	0
5656	0
5657	1
5658	1
5659	0
5660	1
5661	0
5662	1
5663	1
5664	0
5665	0
5666	1
5667	0
5668	0
5669	0
5670	0
5671	1
5672	1
5673	1
5674	0
5675	1
5676	0
5677	0
5678	0
5679	0
5680	1
5681	0
5682	0
5683	1
5684	0
5685	0
5686	0
5687	0
5688	1
5689	0
5690	1
5691	0
5692	1
5693	1
5694	3
5695	0
5696	2
5697	1
5698	0
5699	1
5700	0
5701	0
5702	0
5703	0
5704	1
5705	0
5706	1
5707	0
5708	0
5709	1
5710	0
5711	2
5712	0
5713	0
5714	0
5715	0
5716	0
5717	1
5718	0
5719	0
5720	1
5721	0
5722	0
5723	1
5724	1
5725	0
5726	0
5727	1
5728	0
5729	0
5730	1
5731	1
5732	1
5733	0
5734	2
5735	0
5736	0
5737	1
5738	0
5739	2
5740	0
5741	0
5742	0
5743	0
5744	0
5745	1
5746	1
5747	0
5748	1
5749	1
5750	2
5751	0
5752	1
5753	0
5754	2
5755	0
5756	0
5757	0
5758	0
5759	1
5760	2
5761	2
5762	0
5763	0
5764	0
5765	0
5766	1
5767	0
5768	0
5769	0
5770	1
5771	0
5772	0
5773	0
5774	1
5775	0
5776	1
5777	0
5778	0
5779	0
5780	0
5781	0
5782	0
5783	0
5784	3
5785	1
5786	0
5787	1
5788	0
5789	2
5790	0
5791	0
5792	0
5793	0
5794	1
5795	0
5796	2
5797	1
5798	0
5799	0
5800	0
5801	1
5802	1
5803	0
5804	0
5805	1
5806	1
5807	0
5808	1
5809	0
5810	1
5811	1
5812	0
5813	1
5814	1
5815	0
5816	1
5817	0
5818	3
5819	0
5820	0
5821	1
5822	0
5823	0
5824	1
5825	0
5826	0
5827	0
5828	0
5829	1
5830	0
5831	1
5832	0
5833	0
5834	0
5835	0
5836	0
5837	1
5838	0
5839	0
5840	0
5841	0
5842	0
5843	0
5844	2
5845	1
5846	1
5847	1
5848	1
5849	1
5850	0
5851	0
5852	0
5853	0
5854	1
5855	0
5856	0
5857	0
5858	0
5859	1
5860	0
5861	2
5862	0
5863	1
5864	0
5865	0
5866	0
5867	1
5868	1
5869	0
5870	0
5871	1
5872	0
5873	0
5874	2
5875	0
5876	0
5877	0
5878	0
5879	0
5880	3
5881	1
5882	0
5883	0
5884	0
5885	0
5886	1
5887	1
5888	1
5889	1
5890	1
5891	0
5892	0
5893	0
5894	0
5895	0
5896	0
5897	0
5898	0
5899	0
5900	0
5901	0
5902	1
5903	1
5904	0
5905	2
5906	2
5907	1
5908	1
5909	0
5910	0
5911	1
5912	1
5913	1
5914	0
5915	1
5916	0
5917	0
5918	0
5919	1
5920	1
5921	0
5922	0
5923	0
5924	0
5925	0
5926	1
5927	2
5928	0
5929	0
5930	1
5931	2
5932	1
5933	0
5934	1
5935	0
5936	1
5937	0
5938	2
5939	0
5940	1
5941	1
5942	0
5943	2
5944	1
5945	1
5946	1
5947	1
5948	0
5949	1
5950	2
5951	1
5952	0
5953	1
5954	0
5955	1
5956	2
5957	1
5958	0
5959	1
5960	0
5961	1
5962	3
5963	0
5964	0
5965	0
5966	0
5967	0
5968	0
5969	0
5970	0
5971	0
5972	1
5973	0
5974	1
5975	0
5976	0
5977	0
5978	1
5979	0
5980	0
5981	0
5982	0
5983	1
5984	1
5985	0
5986	0
5987	0
5988	0
5989	0
5990	0
5991	2
5992	1
5993	0
5994	0
5995	1
5996	0
5997	0
5998	2
5999	0
6000	0
6001	2
6002	0
6003	1
6004	0
6005	0
6006	1
6007	0
6008	2
6009	0
6010	1
6011	1
6012	0
6013	0
6014	0
6015	1
6016	1
6017	0
6018	0
6019	0
6020	0
6021	0
6022	2
6023	0
6024	0
6025	0
6026	2
6027	0
6028	2
6029	0
6030	0
6031	1
6032	2
6033	0
6034	1
6035	0
6036	1
6037	0
6038	1
6039	0
6040	0
6041	1
6042	1
6043	1
6044	2
6045	0
6046	2
6047	1
6048	0
6049	0
6050	1
6051	0
6052	1
6053	1
6054	0
6055	1
6056	0
6057	0
6058	1
6059	0
6060	1
6061	2
6062	1
6063	1
6064	0
6065	0
6066	0
6067	0
6068	0
6069	1
6070	0
6071	0
6072	0
6073	0
6074	2
6075	0
6076	0
6077	0
6078	0
6079	1
6080	2
6081	1
6082	1
6083	1
6084	0
6085	0
6086	0
6087	1
6088	0
6089	0
6090	1
6091	0
6092	1
6093	3
6094	0
6095	0
6096	0
6097	0
6098	0
6099	1
6100	1
6101	0
6102	0
6103	1
6104	1
6105	0
6106	0
6107	0
6108	0
6109	0
6110	1
6111	0
6112	0
6113	0
6114	0
6115	0
6116	0
6117	1
6118	1
6119	1
6120	0
6121	1
6122	0
6123	0
6124	1
6125	0
6126	0
6127	0
6128	1
6129	1
6130	1
6131	0
6132	0
6133	1
6134	2
6135	0
6136	0
6137	0
6138	0
6139	0
6140	1
6141	0
6142	1
6143	0
6144	2
6145	0
6146	2
6147	1
6148	0
6149	2
6150	0
6151	0
6152	1
6153	0
6154	1
6155	0
6156	0
6157	2
6158	0
6159	0
6160	1
6161	0
6162	1
6163	1
6164	1
6165	0
6166	0
6167	0
6168	0
6169	0
6170	2
6171	2
6172	0
6173	1
6174	0
6175	2
6176	0
6177	0
6178	2
6179	1
6180	1
6181	0
6182	0
6183	1
6184	0
6185	1
6186	0
6187	0
6188	0
6189	0
6190	1
6191	1
6192	0
6193	0
6194	0
6195	0
6196	1
6197	0
6198	0
6199	1
6200	1
6201	1
6202	1
6203	0
6204	0
6205	0
6206	0
6207	3
6208	2
6209	0
6210	0
6211	0
6212	1
6213	1
6214	0
6215	0
6216	0
6217	2
6218	1
6219	1
6220	1
6221	0
6222	0
6223	0
6224	1
6225	1
6226	0
6227	0
6228	1
6229	1
6230	1
6231	0
6232	0
6233	0
6234	0
6235	0
6236	0
6237	2
6238	1
6239	2
6240	1
6241	1
6242	1
6243	1
6244	2
6245	1
6246	0
6247	0
6248	2
6249	1
6250	0
6251	0
6252	1
6253	0
6254	0
6255	1
6256	1
6257	0
6258	0
6259	0
6260	0
6261	1
6262	0
6263	0
6264	2
6265	1
6266	0
6267	0
6268	4
6269	1
6270	1
6271	0
6272	1
6273	0
6274	0
6275	2
6276	0
6277	1
6278	1
6279	3
6280	0
6281	0
6282	0
6283	0
6284	1
6285	0
6286	0
6287	1
6288	1
6289	0
6290	1
6291	1
6292	1
6293	0
6294	1
6295	1
6296	3
6297	1
6298	0
6299	0
6300	1
6301	1
6302	1
6303	0
6304	0
6305	2
6306	1
6307	1
6308	1
6309	0
6310	0
6311	2
6312	0
6313	0
6314	0
6315	0
6316	1
6317	1
6318	0
6319	1
6320	0
6321	2
6322	2
6323	1
6324	0
6325	0
6326	0
6327	0
6328	1
6329	0
6330	1
6331	0
6332	0
6333	0
6334	1
6335	1
6336	1
6337	0
6338	0
6339	0
6340	0
6341	0
6342	1
6343	1
6344	0
6345	2
6346	0
6347	0
6348	0
6349	1
6350	1
6351	2
6352	0
6353	0
6354	0
6355	1
6356	1
6357	0
6358	1
6359	0
6360	0
6361	0
6362	0
6363	0
6364	0
6365	0
6366	1
6367	0
6368	1
6369	1
6370	0
6371	1
6372	0
6373	1
6374	0
6375	0
6376	2
6377	1
6378	1
6379	2
6380	0
6381	1
6382	0
6383	2
6384	1
6385	0
6386	2
6387	0
6388	0
6389	1
6390	0
6391	0
6392	2
6393	0
6394	0
6395	0
6396	0
6397	0
6398	0
6399	1
6400	1
6401	1
6402	1
6403	1
6404	1
6405	0
6406	0
6407	1
6408	0
6409	0
6410	1
6411	2
6412	0
6413	1
6414	0
6415	3
6416	2
6417	0
6418	0
6419	0
6420	0
6421	1
6422	0
6423	1
6424	0
6425	0
6426	0
6427	0
6428	0
6429	1
6430	0
6431	0
6432	0
6433	0
6434	1
6435	0
6436	0
6437	0
6438	0
6439	1
6440	1
6441	1
6442	0
6443	0
6444	0
6445	0
6446	1
6447	3
6448	2
6449	0
6450	0
6451	1
6452	0
6453	0
6454	0
6455	0
6456	0
6457	0
6458	1
6459	0
6460	0
6461	0
6462	0
6463	1
6464	1
6465	0
6466	0
6467	1
6468	1
6469	0
6470	0
6471	1
6472	1
6473	0
6474	1
6475	0
6476	2
6477	0
6478	0
6479	0
6480	0
6481	1
6482	1
6483	1
6484	0
6485	1
6486	3
6487	0
6488	0
6489	0
6490	1
6491	0
6492	0
6493	0
6494	0
6495	0
6496	0
6497	1
6498	0
6499	1
6500	1
6501	1
6502	1
6503	0
6504	0
6505	0
6506	0
6507	0
6508	0
6509	0
6510	1
6511	0
6512	2
6513	3
6514	0
6515	0
6516	1
6517	1
6518	0
6519	0
6520	0
6521	0
6522	0
6523	0
6524	0
6525	1
6526	0
6527	0
6528	0
6529	1
6530	1
6531	1
6532	1
6533	1
6534	2
6535	2
6536	0
6537	1
6538	0
6539	1
6540	1
6541	0
6542	2
6543	1
6544	0
6545	0
6546	0
6547	2
6548	2
6549	0
6550	1
6551	1
6552	0
6553	2
6554	0
6555	0
6556	1
6557	0
6558	1
6559	1
6560	1
6561	0
6562	0
6563	1
6564	0
6565	0
6566	0
6567	1
6568	1
6569	1
6570	0
6571	0
6572	1
6573	0
6574	0
6575	1
6576	1
6577	1
6578	3
6579	1
6580	1
6581	1
6582	1
6583	0
6584	0
6585	0
6586	0
6587	0
6588	2
6589	0
6590	1
6591	0
6592	1
6593	0
6594	2
6595	0
6596	2
6597	1
6598	0
6599	0
6600	3
6601	0
6602	0
6603	0
6604	0
6605	1
6606	0
6607	0
6608	1
6609	1
6610	0
6611	0
6612	2
6613	0
6614	0
6615	1
6616	2
6617	0
6618	2
6619	0
6620	0
6621	0
6622	1
6623	1
6624	0
6625	0
6626	1
6627	0
6628	0
6629	0
6630	0
6631	0
6632	1
6633	1
6634	1
6635	0
6636	0
6637	0
6638	0
6639	0
6640	1
6641	1
6642	1
6643	0
6644	0
6645	1
6646	0
6647	0
6648	2
6649	0
6650	0
6651	1
6652	0
6653	3
6654	1
6655	0
6656	0
6657	2
6658	1
6659	0
6660	0
6661	0
6662	1
6663	0
6664	0
6665	1
6666	0
6667	1
6668	1
6669	0
6670	0
6671	0
6672	1
6673	0
6674	2
6675	1
6676	0
6677	0
6678	0
6679	3
6680	0
6681	1
6682	0
6683	1
6684	1
6685	1
6686	0
6687	0
6688	0
6689	0
6690	0
6691	1
6692	0
6693	0
6694	0
6695	0
6696	0
6697	1
6698	1
6699	0
6700	1
6701	0
6702	0
6703	0
6704	0
6705	0
6706	0
6707	0
6708	1
6709	0
6710	0
6711	1
6712	1
6713	1
6714	0
6715	1
6716	0
6717	2
6718	1
6719	0
6720	0
6721	0
6722	1
6723	1
6724	1
6725	1
6726	0
6727	0
6728	1
6729	0
6730	1
6731	0
6732	0
6733	1
6734	0
6735	0
6736	1
6737	0
6738	0
6739	1
6740	2
6741	0
6742	1
6743	1
6744	0
6745	1
6746	1
6747	0
6748	2
6749	0
6750	0
6751	1
6752	0
6753	1
6754	1
6755	0
6756	0
6757	1
6758	0
6759	0
6760	0
6761	0
6762	0
6763	0
6764	0
6765	3
6766	0
6767	0
6768	0
6769	2
6770	0
6771	1
6772	1
6773	0
6774	0
6775	0
6776	0
6777	0
6778	0
6779	1
6780	0
6781	0
6782	0
6783	0
6784	1
6785	1
6786	2
6787	0
6788	1
6789	0
6790	0
6791	1
6792	0
6793	0
6794	1
6795	1
6796	0
6797	2
6798	0
6799	1
6800	0
6801	0
6802	0
6803	0
6804	0
6805	1
6806	0
6807	5
6808	1
6809	0
6810	0
6811	1
6812	2
6813	1
6814	0
6815	0
6816	0
6817	0
6818	0
6819	0
6820	1
6821	0
6822	0
6823	1
6824	0
6825	0
6826	1
6827	0
6828	0
6829	2
6830	0
6831	0
6832	0
6833	0
6834	1
6835	1
6836	1
6837	1
6838	2
6839	0
6840	0
6841	0
6842	0
6843	2
6844	1
6845	0
6846	1
6847	0
6848	0
6849	0
6850	0
6851	0
6852	0
6853	1
6854	0
6855	0
6856	1
6857	1
6858	2
6859	0
6860	1
6861	2
6862	0
6863	0
6864	0
6865	1
6866	0
6867	1
6868	2
6869	1
6870	2
6871	0
6872	1
6873	0
6874	0
6875	2
6876	1
6877	0
6878	0
6879	0
6880	0
6881	1
6882	0
6883	0
6884	0
6885	0
6886	0
6887	0
6888	0
6889	0
6890	1
6891	1
6892	0
6893	0
6894	0
6895	2
6896	1
6897	0
6898	1
6899	1
6900	1
6901	0
6902	0
6903	0
6904	0
6905	0
6906	0
6907	1
6908	0
6909	1
6910	0
6911	1
6912	0
6913	1
6914	0
6915	1
6916	2
6917	1
6918	1
6919	0
6920	0
6921	0
6922	1
6923	0
6924	2
6925	0
6926	0
6927	1
6928	1
6929	1
6930	1
6931	1
6932	3
6933	0
6934	1
6935	0
6936	0
6937	1
6938	0
6939	0
6940	1
6941	0
6942	0
6943	0
6944	0
6945	0
6946	2
6947	0
6948	0
6949	2
6950	0
6951	1
6952	0
6953	1
6954	0
6955	0
6956	1
6957	0
6958	0
6959	1
6960	0
6961	0
6962	1
6963	0
6964	2
6965	1
6966	0
6967	0
6968	0
6969	0
6970	2
6971	2
6972	0
6973	1
6974	0
6975	0
6976	1
6977	1
6978	1
6979	0
6980	1
6981	0
6982	0
6983	1
6984	0
6985	0
6986	0
6987	0
6988	0
6989	0
6990	0
6991	0
6992	1
6993	0
6994	0
6995	1
6996	0
6997	0
6998	0
6999	1
7000	0
7001	0
7002	0
7003	2
7004	1
7005	1
7006	0
7007	0
7008	0
7009	0
7010	1
7011	2
7012	0
7013	2
7014	1
7015	1
7016	0
7017	0
7018	0
7019	0
7020	1
7021	3
7022	0
7023	0
7024	1
7025	1
7026	1
7027	0
7028	0
7029	0
7030	1
7031	0
7032	0
7033	1
7034	0
7035	0
7036	1
7037	0
7038	1
7039	0
7040	0
7041	1
7042	0
7043	0
7044	1
7045	1
7046	1
7047	2
7048	0
7049	0
7050	0
7051	1
7052	0
7053	0
7054	0
7055	0
7056	1
7057	1
7058	0
7059	0
7060	0
7061	0
7062	1
7063	0
7064	0
7065	1
7066	1
7067	0
7068	0
7069	1
7070	0
7071	0
7072	0
7073	0
7074	0
7075	1
7076	0
7077	0
7078	0
7079	1
7080	0
7081	1
7082	1
7083	0
7084	1
7085	1
7086	0
7087	0
7088	0
7089	2
7090	0
7091	0
7092	1
7093	1
7094	1
7095	2
7096	1
7097	0
7098	0
7099	0
7100	1
7101	0
7102	0
7103	0
7104	0
7105	0
7106	0
7107	0
7108	0
7109	0
7110	1
7111	1
7112	0
7113	1
7114	0
7115	0
7116	0
7117	1
7118	0
7119	1
7120	1
7121	1
7122	1
7123	0
7124	1
7125	2
7126	0
7127	0
7128	0
7129	2
7130	1
7131	4
7132	0
7133	0
7134	1
7135	0
7136	0
7137	3
7138	0
7139	1
7140	1
7141	0
7142	2
7143	1
7144	0
7145	1
7146	1
7147	1
7148	0
7149	1
7150	1
7151	1
7152	1
7153	0
7154	0
7155	0
7156	0
7157	0
7158	1
7159	0
7160	0
7161	0
7162	0
7163	2
7164	0
7165	1
7166	0
7167	0
7168	1
7169	1
7170	1
7171	0
7172	0
7173	0
7174	1
7175	1
7176	1
7177	0
7178	4
7179	0
7180	0
7181	0
7182	0
7183	1
7184	0
7185	0
7186	1
7187	1
7188	2
7189	1
7190	0
7191	0
7192	0
7193	3
7194	0
7195	0
7196	0
7197	0
7198	2
7199	1
7200	0
7201	0
7202	0
7203	1
7204	0
7205	0
7206	2
7207	2
7208	0
7209	2
7210	0
7211	0
7212	0
7213	0
7214	0
7215	0
7216	0
7217	1
7218	0
7219	1
7220	1
7221	0
7222	1
7223	1
7224	0
7225	0
7226	1
7227	3
7228	1
7229	0
7230	0
7231	0
7232	1
7233	0
7234	2
7235	0
7236	1
7237	3
7238	0
7239	0
7240	0
7241	1
7242	0
7243	0
7244	0
7245	0
7246	0
7247	0
7248	0
7249	1
7250	1
7251	3
7252	2
7253	0
7254	0
7255	0
7256	0
7257	0
7258	0
7259	0
7260	1
7261	0
7262	0
7263	0
7264	1
7265	0
7266	0
7267	0
7268	1
7269	1
7270	0
7271	1
7272	2
7273	0
7274	0
7275	1
7276	0
7277	1
7278	2
7279	0
7280	2
7281	0
7282	2
7283	0
7284	1
7285	0
7286	2
7287	1
7288	0
7289	0
7290	1
7291	1
7292	1
7293	2
7294	1
7295	2
7296	2
7297	0
7298	1
7299	0
7300	0
7301	0
7302	0
7303	0
7304	0
7305	0
7306	0
7307	1
7308	0
7309	1
7310	1
7311	1
7312	1
7313	0
7314	2
7315	0
7316	0
7317	0
7318	0
7319	2
7320	2
7321	0
7322	0
7323	0
7324	2
7325	0
7326	2
7327	0
7328	0
7329	0
7330	0
7331	0
7332	0
7333	0
7334	0
7335	0
7336	3
7337	1
7338	0
7339	2
7340	0
7341	0
7342	0
7343	0
7344	0
7345	0
7346	0
7347	1
7348	0
7349	2
7350	0
7351	1
7352	0
7353	1
7354	0
7355	0
7356	2
7357	1
7358	0
7359	0
7360	1
7361	2
7362	1
7363	0
7364	0
7365	2
7366	0
7367	0
7368	0
7369	1
7370	0
7371	1
7372	1
7373	0
7374	0
7375	0
7376	0
7377	0
7378	0
7379	0
7380	0
7381	0
7382	0
7383	0
7384	0
7385	0
7386	2
7387	1
7388	0
7389	0
7390	0
7391	0
7392	0
7393	0
7394	2
7395	1
7396	0
7397	0
7398	0
7399	1
7400	0
7401	0
7402	0
7403	2
7404	2
7405	1
7406	0
7407	1
7408	0
7409	0
7410	0
7411	0
7412	1
7413	0
7414	0
7415	0
7416	0
7417	1
7418	0
7419	0
7420	1
7421	0
7422	0
7423	3
7424	0
7425	1
7426	0
7427	0
7428	0
7429	0
7430	0
7431	0
7432	1
7433	2
7434	0
7435	2
7436	1
7437	0
7438	2
7439	1
7440	3
7441	0
7442	0
7443	1
7444	0
7445	0
7446	0
7447	0
7448	1
7449	1
7450	1
7451	0
7452	3
7453	1
7454	1
7455	0
7456	0
7457	0
7458	0
7459	1
7460	0
7461	0
7462	2
7463	0
7464	0
7465	0
7466	0
7467	0
7468	1
7469	1
7470	0
7471	0
7472	1
7473	0
7474	0
7475	0
7476	0
7477	0
7478	0
7479	1
7480	0
7481	1
7482	0
7483	1
7484	0
7485	0
7486	0
7487	0
7488	0
7489	0
7490	1
7491	0
7492	1
7493	0
7494	0
7495	0
7496	0
7497	1
7498	2
7499	0
7500	1
7501	1
7502	0
7503	0
7504	0
7505	1
7506	0
7507	0
7508	0
7509	2
7510	1
7511	0
7512	0
7513	2
7514	0
7515	0
7516	1
7517	0
7518	1
7519	2
7520	0
7521	2
7522	1
7523	0
7524	0
7525	0
7526	3
7527	2
7528	0
7529	1
7530	1
7531	0
7532	0
7533	1
7534	0
7535	1
7536	1
7537	1
7538	1
7539	2
7540	1
7541	2
7542	0
7543	0
7544	1
7545	0
7546	0
7547	0
7548	0
7549	0
7550	2
7551	0
7552	0
7553	1
7554	1
7555	0
7556	1
7557	0
7558	0
7559	0
7560	2
7561	1
7562	0
7563	0
7564	0
7565	1
7566	0
7567	0
7568	1
7569	0
7570	0
7571	1
7572	1
7573	1
7574	0
7575	0
7576	2
7577	0
7578	0
7579	1
7580	0
7581	0
7582	1
7583	0
7584	4
7585	0
7586	0
7587	0
7588	2
7589	1
7590	0
7591	1
7592	1
7593	0
7594	1
7595	1
7596	0
7597	1
7598	0
7599	0
7600	0
7601	0
7602	2
7603	0
7604	0
7605	0
7606	2
7607	0
7608	1
7609	0
7610	1
7611	0
7612	0
7613	0
7614	0
7615	0
7616	1
7617	0
7618	1
7619	0
7620	0
7621	0
7622	0
7623	1
7624	0
7625	0
7626	1
7627	2
7628	0
7629	0
7630	1
7631	2
7632	1
7633	1
7634	0
7635	0
7636	0
7637	2
7638	0
7639	0
7640	0
7641	1
7642	0
7643	0
7644	1
7645	0
7646	1
7647	0
7648	1
7649	0
7650	0
7651	2
7652	1
7653	1
7654	1
7655	1
7656	0
7657	0
7658	2
7659	1
7660	2
7661	0
7662	2
7663	1
7664	0
7665	0
7666	0
7667	1
7668	0
7669	1
7670	1
7671	0
7672	3
7673	1
7674	1
7675	0
7676	0
7677	1
7678	0
7679	2
7680	0
7681	0
7682	1
7683	2
7684	2
7685	1
7686	1
7687	1
7688	0
7689	0
7690	0
7691	0
7692	1
7693	1
7694	0
7695	2
7696	1
7697	0
7698	0
7699	1
7700	0
7701	1
7702	1
7703	0
7704	1
7705	0
7706	0
7707	1
7708	1
7709	0
7710	2
7711	2
7712	0
7713	0
7714	0
7715	1
7716	0
7717	1
7718	1
7719	1
7720	1
7721	0
7722	1
7723	0
7724	0
7725	2
7726	0
7727	0
7728	1
7729	0
7730	0
7731	0
7732	0
7733	0
7734	0
7735	1
7736	0
7737	1
7738	0
7739	1
7740	0
7741	0
7742	4
7743	0
7744	1
7745	0
7746	1
7747	0
7748	0
7749	0
7750	0
7751	0
7752	2
7753	0
7754	0
7755	0
7756	0
7757	0
7758	0
7759	0
7760	2
7761	0
7762	1
7763	1
7764	2
7765	1
7766	0
7767	0
7768	0
7769	2
7770	0
7771	1
7772	1
7773	2
7774	1
7775	2
7776	0
7777	0
7778	1
7779	2
7780	0
7781	3
7782	1
7783	0
7784	1
7785	0
7786	1
7787	0
7788	1
7789	0
7790	2
7791	0
7792	0
7793	0
7794	2
7795	0
7796	0
7797	0
7798	1
7799	0
7800	0
7801	0
7802	1
7803	1
7804	0
7805	0
7806	0
7807	0
7808	0
7809	0
7810	3
7811	0
7812	0
7813	0
7814	0
7815	0
7816	0
7817	1
7818	0
7819	0
7820	0
7821	0
7822	0
7823	0
7824	0
7825	0
7826	0
7827	1
7828	1
7829	1
7830	1
7831	0
7832	1
7833	0
7834	0
7835	1
7836	1
7837	0
7838	0
7839	0
7840	0
7841	0
7842	0
7843	1
7844	1
7845	0
7846	0
7847	1
7848	0
7849	0
7850	0
7851	2
7852	0
7853	0
7854	0
7855	1
7856	1
7857	1
7858	1
7859	0
7860	1
7861	1
7862	2
7863	1
7864	0
7865	0
7866	0
7867	0
7868	0
7869	0
7870	0
7871	0
7872	2
7873	1
7874	1
7875	1
7876	0
7877	0
7878	0
7879	1
7880	0
7881	0
7882	2
7883	0
7884	0
7885	0
7886	0
7887	1
7888	0
7889	1
7890	1
7891	0
7892	1
7893	0
7894	1
7895	0
7896	0
7897	0
7898	0
7899	0
7900	0
7901	0
7902	0
7903	0
7904	0
7905	0
7906	0
7907	0
7908	1
7909	0
7910	0
7911	0
7912	1
7913	0
7914	1
7915	1
7916	0
7917	0
7918	0
7919	0
7920	1
7921	0
7922	0
7923	1
7924	1
7925	0
7926	1
7927	1
7928	0
7929	0
7930	0
7931	0
7932	0
7933	1
7934	0
7935	2
7936	0
7937	0
7938	0
7939	0
7940	1
7941	1
7942	0
7943	0
7944	2
7945	1
7946	0
7947	0
7948	1
7949	0
7950	1
7951	1
7952	0
7953	0
7954	1
7955	0
7956	3
7957	0
7958	0
7959	0
7960	1
7961	0
7962	0
7963	0
7964	0
7965	0
7966	1
7967	0
7968	0
7969	0
7970	0
7971	0
7972	0
7973	0
7974	0
7975	1
7976	0
7977	0
7978	1
7979	0
7980	1
7981	3
7982	0
7983	0
7984	0
7985	2
7986	0
7987	1
7988	1
7989	1
7990	0
7991	1
7992	1
7993	0
7994	0
7995	1
7996	0
7997	0
7998	1
7999	0
8000	0
8001	0
8002	0
8003	1
8004	3
8005	0
8006	1
8007	0
8008	1
8009	0
8010	0
8011	1
8012	0
8013	1
8014	1
8015	2
8016	1
8017	4
8018	0
8019	0
8020	0
8021	0
8022	1
8023	0
8024	0
8025	1
8026	0
8027	0
8028	1
8029	0
8030	1
8031	0
8032	0
8033	0
8034	0
8035	0
8036	0
8037	0
8038	0
8039	3
8040	0
8041	0
8042	0
8043	0
8044	0
8045	0
8046	3
8047	1
8048	0
8049	0
8050	0
8051	0
8052	2
8053	0
8054	0
8055	0
8056	0
8057	1
8058	1
8059	0
8060	0
8061	0
8062	1
8063	1
8064	1
8065	0
8066	1
8067	0
8068	2
8069	0
8070	0
8071	0
8072	0
8073	0
8074	1
8075	0
8076	0
8077	1
8078	0
8079	1
8080	0
8081	1
8082	0
8083	0
8084	1
8085	0
8086	0
8087	0
8088	0
8089	0
8090	0
8091	0
8092	1
8093	0
8094	1
8095	1
8096	0
8097	1
8098	0
8099	0
8100	0
8101	0
8102	0
8103	1
8104	0
8105	1
8106	0
8107	0
8108	2
8109	0
8110	0
8111	0
8112	2
8113	0
8114	0
8115	1
8116	0
8117	0
8118	0
8119	0
8120	2
8121	0
8122	0
8123	1
8124	0
8125	1
8126	0
8127	0
8128	0
8129	1
8130	2
8131	0
8132	0
8133	0
8134	0
8135	1
8136	1
8137	0
8138	0
8139	0
8140	1
8141	1
8142	0
8143	0
8144	1
8145	0
8146	0
8147	0
8148	0
8149	0
8150	0
8151	0
8152	0
8153	0
8154	0
8155	0
8156	0
8157	0
8158	0
8159	0
8160	0
8161	0
8162	0
8163	0
8164	0
8165	0
8166	0
8167	0
8168	0
8169	0
8170	0
8171	0
8172	0
8173	0
8174	0
8175	0
8176	0
8177	0
8178	0
8179	0
8180	0
8181	0
8182	0
8183	0
8184	0
8185	0
8186	0
8187	0
8188	0
8189	0
8190	0
8191	0
