0	0
1	0
2	0
3	0
4	0
5	0
6	0
7	0
8	0
9	0
10	0
11	0
12	0
13	0
14	0
15	0
16	0
17	0
18	0
19	0
20	0
21	0
22	0
23	0
24	0
25	0
26	0
27	0
28	0
29	0
30	0
31	0
32	0
33	0
34	0
35	0
36	0
37	0
38	0
39	0
40	0
41	0
42	0
43	0
44	0
45	0
46	0
47	0
48	0
49	0
50	0
51	0
52	0
53	0
54	0
55	0
56	0
57	0
58	0
59	0
60	0
61	0
62	0
63	0
64	0
65	0
66	0
67	0
68	0
69	0
70	0
71	0
72	0
73	0
74	0
75	0
76	0
77	0
78	0
79	0
80	0
81	0
82	0
83	0
84	0
85	0
86	0
87	0
88	0
89	0
90	0
91	0
92	0
93	0
94	0
95	1
96	0
97	0
98	0
99	0
100	0
101	0
102	0
103	0
104	0
105	0
106	0
107	0
108	0
109	0
110	0
111	0
112	0
113	0
114	0
115	0
116	0
117	0
118	0
119	0
120	0
121	0
122	0
123	0
124	0
125	0
126	0
127	0
128	0
129	0
130	0
131	0
132	0
133	0
134	0
135	0
136	0
137	0
138	0
139	0
140	0
141	0
142	0
143	0
144	0
145	0
146	0
147	0
148	0
149	0
150	0
151	0
152	0
153	0
154	0
155	0
156	0
157	0
158	0
159	0
160	0
161	0
162	0
163	0
164	0
165	0
166	0
167	0
168	0
169	0
170	0
171	0
172	0
173	0
174	0
175	0
176	0
177	0
178	0
179	0
180	1
181	0
182	0
183	0
184	0
185	0
186	0
187	0
188	0
189	0
190	0
191	0
192	0
193	0
194	0
195	0
196	0
197	0
198	0
199	0
200	0
201	0
202	0
203	0
204	0
205	0
206	0
207	0
208	0
209	0
210	0
211	0
212	0
213	0
214	0
215	0
216	0
217	0
218	0
219	0
220	0
221	0
222	0
223	0
224	0
225	0
226	0
227	0
228	0
229	0
230	0
231	0
232	0
233	0
234	0
235	0
236	0
237	0
238	0
239	0
240	0
241	0
242	0
243	0
244	0
245	0
246	0
247	0
248	0
249	0
250	0
251	0
252	0
253	0
254	0
255	0
256	0
257	0
258	0
259	0
260	0
261	0
262	0
263	0
264	0
265	0
266	0
267	0
268	0
269	0
270	0
271	0
272	0
273	0
274	0
275	0
276	0
277	0
278	0
279	0
280	0
281	0
282	0
283	0
284	0
285	0
286	0
287	0
288	0
289	0
290	0
291	0
292	0
293	0
294	0
295	0
296	0
297	0
298	0
299	0
300	0
301	0
302	0
303	0
304	0
305	0
306	0
307	0
308	0
309	0
310	0
311	0
312	0
313	0
314	0
315	0
316	0
317	0
318	0
319	0
320	0
321	0
322	0
323	0
324	0
325	0
326	0
327	0
328	0
329	0
330	0
331	0
332	0
333	0
334	0
335	0
336	0
337	0
338	0
339	0
340	0
341	0
342	0
343	0
344	0
345	0
346	0
347	0
348	0
349	0
350	0
351	0
352	0
353	0
354	0
355	0
356	0
357	0
358	0
359	0
360	0
361	1
362	0
363	0
364	0
365	0
366	0
367	0
368	0
369	0
370	0
371	0
372	0
373	0
374	0
375	0
376	0
377	0
378	0
379	0
380	0
381	0
382	0
383	0
384	0
385	0
386	0
387	0
388	0
389	0
390	0
391	0
392	0
393	0
394	0
395	0
396	0
397	0
398	0
399	0
400	0
401	0
402	0
403	0
404	0
405	0
406	0
407	0
408	0
409	0
410	0
411	0
412	0
413	0
414	0
415	0
416	0
417	0
418	0
419	0
420	0
421	0
422	0
423	0
424	0
425	0
426	0
427	0
428	0
429	0
430	0
431	0
432	0
433	0
434	0
435	0
436	0
437	0
438	0
439	0
440	0
441	0
442	0
443	0
444	0
445	0
446	0
447	0
448	0
449	0
450	0
451	0
452	0
453	0
454	0
455	0
456	0
457	0
458	0
459	0
460	0
461	0
462	0
463	0
464	0
465	0
466	0
467	0
468	0
469	0
470	0
471	0
472	0
473	0
474	0
475	0
476	0
477	0
478	0
479	0
480	0
481	0
482	0
483	0
484	0
485	0
486	0
487	0
488	0
489	0
490	0
491	0
492	0
493	0
494	0
495	0
496	0
497	0
498	0
499	0
500	0
501	0
502	0
503	0
504	0
505	0
506	0
507	0
508	0
509	0
510	0
511	0
512	0
513	0
514	0
515	0
516	0
517	0
518	0
519	0
520	0
521	0
522	0
523	0
524	0
525	0
526	0
527	0
528	0
529	0
530	0
531	0
532	0
533	0
534	0
535	0
536	0
537	0
538	0
539	0
540	0
541	0
542	0
543	0
544	0
545	0
546	0
547	0
548	0
549	0
550	0
551	0
552	0
553	0
554	0
555	0
556	0
557	0
558	0
559	0
560	0
561	0
562	0
563	0
564	0
565	0
566	0
567	0
568	0
569	0
570	0
571	0
572	0
573	0
574	0
575	0
576	0
577	0
578	0
579	0
580	0
581	0
582	0
583	0
584	0
585	0
586	0
587	0
588	0
589	0
590	0
591	0
592	0
593	0
594	0
595	0
596	0
597	0
598	0
599	0
600	0
601	0
602	0
603	0
604	0
605	0
606	0
607	0
608	0
609	0
610	0
611	0
612	1
613	2
614	1
615	1
616	1
617	0
618	2
619	2
620	5
621	3
622	2
623	1
624	6
625	3
626	3
627	9
628	12
629	3
630	8
631	5
632	7
633	10
634	5
635	14
636	8
637	10
638	13
639	18
640	18
641	22
642	24
643	24
644	35
645	32
646	31
647	44
648	47
649	54
650	52
651	54
652	72
653	86
654	89
655	103
656	127
657	138
658	112
659	133
660	121
661	152
662	148
663	154
664	169
665	161
666	161
667	162
668	180
669	179
670	171
671	182
672	188
673	207
674	211
675	233
676	220
677	229
678	213
679	219
680	235
681	253
682	286
683	247
684	291
685	277
686	300
687	308
688	328
689	309
690	314
691	355
692	330
693	351
694	383
695	359
696	408
697	404
698	415
699	432
700	442
701	441
702	470
703	453
704	468
705	531
706	515
707	528
708	526
709	519
710	534
711	549
712	580
713	595
714	606
715	672
716	651
717	648
718	641
719	731
720	728
721	731
722	763
723	756
724	808
725	816
726	794
727	824
728	854
729	888
730	847
731	906
732	883
733	906
734	911
735	988
736	986
737	1000
738	1006
739	1044
740	1109
741	1099
742	1094
743	1137
744	1177
745	1102
746	1281
747	1208
748	1230
749	1278
750	1266
751	1316
752	1311
753	1350
754	1363
755	1386
756	1408
757	1428
758	1394
759	1466
760	1512
761	1475
762	1491
763	1442
764	1527
765	1602
766	1525
767	1582
768	1647
769	1604
770	1678
771	1608
772	1595
773	1651
774	1745
775	1649
776	1690
777	1671
778	1777
779	1784
780	1783
781	1777
782	1778
783	1775
784	1815
785	1859
786	1871
787	1914
788	1900
789	1820
790	1850
791	1898
792	1881
793	1903
794	1881
795	1942
796	1897
797	1871
798	1899
799	1902
800	1941
801	1900
802	1910
803	1928
804	2003
805	1853
806	1912
807	1958
808	1975
809	1961
810	1970
811	1969
812	1958
813	1893
814	1926
815	1959
816	1945
817	2029
818	1934
819	1973
820	1865
821	1877
822	1888
823	1809
824	1985
825	1893
826	1896
827	1842
828	1857
829	1921
830	1919
831	1879
832	1885
833	1795
834	1707
835	1794
836	1724
837	1812
838	1736
839	1760
840	1738
841	1739
842	1660
843	1751
844	1654
845	1614
846	1662
847	1685
848	1602
849	1606
850	1658
851	1590
852	1547
853	1609
854	1549
855	1550
856	1492
857	1542
858	1499
859	1512
860	1453
861	1463
862	1352
863	1489
864	1367
865	1399
866	1441
867	1341
868	1348
869	1368
870	1281
871	1282
872	1298
873	1346
874	1279
875	1261
876	1297
877	1245
878	1199
879	1224
880	1211
881	1205
882	1167
883	1099
884	1059
885	1116
886	1088
887	1026
888	1098
889	1081
890	1058
891	1056
892	1099
893	1042
894	1028
895	927
896	946
897	913
898	942
899	921
900	901
901	927
902	906
903	850
904	859
905	893
906	852
907	836
908	883
909	817
910	732
911	792
912	785
913	819
914	730
915	772
916	722
917	702
918	825
919	733
920	669
921	688
922	716
923	681
924	687
925	688
926	678
927	629
928	667
929	613
930	616
931	620
932	594
933	639
934	596
935	611
936	603
937	574
938	549
939	574
940	547
941	524
942	540
943	549
944	510
945	527
946	518
947	521
948	476
949	524
950	487
951	464
952	461
953	460
954	419
955	450
956	448
957	434
958	459
959	430
960	424
961	413
962	404
963	393
964	405
965	367
966	433
967	417
968	411
969	371
970	339
971	369
972	383
973	342
974	351
975	304
976	339
977	334
978	321
979	342
980	299
981	333
982	320
983	330
984	332
985	315
986	297
987	307
988	312
989	306
990	271
991	281
992	286
993	311
994	265
995	264
996	284
997	256
998	283
999	279
1000	265
1001	240
1002	242
1003	229
1004	228
1005	249
1006	262
1007	259
1008	239
1009	208
1010	223
1011	215
1012	227
1013	234
1014	218
1015	222
1016	193
1017	223
1018	217
1019	193
1020	195
1021	207
1022	210
1023	218
1024	206
1025	187
1026	216
1027	175
1028	185
1029	182
1030	200
1031	167
1032	181
1033	170
1034	197
1035	180
1036	172
1037	172
1038	175
1039	146
1040	175
1041	172
1042	154
1043	169
1044	166
1045	156
1046	174
1047	160
1048	151
1049	142
1050	129
1051	158
1052	146
1053	151
1054	146
1055	120
1056	141
1057	140
1058	157
1059	136
1060	151
1061	132
1062	129
1063	136
1064	131
1065	147
1066	121
1067	146
1068	118
1069	138
1070	133
1071	118
1072	117
1073	118
1074	130
1075	117
1076	144
1077	132
1078	123
1079	104
1080	96
1081	108
1082	123
1083	127
1084	114
1085	103
1086	93
1087	91
1088	108
1089	103
1090	126
1091	114
1092	118
1093	99
1094	93
1095	110
1096	102
1097	92
1098	80
1099	99
1100	113
1101	92
1102	104
1103	87
1104	96
1105	85
1106	94
1107	79
1108	80
1109	102
1110	68
1111	84
1112	84
1113	102
1114	79
1115	75
1116	98
1117	86
1118	94
1119	69
1120	73
1121	82
1122	74
1123	84
1124	66
1125	75
1126	85
1127	89
1128	75
1129	86
1130	78
1131	84
1132	76
1133	76
1134	69
1135	65
1136	89
1137	64
1138	73
1139	64
1140	80
1141	79
1142	63
1143	65
1144	76
1145	71
1146	75
1147	62
1148	57
1149	62
1150	57
1151	65
1152	86
1153	75
1154	75
1155	61
1156	54
1157	68
1158	53
1159	64
1160	55
1161	62
1162	62
1163	60
1164	75
1165	68
1166	67
1167	55
1168	62
1169	50
1170	56
1171	62
1172	43
1173	48
1174	50
1175	55
1176	62
1177	48
1178	58
1179	80
1180	61
1181	55
1182	54
1183	55
1184	53
1185	50
1186	53
1187	41
1188	45
1189	59
1190	48
1191	47
1192	59
1193	57
1194	50
1195	36
1196	56
1197	58
1198	51
1199	57
1200	43
1201	44
1202	51
1203	43
1204	48
1205	42
1206	34
1207	47
1208	43
1209	52
1210	47
1211	49
1212	45
1213	55
1214	33
1215	41
1216	49
1217	47
1218	38
1219	52
1220	37
1221	45
1222	45
1223	34
1224	65
1225	45
1226	47
1227	36
1228	47
1229	37
1230	37
1231	39
1232	46
1233	37
1234	44
1235	30
1236	40
1237	34
1238	32
1239	35
1240	36
1241	36
1242	27
1243	39
1244	32
1245	48
1246	27
1247	36
1248	31
1249	39
1250	42
1251	36
1252	28
1253	24
1254	36
1255	42
1256	40
1257	34
1258	24
1259	34
1260	30
1261	45
1262	32
1263	28
1264	29
1265	27
1266	33
1267	38
1268	28
1269	36
1270	38
1271	33
1272	33
1273	32
1274	35
1275	33
1276	29
1277	26
1278	36
1279	26
1280	18
1281	29
1282	24
1283	29
1284	30
1285	30
1286	33
1287	25
1288	32
1289	34
1290	31
1291	40
1292	21
1293	26
1294	25
1295	23
1296	34
1297	24
1298	34
1299	24
1300	34
1301	33
1302	25
1303	26
1304	30
1305	31
1306	33
1307	24
1308	33
1309	26
1310	33
1311	27
1312	27
1313	27
1314	29
1315	27
1316	29
1317	28
1318	28
1319	28
1320	29
1321	17
1322	28
1323	20
1324	23
1325	29
1326	29
1327	26
1328	27
1329	19
1330	23
1331	24
1332	25
1333	23
1334	25
1335	23
1336	30
1337	21
1338	36
1339	20
1340	23
1341	25
1342	14
1343	31
1344	22
1345	27
1346	26
1347	24
1348	17
1349	17
1350	22
1351	19
1352	18
1353	13
1354	30
1355	20
1356	20
1357	25
1358	23
1359	26
1360	21
1361	27
1362	19
1363	15
1364	24
1365	27
1366	24
1367	24
1368	8
1369	17
1370	24
1371	17
1372	26
1373	11
1374	17
1375	18
1376	15
1377	14
1378	23
1379	24
1380	19
1381	18
1382	22
1383	19
1384	12
1385	17
1386	24
1387	15
1388	18
1389	15
1390	20
1391	14
1392	16
1393	16
1394	14
1395	13
1396	17
1397	21
1398	21
1399	11
1400	26
1401	13
1402	24
1403	19
1404	16
1405	13
1406	17
1407	20
1408	22
1409	15
1410	12
1411	10
1412	23
1413	14
1414	18
1415	15
1416	19
1417	10
1418	20
1419	17
1420	17
1421	14
1422	9
1423	12
1424	19
1425	5
1426	19
1427	22
1428	18
1429	25
1430	10
1431	8
1432	18
1433	12
1434	9
1435	17
1436	26
1437	12
1438	13
1439	13
1440	15
1441	11
1442	12
1443	17
1444	15
1445	11
1446	17
1447	15
1448	16
1449	10
1450	17
1451	17
1452	5
1453	14
1454	15
1455	19
1456	13
1457	16
1458	19
1459	12
1460	14
1461	18
1462	16
1463	16
1464	7
1465	10
1466	12
1467	11
1468	13
1469	20
1470	11
1471	14
1472	12
1473	14
1474	10
1475	21
1476	16
1477	14
1478	14
1479	9
1480	9
1481	11
1482	11
1483	12
1484	15
1485	10
1486	10
1487	11
1488	8
1489	7
1490	11
1491	11
1492	15
1493	15
1494	16
1495	11
1496	8
1497	7
1498	5
1499	10
1500	13
1501	12
1502	9
1503	12
1504	10
1505	7
1506	13
1507	12
1508	9
1509	8
1510	12
1511	15
1512	9
1513	11
1514	9
1515	15
1516	17
1517	13
1518	13
1519	14
1520	13
1521	6
1522	4
1523	15
1524	6
1525	7
1526	15
1527	8
1528	12
1529	8
1530	10
1531	8
1532	5
1533	11
1534	17
1535	7
1536	9
1537	7
1538	11
1539	9
1540	16
1541	8
1542	11
1543	11
1544	13
1545	8
1546	9
1547	7
1548	15
1549	12
1550	7
1551	8
1552	7
1553	8
1554	5
1555	10
1556	17
1557	10
1558	7
1559	13
1560	5
1561	7
1562	6
1563	10
1564	8
1565	10
1566	11
1567	4
1568	8
1569	12
1570	7
1571	6
1572	7
1573	11
1574	13
1575	6
1576	9
1577	9
1578	5
1579	7
1580	11
1581	10
1582	8
1583	11
1584	14
1585	7
1586	7
1587	8
1588	5
1589	4
1590	14
1591	5
1592	4
1593	7
1594	11
1595	9
1596	3
1597	4
1598	3
1599	7
1600	11
1601	6
1602	8
1603	9
1604	5
1605	13
1606	10
1607	10
1608	1
1609	12
1610	9
1611	12
1612	7
1613	8
1614	8
1615	5
1616	5
1617	9
1618	10
1619	9
1620	8
1621	9
1622	6
1623	11
1624	9
1625	11
1626	10
1627	8
1628	3
1629	1
1630	4
1631	5
1632	4
1633	6
1634	8
1635	6
1636	6
1637	6
1638	3
1639	7
1640	5
1641	7
1642	5
1643	8
1644	6
1645	12
1646	2
1647	5
1648	4
1649	7
1650	7
1651	7
1652	5
1653	7
1654	4
1655	5
1656	7
1657	4
1658	6
1659	3
1660	8
1661	7
1662	7
1663	7
1664	3
1665	4
1666	6
1667	3
1668	3
1669	9
1670	4
1671	5
1672	8
1673	5
1674	2
1675	4
1676	3
1677	3
1678	3
1679	9
1680	3
1681	4
1682	2
1683	5
1684	7
1685	10
1686	7
1687	7
1688	7
1689	7
1690	7
1691	2
1692	1
1693	2
1694	2
1695	3
1696	3
1697	8
1698	6
1699	8
1700	4
1701	4
1702	7
1703	4
1704	11
1705	3
1706	3
1707	6
1708	3
1709	3
1710	3
1711	4
1712	6
1713	3
1714	3
1715	7
1716	4
1717	3
1718	6
1719	2
1720	8
1721	4
1722	6
1723	7
1724	6
1725	8
1726	6
1727	7
1728	3
1729	8
1730	6
1731	6
1732	8
1733	6
1734	4
1735	2
1736	5
1737	6
1738	6
1739	3
1740	5
1741	7
1742	3
1743	1
1744	4
1745	9
1746	5
1747	4
1748	2
1749	6
1750	2
1751	5
1752	4
1753	4
1754	2
1755	8
1756	6
1757	4
1758	5
1759	9
1760	3
1761	5
1762	4
1763	6
1764	7
1765	6
1766	4
1767	7
1768	7
1769	3
1770	2
1771	5
1772	3
1773	5
1774	2
1775	6
1776	5
1777	2
1778	3
1779	5
1780	8
1781	6
1782	1
1783	6
1784	4
1785	5
1786	8
1787	4
1788	2
1789	7
1790	5
1791	8
1792	4
1793	3
1794	4
1795	2
1796	1
1797	2
1798	4
1799	5
1800	2
1801	4
1802	2
1803	2
1804	0
1805	2
1806	2
1807	4
1808	4
1809	4
1810	5
1811	1
1812	6
1813	5
1814	4
1815	3
1816	5
1817	3
1818	0
1819	5
1820	4
1821	4
1822	8
1823	5
1824	4
1825	1
1826	1
1827	7
1828	0
1829	3
1830	0
1831	4
1832	1
1833	8
1834	4
1835	3
1836	1
1837	3
1838	2
1839	3
1840	5
1841	4
1842	5
1843	3
1844	0
1845	2
1846	4
1847	3
1848	2
1849	0
1850	4
1851	1
1852	2
1853	3
1854	4
1855	5
1856	2
1857	3
1858	4
1859	3
1860	3
1861	3
1862	2
1863	4
1864	3
1865	2
1866	1
1867	3
1868	8
1869	3
1870	3
1871	3
1872	3
1873	4
1874	3
1875	1
1876	3
1877	3
1878	3
1879	4
1880	3
1881	2
1882	2
1883	4
1884	5
1885	3
1886	2
1887	3
1888	3
1889	1
1890	3
1891	1
1892	5
1893	0
1894	1
1895	1
1896	6
1897	4
1898	3
1899	4
1900	6
1901	2
1902	3
1903	5
1904	1
1905	4
1906	0
1907	4
1908	2
1909	4
1910	2
1911	2
1912	3
1913	3
1914	8
1915	5
1916	1
1917	1
1918	0
1919	3
1920	2
1921	2
1922	2
1923	6
1924	3
1925	4
1926	5
1927	4
1928	4
1929	6
1930	1
1931	2
1932	3
1933	3
1934	0
1935	6
1936	0
1937	1
1938	3
1939	5
1940	2
1941	3
1942	7
1943	2
1944	3
1945	4
1946	4
1947	1
1948	3
1949	0
1950	3
1951	4
1952	1
1953	1
1954	3
1955	3
1956	4
1957	2
1958	3
1959	0
1960	4
1961	2
1962	3
1963	1
1964	1
1965	4
1966	1
1967	4
1968	2
1969	0
1970	4
1971	1
1972	4
1973	2
1974	4
1975	3
1976	5
1977	2
1978	4
1979	0
1980	0
1981	1
1982	2
1983	4
1984	3
1985	2
1986	1
1987	1
1988	1
1989	3
1990	3
1991	1
1992	2
1993	2
1994	4
1995	0
1996	2
1997	0
1998	4
1999	1
2000	0
2001	2
2002	2
2003	1
2004	0
2005	4
2006	1
2007	2
2008	2
2009	2
2010	3
2011	2
2012	2
2013	0
2014	3
2015	3
2016	5
2017	4
2018	4
2019	1
2020	0
2021	1
2022	4
2023	8
2024	3
2025	2
2026	2
2027	4
2028	3
2029	1
2030	2
2031	1
2032	2
2033	1
2034	4
2035	1
2036	2
2037	2
2038	2
2039	2
2040	3
2041	3
2042	2
2043	2
2044	2
2045	2
2046	1
2047	2
2048	3
2049	2
2050	5
2051	4
2052	2
2053	3
2054	2
2055	2
2056	0
2057	2
2058	2
2059	1
2060	2
2061	2
2062	3
2063	0
2064	0
2065	3
2066	0
2067	1
2068	5
2069	1
2070	2
2071	2
2072	3
2073	4
2074	2
2075	0
2076	3
2077	3
2078	0
2079	1
2080	2
2081	3
2082	3
2083	3
2084	5
2085	1
2086	2
2087	3
2088	2
2089	2
2090	1
2091	1
2092	2
2093	1
2094	1
2095	2
2096	1
2097	2
2098	1
2099	1
2100	1
2101	0
2102	2
2103	1
2104	1
2105	3
2106	5
2107	1
2108	2
2109	5
2110	1
2111	2
2112	2
2113	3
2114	4
2115	0
2116	2
2117	1
2118	0
2119	2
2120	3
2121	3
2122	2
2123	2
2124	3
2125	1
2126	3
2127	1
2128	0
2129	3
2130	4
2131	1
2132	0
2133	2
2134	1
2135	1
2136	4
2137	1
2138	4
2139	2
2140	3
2141	5
2142	1
2143	4
2144	0
2145	1
2146	2
2147	2
2148	2
2149	2
2150	4
2151	3
2152	0
2153	4
2154	0
2155	1
2156	1
2157	3
2158	5
2159	0
2160	1
2161	3
2162	2
2163	2
2164	2
2165	3
2166	3
2167	1
2168	1
2169	0
2170	3
2171	0
2172	3
2173	2
2174	2
2175	3
2176	1
2177	4
2178	2
2179	3
2180	2
2181	0
2182	0
2183	0
2184	3
2185	2
2186	0
2187	2
2188	3
2189	2
2190	1
2191	1
2192	0
2193	4
2194	1
2195	1
2196	3
2197	2
2198	1
2199	1
2200	0
2201	5
2202	3
2203	2
2204	1
2205	0
2206	1
2207	1
2208	0
2209	0
2210	0
2211	4
2212	3
2213	1
2214	3
2215	2
2216	2
2217	0
2218	1
2219	0
2220	0
2221	2
2222	1
2223	2
2224	2
2225	1
2226	4
2227	0
2228	2
2229	3
2230	2
2231	2
2232	0
2233	1
2234	1
2235	0
2236	0
2237	3
2238	1
2239	0
2240	2
2241	2
2242	2
2243	4
2244	2
2245	0
2246	1
2247	0
2248	1
2249	2
2250	1
2251	1
2252	2
2253	2
2254	2
2255	3
2256	3
2257	0
2258	1
2259	3
2260	5
2261	2
2262	1
2263	2
2264	0
2265	1
2266	1
2267	1
2268	0
2269	3
2270	4
2271	4
2272	0
2273	2
2274	1
2275	3
2276	3
2277	1
2278	3
2279	3
2280	0
2281	4
2282	2
2283	1
2284	3
2285	0
2286	0
2287	3
2288	1
2289	0
2290	1
2291	0
2292	1
2293	2
2294	4
2295	1
2296	2
2297	0
2298	1
2299	3
2300	1
2301	2
2302	1
2303	1
2304	3
2305	2
2306	1
2307	0
2308	2
2309	2
2310	0
2311	3
2312	1
2313	0
2314	2
2315	2
2316	1
2317	2
2318	0
2319	2
2320	0
2321	0
2322	0
2323	0
2324	2
2325	0
2326	2
2327	2
2328	1
2329	3
2330	0
2331	4
2332	0
2333	2
2334	1
2335	1
2336	2
2337	2
2338	2
2339	2
2340	3
2341	0
2342	3
2343	1
2344	0
2345	1
2346	1
2347	1
2348	0
2349	2
2350	1
2351	0
2352	2
2353	4
2354	4
2355	1
2356	0
2357	5
2358	2
2359	2
2360	2
2361	3
2362	2
2363	3
2364	2
2365	1
2366	1
2367	2
2368	1
2369	1
2370	0
2371	0
2372	0
2373	1
2374	1
2375	2
2376	1
2377	2
2378	0
2379	0
2380	2
2381	3
2382	1
2383	1
2384	2
2385	2
2386	2
2387	1
2388	1
2389	0
2390	1
2391	0
2392	1
2393	1
2394	0
2395	0
2396	1
2397	0
2398	2
2399	2
2400	1
2401	0
2402	2
2403	1
2404	0
2405	0
2406	1
2407	0
2408	1
2409	1
2410	1
2411	2
2412	0
2413	2
2414	1
2415	1
2416	0
2417	0
2418	1
2419	1
2420	1
2421	0
2422	2
2423	1
2424	0
2425	1
2426	5
2427	0
2428	2
2429	1
2430	2
2431	0
2432	0
2433	4
2434	1
2435	0
2436	0
2437	1
2438	0
2439	0
2440	0
2441	0
2442	2
2443	2
2444	1
2445	1
2446	1
2447	1
2448	0
2449	0
2450	3
2451	1
2452	1
2453	1
2454	0
2455	4
2456	2
2457	0
2458	0
2459	1
2460	1
2461	3
2462	0
2463	0
2464	1
2465	2
2466	2
2467	0
2468	1
2469	4
2470	0
2471	2
2472	0
2473	1
2474	2
2475	0
2476	0
2477	0
2478	3
2479	0
2480	2
2481	1
2482	1
2483	0
2484	3
2485	0
2486	0
2487	2
2488	2
2489	0
2490	1
2491	1
2492	1
2493	0
2494	1
2495	3
2496	3
2497	1
2498	2
2499	1
2500	0
2501	0
2502	1
2503	0
2504	0
2505	1
2506	0
2507	1
2508	0
2509	3
2510	4
2511	1
2512	1
2513	0
2514	2
2515	0
2516	1
2517	2
2518	3
2519	1
2520	1
2521	3
2522	0
2523	1
2524	1
2525	0
2526	0
2527	1
2528	0
2529	0
2530	0
2531	1
2532	0
2533	3
2534	2
2535	2
2536	1
2537	0
2538	2
2539	0
2540	1
2541	1
2542	2
2543	1
2544	1
2545	1
2546	1
2547	3
2548	2
2549	1
2550	0
2551	1
2552	0
2553	1
2554	0
2555	0
2556	3
2557	1
2558	0
2559	0
2560	2
2561	1
2562	0
2563	2
2564	0
2565	1
2566	1
2567	1
2568	1
2569	0
2570	1
2571	1
2572	3
2573	0
2574	0
2575	0
2576	1
2577	1
2578	0
2579	1
2580	1
2581	1
2582	0
2583	2
2584	5
2585	2
2586	0
2587	4
2588	1
2589	0
2590	3
2591	0
2592	1
2593	0
2594	2
2595	3
2596	2
2597	1
2598	0
2599	0
2600	1
2601	0
2602	0
2603	1
2604	1
2605	2
2606	0
2607	1
2608	1
2609	0
2610	0
2611	2
2612	1
2613	2
2614	0
2615	0
2616	3
2617	2
2618	1
2619	1
2620	0
2621	1
2622	1
2623	3
2624	1
2625	1
2626	2
2627	3
2628	1
2629	0
2630	1
2631	1
2632	1
2633	1
2634	2
2635	2
2636	0
2637	1
2638	1
2639	0
2640	1
2641	0
2642	0
2643	0
2644	2
2645	0
2646	0
2647	0
2648	1
2649	1
2650	0
2651	0
2652	1
2653	0
2654	4
2655	0
2656	1
2657	1
2658	0
2659	1
2660	1
2661	0
2662	0
2663	0
2664	0
2665	1
2666	2
2667	1
2668	1
2669	4
2670	2
2671	1
2672	2
2673	0
2674	1
2675	1
2676	0
2677	0
2678	0
2679	0
2680	0
2681	1
2682	0
2683	1
2684	1
2685	1
2686	0
2687	1
2688	1
2689	1
2690	1
2691	1
2692	2
2693	2
2694	1
2695	0
2696	1
2697	0
2698	1
2699	0
2700	2
2701	2
2702	2
2703	0
2704	1
2705	1
2706	3
2707	2
2708	0
2709	3
2710	4
2711	1
2712	0
2713	1
2714	1
2715	1
2716	0
2717	1
2718	4
2719	2
2720	2
2721	0
2722	1
2723	1
2724	0
2725	0
2726	1
2727	0
2728	0
2729	0
2730	2
2731	0
2732	0
2733	1
2734	1
2735	0
2736	2
2737	1
2738	2
2739	1
2740	1
2741	1
2742	0
2743	0
2744	1
2745	0
2746	1
2747	1
2748	0
2749	3
2750	1
2751	2
2752	1
2753	2
2754	2
2755	0
2756	1
2757	0
2758	1
2759	2
2760	1
2761	0
2762	0
2763	0
2764	1
2765	0
2766	1
2767	1
2768	2
2769	0
2770	1
2771	1
2772	1
2773	1
2774	1
2775	1
2776	2
2777	2
2778	1
2779	1
2780	1
2781	0
2782	0
2783	1
2784	0
2785	0
2786	1
2787	0
2788	1
2789	3
2790	0
2791	3
2792	0
2793	1
2794	2
2795	2
2796	0
2797	0
2798	0
2799	1
2800	2
2801	1
2802	0
2803	1
2804	1
2805	1
2806	1
2807	1
2808	1
2809	0
2810	1
2811	0
2812	0
2813	1
2814	0
2815	2
2816	1
2817	0
2818	3
2819	0
2820	0
2821	1
2822	0
2823	0
2824	1
2825	0
2826	0
2827	1
2828	1
2829	0
2830	2
2831	0
2832	1
2833	1
2834	1
2835	0
2836	1
2837	1
2838	2
2839	2
2840	2
2841	0
2842	0
2843	1
2844	1
2845	2
2846	1
2847	1
2848	1
2849	0
2850	0
2851	1
2852	0
2853	0
2854	0
2855	0
2856	2
2857	1
2858	2
2859	3
2860	3
2861	1
2862	0
2863	2
2864	0
2865	0
2866	0
2867	1
2868	2
2869	0
2870	3
2871	4
2872	0
2873	2
2874	1
2875	1
2876	0
2877	2
2878	1
2879	1
2880	0
2881	1
2882	0
2883	2
2884	0
2885	1
2886	0
2887	2
2888	1
2889	1
2890	0
2891	1
2892	0
2893	1
2894	1
2895	0
2896	2
2897	1
2898	0
2899	2
2900	0
2901	1
2902	1
2903	0
2904	1
2905	0
2906	0
2907	2
2908	1
2909	0
2910	0
2911	1
2912	1
2913	2
2914	0
2915	1
2916	0
2917	2
2918	0
2919	0
2920	1
2921	1
2922	0
2923	0
2924	0
2925	1
2926	2
2927	0
2928	2
2929	2
2930	2
2931	4
2932	1
2933	0
2934	1
2935	0
2936	1
2937	1
2938	2
2939	1
2940	3
2941	1
2942	2
2943	0
2944	0
2945	2
2946	0
2947	1
2948	3
2949	1
2950	1
2951	0
2952	1
2953	0
2954	1
2955	0
2956	0
2957	0
2958	0
2959	0
2960	0
2961	0
2962	1
2963	2
2964	2
2965	0
2966	2
2967	0
2968	0
2969	1
2970	0
2971	1
2972	0
2973	2
2974	1
2975	0
2976	0
2977	3
2978	2
2979	0
2980	0
2981	0
2982	1
2983	0
2984	1
2985	0
2986	1
2987	3
2988	0
2989	0
2990	1
2991	0
2992	0
2993	0
2994	2
2995	0
2996	2
2997	0
2998	0
2999	0
3000	0
3001	0
3002	0
3003	3
3004	0
3005	0
3006	3
3007	1
3008	0
3009	0
3010	1
3011	1
3012	0
3013	0
3014	2
3015	0
3016	0
3017	0
3018	0
3019	1
3020	0
3021	0
3022	0
3023	0
3024	1
3025	3
3026	1
3027	0
3028	2
3029	0
3030	0
3031	3
3032	1
3033	0
3034	1
3035	0
3036	1
3037	0
3038	3
3039	1
3040	0
3041	0
3042	0
3043	2
3044	3
3045	1
3046	0
3047	2
3048	0
3049	1
3050	0
3051	1
3052	1
3053	0
3054	1
3055	0
3056	0
3057	0
3058	0
3059	1
3060	0
3061	2
3062	1
3063	0
3064	1
3065	0
3066	0
3067	0
3068	0
3069	0
3070	0
3071	0
3072	2
3073	0
3074	0
3075	1
3076	0
3077	1
3078	1
3079	2
3080	0
3081	0
3082	0
3083	0
3084	0
3085	0
3086	2
3087	0
3088	2
3089	1
3090	1
3091	0
3092	3
3093	0
3094	2
3095	1
3096	2
3097	1
3098	0
3099	0
3100	0
3101	1
3102	3
3103	0
3104	1
3105	0
3106	2
3107	0
3108	2
3109	1
3110	1
3111	1
3112	1
3113	1
3114	0
3115	1
3116	1
3117	1
3118	1
3119	0
3120	0
3121	1
3122	1
3123	1
3124	0
3125	2
3126	1
3127	0
3128	1
3129	0
3130	0
3131	1
3132	1
3133	0
3134	1
3135	2
3136	1
3137	2
3138	0
3139	0
3140	0
3141	1
3142	0
3143	1
3144	1
3145	0
3146	1
3147	1
3148	0
3149	0
3150	0
3151	0
3152	0
3153	1
3154	0
3155	3
3156	0
3157	0
3158	1
3159	0
3160	0
3161	1
3162	0
3163	0
3164	0
3165	2
3166	0
3167	0
3168	1
3169	3
3170	1
3171	0
3172	1
3173	0
3174	0
3175	0
3176	0
3177	1
3178	1
3179	0
3180	0
3181	0
3182	1
3183	1
3184	1
3185	0
3186	1
3187	0
3188	0
3189	0
3190	2
3191	0
3192	3
3193	2
3194	0
3195	0
3196	0
3197	0
3198	0
3199	0
3200	0
3201	0
3202	0
3203	1
3204	2
3205	1
3206	1
3207	1
3208	0
3209	0
3210	2
3211	0
3212	1
3213	0
3214	0
3215	1
3216	0
3217	1
3218	3
3219	2
3220	3
3221	0
3222	2
3223	3
3224	1
3225	0
3226	1
3227	0
3228	1
3229	0
3230	0
3231	1
3232	1
3233	0
3234	1
3235	0
3236	0
3237	1
3238	2
3239	0
3240	2
3241	0
3242	1
3243	0
3244	3
3245	2
3246	1
3247	1
3248	0
3249	1
3250	1
3251	0
3252	0
3253	0
3254	0
3255	2
3256	0
3257	0
3258	1
3259	0
3260	0
3261	1
3262	2
3263	2
3264	1
3265	0
3266	0
3267	0
3268	0
3269	2
3270	0
3271	0
3272	2
3273	1
3274	1
3275	1
3276	0
3277	0
3278	1
3279	0
3280	0
3281	1
3282	2
3283	2
3284	0
3285	0
3286	1
3287	0
3288	2
3289	0
3290	1
3291	0
3292	3
3293	0
3294	1
3295	0
3296	2
3297	1
3298	1
3299	1
3300	2
3301	0
3302	0
3303	0
3304	0
3305	1
3306	1
3307	0
3308	1
3309	0
3310	3
3311	1
3312	2
3313	1
3314	0
3315	1
3316	1
3317	0
3318	0
3319	1
3320	1
3321	2
3322	0
3323	0
3324	1
3325	1
3326	1
3327	2
3328	2
3329	1
3330	1
3331	1
3332	0
3333	0
3334	0
3335	0
3336	0
3337	1
3338	0
3339	0
3340	0
3341	1
3342	0
3343	1
3344	2
3345	2
3346	0
3347	1
3348	0
3349	1
3350	1
3351	0
3352	0
3353	0
3354	0
3355	1
3356	0
3357	0
3358	2
3359	1
3360	3
3361	1
3362	0
3363	1
3364	0
3365	1
3366	0
3367	1
3368	1
3369	2
3370	0
3371	1
3372	0
3373	0
3374	1
3375	0
3376	1
3377	0
3378	1
3379	0
3380	1
3381	0
3382	1
3383	0
3384	1
3385	0
3386	4
3387	0
3388	1
3389	1
3390	1
3391	0
3392	0
3393	1
3394	2
3395	1
3396	0
3397	2
3398	1
3399	0
3400	0
3401	0
3402	0
3403	1
3404	2
3405	0
3406	0
3407	0
3408	1
3409	0
3410	0
3411	0
3412	1
3413	0
3414	1
3415	2
3416	1
3417	0
3418	0
3419	3
3420	1
3421	1
3422	0
3423	2
3424	1
3425	0
3426	0
3427	0
3428	0
3429	1
3430	1
3431	1
3432	1
3433	0
3434	0
3435	0
3436	1
3437	1
3438	0
3439	2
3440	1
3441	1
3442	1
3443	1
3444	0
3445	0
3446	0
3447	0
3448	1
3449	0
3450	0
3451	1
3452	2
3453	0
3454	1
3455	0
3456	0
3457	1
3458	1
3459	1
3460	0
3461	2
3462	1
3463	0
3464	0
3465	1
3466	0
3467	3
3468	0
3469	1
3470	0
3471	2
3472	1
3473	0
3474	1
3475	1
3476	1
3477	1
3478	1
3479	0
3480	1
3481	0
3482	2
3483	1
3484	0
3485	0
3486	0
3487	2
3488	0
3489	0
3490	3
3491	0
3492	1
3493	1
3494	0
3495	1
3496	0
3497	0
3498	1
3499	1
3500	1
3501	0
3502	1
3503	1
3504	3
3505	0
3506	0
3507	1
3508	1
3509	1
3510	0
3511	0
3512	0
3513	0
3514	1
3515	0
3516	1
3517	0
3518	2
3519	1
3520	0
3521	1
3522	1
3523	0
3524	1
3525	1
3526	0
3527	0
3528	1
3529	1
3530	1
3531	0
3532	0
3533	0
3534	1
3535	0
3536	0
3537	0
3538	2
3539	0
3540	3
3541	1
3542	0
3543	1
3544	0
3545	2
3546	0
3547	2
3548	1
3549	0
3550	1
3551	1
3552	3
3553	1
3554	0
3555	1
3556	0
3557	1
3558	0
3559	1
3560	0
3561	1
3562	0
3563	1
3564	4
3565	0
3566	1
3567	1
3568	0
3569	0
3570	0
3571	0
3572	1
3573	0
3574	1
3575	1
3576	0
3577	1
3578	1
3579	1
3580	0
3581	2
3582	1
3583	0
3584	2
3585	1
3586	0
3587	0
3588	1
3589	1
3590	1
3591	0
3592	1
3593	0
3594	1
3595	1
3596	1
3597	2
3598	2
3599	0
3600	3
3601	1
3602	0
3603	4
3604	1
3605	1
3606	1
3607	1
3608	0
3609	0
3610	1
3611	0
3612	1
3613	0
3614	1
3615	0
3616	1
3617	1
3618	1
3619	0
3620	0
3621	1
3622	0
3623	0
3624	0
3625	1
3626	0
3627	1
3628	0
3629	1
3630	2
3631	1
3632	0
3633	2
3634	1
3635	2
3636	1
3637	2
3638	1
3639	3
3640	1
3641	0
3642	0
3643	2
3644	0
3645	0
3646	1
3647	0
3648	0
3649	1
3650	1
3651	3
3652	0
3653	0
3654	0
3655	0
3656	0
3657	0
3658	1
3659	0
3660	0
3661	2
3662	0
3663	0
3664	0
3665	0
3666	0
3667	0
3668	0
3669	2
3670	1
3671	0
3672	1
3673	1
3674	0
3675	2
3676	1
3677	0
3678	0
3679	0
3680	0
3681	0
3682	2
3683	0
3684	0
3685	1
3686	2
3687	1
3688	1
3689	1
3690	1
3691	1
3692	0
3693	1
3694	2
3695	0
3696	0
3697	0
3698	1
3699	0
3700	4
3701	0
3702	3
3703	0
3704	0
3705	3
3706	1
3707	1
3708	1
3709	3
3710	0
3711	2
3712	1
3713	0
3714	1
3715	0
3716	0
3717	0
3718	1
3719	1
3720	1
3721	1
3722	0
3723	1
3724	1
3725	0
3726	1
3727	1
3728	0
3729	1
3730	0
3731	0
3732	1
3733	1
3734	0
3735	0
3736	0
3737	0
3738	0
3739	1
3740	0
3741	1
3742	2
3743	0
3744	1
3745	0
3746	0
3747	0
3748	0
3749	0
3750	1
3751	1
3752	0
3753	2
3754	1
3755	0
3756	1
3757	0
3758	1
3759	1
3760	1
3761	1
3762	0
3763	0
3764	1
3765	1
3766	0
3767	1
3768	3
3769	0
3770	1
3771	1
3772	0
3773	2
3774	1
3775	1
3776	1
3777	0
3778	0
3779	1
3780	1
3781	0
3782	0
3783	1
3784	0
3785	0
3786	1
3787	1
3788	0
3789	0
3790	0
3791	1
3792	0
3793	1
3794	1
3795	2
3796	0
3797	1
3798	0
3799	1
3800	0
3801	2
3802	1
3803	1
3804	0
3805	0
3806	1
3807	1
3808	2
3809	0
3810	1
3811	0
3812	2
3813	0
3814	0
3815	1
3816	2
3817	0
3818	0
3819	2
3820	1
3821	0
3822	1
3823	0
3824	2
3825	1
3826	1
3827	0
3828	2
3829	2
3830	0
3831	0
3832	1
3833	1
3834	1
3835	2
3836	1
3837	0
3838	0
3839	0
3840	0
3841	1
3842	0
3843	1
3844	3
3845	0
3846	0
3847	0
3848	0
3849	0
3850	0
3851	1
3852	1
3853	1
3854	0
3855	0
3856	0
3857	1
3858	2
3859	1
3860	0
3861	1
3862	2
3863	1
3864	1
3865	0
3866	3
3867	0
3868	0
3869	0
3870	0
3871	0
3872	0
3873	0
3874	0
3875	0
3876	1
3877	1
3878	0
3879	0
3880	2
3881	1
3882	0
3883	0
3884	1
3885	0
3886	0
3887	0
3888	0
3889	0
3890	0
3891	0
3892	0
3893	1
3894	0
3895	4
3896	0
3897	1
3898	1
3899	1
3900	0
3901	0
3902	1
3903	0
3904	0
3905	2
3906	0
3907	1
3908	0
3909	2
3910	0
3911	0
3912	0
3913	0
3914	0
3915	0
3916	0
3917	2
3918	0
3919	0
3920	0
3921	0
3922	1
3923	1
3924	0
3925	0
3926	1
3927	2
3928	0
3929	1
3930	0
3931	0
3932	0
3933	3
3934	1
3935	2
3936	2
3937	1
3938	0
3939	0
3940	3
3941	0
3942	0
3943	2
3944	1
3945	1
3946	0
3947	0
3948	0
3949	2
3950	1
3951	0
3952	0
3953	0
3954	0
3955	2
3956	0
3957	0
3958	1
3959	1
3960	2
3961	2
3962	2
3963	1
3964	1
3965	1
3966	2
3967	0
3968	0
3969	0
3970	1
3971	2
3972	0
3973	0
3974	1
3975	0
3976	1
3977	1
3978	0
3979	1
3980	0
3981	1
3982	0
3983	1
3984	1
3985	0
3986	2
3987	4
3988	1
3989	1
3990	0
3991	0
3992	1
3993	2
3994	0
3995	0
3996	1
3997	0
3998	0
3999	0
4000	2
4001	1
4002	0
4003	2
4004	1
4005	1
4006	2
4007	1
4008	0
4009	1
4010	3
4011	1
4012	0
4013	0
4014	2
4015	2
4016	0
4017	0
4018	1
4019	1
4020	0
4021	1
4022	2
4023	1
4024	1
4025	0
4026	0
4027	1
4028	0
4029	1
4030	0
4031	0
4032	0
4033	0
4034	0
4035	1
4036	1
4037	0
4038	3
4039	0
4040	0
4041	1
4042	1
4043	0
4044	1
4045	1
4046	0
4047	0
4048	1
4049	0
4050	1
4051	0
4052	0
4053	0
4054	1
4055	2
4056	1
4057	1
4058	0
4059	0
4060	1
4061	1
4062	0
4063	1
4064	0
4065	0
4066	2
4067	2
4068	0
4069	0
4070	1
4071	1
4072	0
4073	2
4074	3
4075	0
4076	0
4077	1
4078	0
4079	0
4080	0
4081	2
4082	0
4083	1
4084	0
4085	0
4086	0
4087	1
4088	0
4089	1
4090	2
4091	2
4092	1
4093	0
4094	0
4095	0
4096	0
4097	0
4098	0
4099	0
4100	3
4101	0
4102	1
4103	1
4104	1
4105	1
4106	0
4107	3
4108	0
4109	1
4110	1
4111	0
4112	1
4113	1
4114	0
4115	0
4116	1
4117	0
4118	0
4119	0
4120	1
4121	0
4122	0
4123	0
4124	1
4125	0
4126	1
4127	0
4128	0
4129	0
4130	1
4131	0
4132	0
4133	1
4134	0
4135	0
4136	0
4137	2
4138	0
4139	1
4140	0
4141	0
4142	0
4143	1
4144	0
4145	2
4146	0
4147	1
4148	0
4149	0
4150	1
4151	1
4152	0
4153	1
4154	1
4155	1
4156	1
4157	0
4158	1
4159	1
4160	0
4161	1
4162	1
4163	0
4164	0
4165	1
4166	0
4167	0
4168	0
4169	0
4170	0
4171	1
4172	0
4173	1
4174	0
4175	1
4176	3
4177	2
4178	1
4179	0
4180	1
4181	2
4182	0
4183	0
4184	0
4185	1
4186	0
4187	0
4188	1
4189	1
4190	0
4191	0
4192	1
4193	1
4194	0
4195	0
4196	0
4197	1
4198	0
4199	1
4200	1
4201	0
4202	1
4203	0
4204	1
4205	2
4206	0
4207	0
4208	0
4209	0
4210	0
4211	1
4212	1
4213	1
4214	1
4215	0
4216	0
4217	0
4218	0
4219	1
4220	0
4221	0
4222	1
4223	2
4224	1
4225	1
4226	0
4227	0
4228	0
4229	0
4230	1
4231	2
4232	0
4233	1
4234	1
4235	0
4236	1
4237	0
4238	2
4239	0
4240	1
4241	0
4242	0
4243	1
4244	0
4245	1
4246	1
4247	1
4248	0
4249	0
4250	0
4251	2
4252	1
4253	0
4254	3
4255	0
4256	0
4257	1
4258	2
4259	2
4260	0
4261	1
4262	1
4263	1
4264	1
4265	2
4266	1
4267	0
4268	0
4269	0
4270	1
4271	1
4272	0
4273	0
4274	4
4275	0
4276	1
4277	2
4278	0
4279	1
4280	0
4281	0
4282	1
4283	2
4284	1
4285	0
4286	2
4287	1
4288	1
4289	1
4290	0
4291	2
4292	0
4293	2
4294	1
4295	0
4296	1
4297	0
4298	1
4299	1
4300	1
4301	1
4302	1
4303	0
4304	1
4305	3
4306	1
4307	0
4308	0
4309	1
4310	0
4311	2
4312	0
4313	0
4314	0
4315	0
4316	0
4317	0
4318	1
4319	0
4320	0
4321	1
4322	0
4323	0
4324	1
4325	1
4326	0
4327	0
4328	2
4329	0
4330	0
4331	0
4332	0
4333	0
4334	0
4335	0
4336	0
4337	0
4338	0
4339	0
4340	1
4341	1
4342	1
4343	0
4344	2
4345	0
4346	0
4347	0
4348	1
4349	1
4350	1
4351	1
4352	1
4353	1
4354	0
4355	1
4356	0
4357	2
4358	1
4359	1
4360	1
4361	1
4362	0
4363	1
4364	0
4365	0
4366	0
4367	0
4368	1
4369	0
4370	0
4371	0
4372	1
4373	0
4374	0
4375	0
4376	0
4377	1
4378	1
4379	0
4380	1
4381	1
4382	0
4383	4
4384	1
4385	1
4386	0
4387	0
4388	0
4389	1
4390	1
4391	0
4392	1
4393	0
4394	0
4395	0
4396	0
4397	2
4398	1
4399	0
4400	0
4401	2
4402	2
4403	0
4404	1
4405	1
4406	2
4407	0
4408	1
4409	1
4410	2
4411	1
4412	3
4413	3
4414	1
4415	1
4416	0
4417	1
4418	1
4419	1
4420	0
4421	0
4422	1
4423	1
4424	0
4425	0
4426	2
4427	0
4428	0
4429	0
4430	0
4431	0
4432	1
4433	0
4434	0
4435	0
4436	1
4437	0
4438	2
4439	2
4440	2
4441	0
4442	1
4443	0
4444	0
4445	0
4446	2
4447	1
4448	2
4449	0
4450	0
4451	0
4452	0
4453	1
4454	0
4455	0
4456	3
4457	0
4458	0
4459	0
4460	1
4461	2
4462	0
4463	1
4464	0
4465	1
4466	0
4467	1
4468	1
4469	0
4470	0
4471	1
4472	0
4473	0
4474	1
4475	1
4476	1
4477	1
4478	0
4479	0
4480	0
4481	0
4482	2
4483	2
4484	0
4485	0
4486	1
4487	0
4488	1
4489	0
4490	3
4491	0
4492	0
4493	0
4494	0
4495	0
4496	1
4497	0
4498	2
4499	1
4500	0
4501	0
4502	2
4503	1
4504	0
4505	0
4506	0
4507	0
4508	0
4509	2
4510	0
4511	0
4512	0
4513	0
4514	0
4515	0
4516	1
4517	1
4518	0
4519	1
4520	0
4521	1
4522	0
4523	0
4524	2
4525	1
4526	1
4527	0
4528	1
4529	2
4530	0
4531	0
4532	2
4533	1
4534	0
4535	0
4536	0
4537	0
4538	0
4539	1
4540	0
4541	1
4542	0
4543	0
4544	0
4545	0
4546	0
4547	1
4548	0
4549	0
4550	0
4551	0
4552	0
4553	0
4554	0
4555	0
4556	0
4557	1
4558	2
4559	0
4560	1
4561	0
4562	1
4563	0
4564	0
4565	0
4566	2
4567	1
4568	1
4569	0
4570	0
4571	2
4572	1
4573	0
4574	0
4575	0
4576	0
4577	1
4578	0
4579	1
4580	0
4581	0
4582	1
4583	0
4584	0
4585	1
4586	0
4587	0
4588	0
4589	0
4590	0
4591	0
4592	0
4593	1
4594	0
4595	0
4596	1
4597	0
4598	0
4599	0
4600	0
4601	0
4602	1
4603	0
4604	1
4605	1
4606	2
4607	1
4608	1
4609	1
4610	0
4611	0
4612	0
4613	1
4614	0
4615	0
4616	1
4617	0
4618	1
4619	0
4620	0
4621	0
4622	0
4623	0
4624	0
4625	1
4626	0
4627	0
4628	0
4629	1
4630	0
4631	1
4632	1
4633	1
4634	0
4635	0
4636	1
4637	2
4638	0
4639	0
4640	1
4641	0
4642	1
4643	1
4644	2
4645	0
4646	0
4647	0
4648	0
4649	0
4650	1
4651	1
4652	1
4653	0
4654	0
4655	0
4656	0
4657	1
4658	0
4659	1
4660	0
4661	0
4662	0
4663	0
4664	0
4665	1
4666	3
4667	0
4668	1
4669	0
4670	0
4671	1
4672	0
4673	1
4674	1
4675	1
4676	1
4677	0
4678	0
4679	1
4680	2
4681	0
4682	1
4683	0
4684	0
4685	0
4686	0
4687	0
4688	0
4689	2
4690	0
4691	0
4692	0
4693	1
4694	1
4695	2
4696	0
4697	0
4698	2
4699	0
4700	1
4701	0
4702	0
4703	0
4704	1
4705	0
4706	0
4707	0
4708	0
4709	0
4710	1
4711	0
4712	0
4713	0
4714	1
4715	1
4716	0
4717	0
4718	0
4719	1
4720	0
4721	1
4722	0
4723	0
4724	1
4725	0
4726	0
4727	0
4728	0
4729	0
4730	0
4731	0
4732	2
4733	1
4734	0
4735	2
4736	0
4737	0
4738	2
4739	0
4740	1
4741	0
4742	0
4743	1
4744	0
4745	0
4746	0
4747	2
4748	0
4749	2
4750	0
4751	1
4752	0
4753	0
4754	0
4755	0
4756	0
4757	1
4758	0
4759	0
4760	2
4761	0
4762	2
4763	0
4764	0
4765	0
4766	1
4767	1
4768	2
4769	1
4770	0
4771	0
4772	1
4773	2
4774	2
4775	2
4776	1
4777	0
4778	1
4779	0
4780	0
4781	0
4782	2
4783	0
4784	0
4785	1
4786	0
4787	0
4788	1
4789	0
4790	1
4791	2
4792	1
4793	1
4794	1
4795	0
4796	2
4797	0
4798	1
4799	0
4800	1
4801	0
4802	1
4803	0
4804	0
4805	0
4806	0
4807	1
4808	0
4809	0
4810	0
4811	0
4812	0
4813	1
4814	0
4815	0
4816	1
4817	0
4818	1
4819	0
4820	1
4821	0
4822	2
4823	1
4824	1
4825	1
4826	0
4827	0
4828	1
4829	1
4830	0
4831	1
4832	1
4833	0
4834	2
4835	2
4836	0
4837	2
4838	0
4839	0
4840	1
4841	1
4842	0
4843	0
4844	0
4845	0
4846	1
4847	1
4848	0
4849	0
4850	0
4851	1
4852	0
4853	0
4854	0
4855	0
4856	0
4857	1
4858	0
4859	1
4860	0
4861	1
4862	1
4863	0
4864	0
4865	3
4866	1
4867	0
4868	0
4869	0
4870	0
4871	1
4872	1
4873	3
4874	2
4875	0
4876	1
4877	0
4878	2
4879	0
4880	0
4881	0
4882	1
4883	1
4884	1
4885	0
4886	1
4887	0
4888	0
4889	3
4890	0
4891	2
4892	2
4893	0
4894	0
4895	1
4896	4
4897	0
4898	1
4899	0
4900	0
4901	0
4902	0
4903	0
4904	0
4905	0
4906	2
4907	1
4908	0
4909	1
4910	1
4911	1
4912	0
4913	1
4914	1
4915	0
4916	2
4917	0
4918	0
4919	0
4920	1
4921	0
4922	0
4923	0
4924	0
4925	1
4926	1
4927	1
4928	0
4929	0
4930	0
4931	2
4932	0
4933	0
4934	2
4935	1
4936	1
4937	0
4938	0
4939	0
4940	1
4941	0
4942	0
4943	1
4944	1
4945	1
4946	4
4947	1
4948	1
4949	1
4950	0
4951	1
4952	1
4953	0
4954	1
4955	3
4956	0
4957	0
4958	1
4959	2
4960	1
4961	2
4962	1
4963	0
4964	0
4965	1
4966	2
4967	0
4968	0
4969	0
4970	0
4971	0
4972	0
4973	2
4974	0
4975	0
4976	1
4977	0
4978	2
4979	0
4980	0
4981	0
4982	0
4983	2
4984	1
4985	0
4986	0
4987	0
4988	2
4989	0
4990	0
4991	1
4992	0
4993	0
4994	1
4995	0
4996	1
4997	1
4998	0
4999	1
5000	1
5001	0
5002	0
5003	0
5004	0
5005	0
5006	1
5007	1
5008	1
5009	1
5010	1
5011	0
5012	0
5013	1
5014	0
5015	1
5016	0
5017	0
5018	0
5019	2
5020	0
5021	1
5022	0
5023	0
5024	0
5025	0
5026	0
5027	0
5028	0
5029	0
5030	0
5031	1
5032	1
5033	0
5034	1
5035	1
5036	0
5037	1
5038	1
5039	1
5040	1
5041	0
5042	0
5043	0
5044	0
5045	1
5046	2
5047	1
5048	0
5049	1
5050	0
5051	0
5052	1
5053	0
5054	0
5055	0
5056	0
5057	0
5058	1
5059	0
5060	2
5061	2
5062	3
5063	0
5064	0
5065	0
5066	0
5067	1
5068	0
5069	1
5070	0
5071	2
5072	1
5073	0
5074	1
5075	0
5076	0
5077	0
5078	0
5079	3
5080	0
5081	1
5082	0
5083	0
5084	1
5085	1
5086	1
5087	1
5088	1
5089	0
5090	0
5091	1
5092	0
5093	0
5094	1
5095	0
5096	1
5097	0
5098	0
5099	0
5100	0
5101	1
5102	0
5103	2
5104	0
5105	1
5106	1
5107	2
5108	0
5109	0
5110	1
5111	0
5112	2
5113	0
5114	0
5115	1
5116	1
5117	0
5118	1
5119	1
5120	2
5121	0
5122	1
5123	2
5124	0
5125	1
5126	1
5127	1
5128	0
5129	3
5130	1
5131	0
5132	0
5133	0
5134	0
5135	0
5136	1
5137	0
5138	0
5139	0
5140	0
5141	0
5142	0
5143	0
5144	0
5145	1
5146	0
5147	1
5148	1
5149	1
5150	1
5151	0
5152	1
5153	2
5154	1
5155	0
5156	0
5157	1
5158	1
5159	0
5160	0
5161	0
5162	1
5163	0
5164	2
5165	1
5166	0
5167	2
5168	2
5169	0
5170	0
5171	1
5172	1
5173	1
5174	0
5175	0
5176	1
5177	0
5178	0
5179	1
5180	0
5181	1
5182	1
5183	2
5184	2
5185	0
5186	0
5187	0
5188	0
5189	0
5190	1
5191	0
5192	0
5193	0
5194	0
5195	0
5196	1
5197	0
5198	1
5199	1
5200	1
5201	0
5202	2
5203	1
5204	0
5205	1
5206	2
5207	0
5208	0
5209	1
5210	1
5211	0
5212	0
5213	1
5214	2
5215	0
5216	0
5217	0
5218	2
5219	2
5220	1
5221	0
5222	1
5223	1
5224	0
5225	0
5226	0
5227	0
5228	0
5229	1
5230	1
5231	1
5232	0
5233	1
5234	0
5235	0
5236	1
5237	0
5238	1
5239	0
5240	0
5241	2
5242	0
5243	0
5244	0
5245	0
5246	0
5247	0
5248	0
5249	0
5250	0
5251	1
5252	0
5253	0
5254	0
5255	1
5256	0
5257	2
5258	0
5259	0
5260	0
5261	1
5262	0
5263	1
5264	1
5265	0
5266	0
5267	0
5268	0
5269	0
5270	0
5271	0
5272	1
5273	0
5274	1
5275	0
5276	0
5277	1
5278	0
5279	0
5280	0
5281	0
5282	1
5283	0
5284	1
5285	1
5286	0
5287	1
5288	0
5289	1
5290	0
5291	0
5292	1
5293	2
5294	3
5295	0
5296	1
5297	0
5298	2
5299	0
5300	0
5301	0
5302	2
5303	1
5304	0
5305	0
5306	3
5307	0
5308	0
5309	0
5310	1
5311	0
5312	0
5313	0
5314	1
5315	0
5316	1
5317	0
5318	0
5319	0
5320	1
5321	1
5322	1
5323	2
5324	0
5325	0
5326	0
5327	1
5328	0
5329	1
5330	0
5331	1
5332	1
5333	0
5334	1
5335	0
5336	1
5337	0
5338	2
5339	1
5340	1
5341	0
5342	1
5343	0
5344	0
5345	1
5346	0
5347	1
5348	0
5349	0
5350	0
5351	0
5352	2
5353	1
5354	1
5355	1
5356	1
5357	1
5358	1
5359	1
5360	0
5361	0
5362	0
5363	0
5364	0
5365	0
5366	1
5367	0
5368	1
5369	1
5370	0
5371	2
5372	0
5373	3
5374	0
5375	0
5376	1
5377	1
5378	1
5379	0
5380	0
5381	1
5382	1
5383	1
5384	0
5385	1
5386	0
5387	0
5388	0
5389	0
5390	0
5391	1
5392	1
5393	0
5394	1
5395	0
5396	1
5397	1
5398	0
5399	0
5400	0
5401	2
5402	0
5403	1
5404	2
5405	0
5406	0
5407	0
5408	2
5409	0
5410	0
5411	0
5412	2
5413	3
5414	0
5415	1
5416	0
5417	0
5418	0
5419	0
5420	1
5421	0
5422	0
5423	1
5424	0
5425	0
5426	2
5427	0
5428	0
5429	0
5430	0
5431	0
5432	1
5433	0
5434	0
5435	0
5436	1
5437	0
5438	0
5439	1
5440	0
5441	0
5442	1
5443	0
5444	1
5445	0
5446	0
5447	1
5448	0
5449	0
5450	0
5451	0
5452	0
5453	1
5454	0
5455	0
5456	1
5457	0
5458	0
5459	1
5460	1
5461	1
5462	1
5463	0
5464	0
5465	0
5466	1
5467	1
5468	0
5469	0
5470	0
5471	0
5472	1
5473	2
5474	0
5475	0
5476	2
5477	1
5478	0
5479	0
5480	1
5481	1
5482	1
5483	0
5484	1
5485	1
5486	1
5487	0
5488	1
5489	0
5490	1
5491	0
5492	1
5493	0
5494	1
5495	0
5496	0
5497	0
5498	0
5499	0
5500	0
5501	0
5502	0
5503	1
5504	1
5505	0
5506	0
5507	1
5508	2
5509	0
5510	0
5511	0
5512	0
5513	0
5514	0
5515	1
5516	1
5517	1
5518	0
5519	1
5520	0
5521	0
5522	0
5523	0
5524	0
5525	0
5526	0
5527	0
5528	2
5529	1
5530	0
5531	0
5532	0
5533	0
5534	0
5535	1
5536	1
5537	0
5538	1
5539	0
5540	0
5541	0
5542	0
5543	0
5544	1
5545	0
5546	0
5547	0
5548	0
5549	1
5550	1
5551	1
5552	1
5553	0
5554	0
5555	0
5556	1
5557	0
5558	0
5559	0
5560	2
5561	0
5562	1
5563	0
5564	2
5565	1
5566	1
5567	0
5568	0
5569	0
5570	4
5571	1
5572	0
5573	0
5574	1
5575	0
5576	0
5577	1
5578	0
5579	0
5580	0
5581	0
5582	1
5583	0
5584	1
5585	0
5586	0
5587	0
5588	0
5589	0
5590	0
5591	1
5592	1
5593	1
5594	1
5595	0
5596	0
5597	1
5598	1
5599	1
5600	0
5601	0
5602	0
5603	0
5604	0
5605	0
5606	2
5607	2
5608	0
5609	1
5610	0
5611	1
5612	1
5613	2
5614	0
5615	0
5616	0
5617	2
5618	3
5619	1
5620	1
5621	1
5622	0
5623	0
5624	0
5625	0
5626	0
5627	0
5628	0
5629	0
5630	1
5631	1
5632	0
5633	0
5634	1
5635	1
5636	0
5637	1
5638	0
5639	2
5640	0
5641	0
5642	0
5643	1
5644	1
5645	1
5646	0
5647	0
5648	0
5649	1
5650	1
5651	0
5652	1
5653	3
5654	0
5655	0
5656	0
5657	0
5658	2
5659	0
5660	0
5661	0
5662	2
5663	1
5664	0
5665	0
5666	0
5667	1
5668	0
5669	1
5670	0
5671	0
5672	0
5673	0
5674	0
5675	1
5676	2
5677	1
5678	2
5679	0
5680	0
5681	1
5682	0
5683	0
5684	0
5685	0
5686	0
5687	0
5688	0
5689	1
5690	2
5691	0
5692	1
5693	0
5694	1
5695	0
5696	1
5697	0
5698	1
5699	0
5700	1
5701	0
5702	0
5703	1
5704	0
5705	1
5706	1
5707	0
5708	0
5709	1
5710	0
5711	0
5712	1
5713	0
5714	0
5715	0
5716	1
5717	1
5718	1
5719	1
5720	0
5721	0
5722	0
5723	2
5724	0
5725	0
5726	0
5727	0
5728	0
5729	0
5730	0
5731	0
5732	2
5733	1
5734	0
5735	1
5736	0
5737	0
5738	0
5739	1
5740	0
5741	0
5742	0
5743	0
5744	1
5745	2
5746	1
5747	1
5748	1
5749	3
5750	1
5751	0
5752	0
5753	0
5754	0
5755	2
5756	1
5757	1
5758	0
5759	0
5760	1
5761	4
5762	0
5763	1
5764	0
5765	0
5766	0
5767	1
5768	1
5769	0
5770	1
5771	0
5772	0
5773	2
5774	0
5775	1
5776	0
5777	0
5778	0
5779	0
5780	1
5781	1
5782	0
5783	1
5784	1
5785	0
5786	0
5787	0
5788	0
5789	0
5790	1
5791	0
5792	0
5793	0
5794	0
5795	1
5796	1
5797	1
5798	2
5799	1
5800	0
5801	2
5802	1
5803	0
5804	0
5805	0
5806	0
5807	1
5808	0
5809	0
5810	1
5811	0
5812	1
5813	0
5814	0
5815	0
5816	0
5817	0
5818	1
5819	1
5820	0
5821	0
5822	0
5823	0
5824	1
5825	3
5826	0
5827	0
5828	0
5829	2
5830	0
5831	0
5832	3
5833	0
5834	0
5835	0
5836	0
5837	0
5838	1
5839	0
5840	1
5841	1
5842	1
5843	0
5844	1
5845	1
5846	0
5847	0
5848	0
5849	1
5850	0
5851	0
5852	0
5853	2
5854	0
5855	0
5856	0
5857	0
5858	1
5859	0
5860	0
5861	1
5862	0
5863	0
5864	0
5865	0
5866	1
5867	0
5868	1
5869	1
5870	2
5871	3
5872	0
5873	0
5874	0
5875	0
5876	0
5877	0
5878	1
5879	0
5880	0
5881	1
5882	1
5883	1
5884	0
5885	0
5886	0
5887	1
5888	2
5889	1
5890	0
5891	1
5892	0
5893	2
5894	0
5895	0
5896	1
5897	1
5898	0
5899	0
5900	0
5901	0
5902	1
5903	1
5904	2
5905	0
5906	0
5907	0
5908	0
5909	0
5910	0
5911	0
5912	0
5913	0
5914	0
5915	0
5916	0
5917	1
5918	0
5919	1
5920	0
5921	0
5922	0
5923	1
5924	0
5925	2
5926	0
5927	2
5928	2
5929	1
5930	1
5931	1
5932	0
5933	1
5934	0
5935	0
5936	0
5937	1
5938	0
5939	0
5940	0
5941	2
5942	0
5943	1
5944	0
5945	2
5946	0
5947	0
5948	1
5949	1
5950	0
5951	1
5952	0
5953	0
5954	0
5955	1
5956	0
5957	1
5958	2
5959	0
5960	1
5961	0
5962	0
5963	0
5964	1
5965	0
5966	0
5967	1
5968	0
5969	1
5970	0
5971	1
5972	0
5973	2
5974	0
5975	0
5976	1
5977	2
5978	1
5979	1
5980	1
5981	2
5982	0
5983	2
5984	1
5985	2
5986	0
5987	0
5988	0
5989	0
5990	0
5991	1
5992	1
5993	1
5994	0
5995	2
5996	0
5997	1
5998	0
5999	1
6000	0
6001	1
6002	0
6003	2
6004	1
6005	0
6006	0
6007	2
6008	0
6009	0
6010	1
6011	1
6012	1
6013	0
6014	0
6015	0
6016	2
6017	0
6018	0
6019	1
6020	0
6021	0
6022	0
6023	0
6024	1
6025	0
6026	0
6027	1
6028	0
6029	0
6030	1
6031	1
6032	0
6033	0
6034	0
6035	1
6036	0
6037	1
6038	0
6039	2
6040	0
6041	0
6042	0
6043	2
6044	1
6045	0
6046	1
6047	1
6048	0
6049	0
6050	0
6051	3
6052	0
6053	4
6054	0
6055	0
6056	1
6057	0
6058	0
6059	1
6060	0
6061	2
6062	0
6063	1
6064	0
6065	2
6066	1
6067	0
6068	0
6069	1
6070	0
6071	0
6072	0
6073	0
6074	2
6075	1
6076	1
6077	0
6078	0
6079	1
6080	1
6081	0
6082	1
6083	0
6084	0
6085	2
6086	0
6087	1
6088	1
6089	0
6090	0
6091	0
6092	2
6093	2
6094	1
6095	1
6096	0
6097	0
6098	0
6099	0
6100	0
6101	1
6102	2
6103	0
6104	0
6105	1
6106	0
6107	1
6108	0
6109	0
6110	1
6111	2
6112	1
6113	0
6114	0
6115	0
6116	2
6117	0
6118	0
6119	1
6120	1
6121	0
6122	0
6123	0
6124	0
6125	1
6126	0
6127	0
6128	1
6129	0
6130	0
6131	0
6132	1
6133	1
6134	0
6135	1
6136	1
6137	1
6138	1
6139	0
6140	1
6141	1
6142	3
6143	0
6144	2
6145	0
6146	0
6147	1
6148	0
6149	1
6150	1
6151	0
6152	2
6153	1
6154	3
6155	1
6156	2
6157	1
6158	1
6159	1
6160	1
6161	0
6162	0
6163	0
6164	2
6165	3
6166	2
6167	0
6168	0
6169	0
6170	0
6171	1
6172	1
6173	0
6174	0
6175	0
6176	0
6177	1
6178	0
6179	0
6180	0
6181	1
6182	0
6183	0
6184	1
6185	0
6186	1
6187	0
6188	0
6189	0
6190	1
6191	0
6192	0
6193	0
6194	1
6195	0
6196	1
6197	0
6198	0
6199	0
6200	2
6201	1
6202	0
6203	0
6204	0
6205	1
6206	0
6207	0
6208	1
6209	1
6210	1
6211	0
6212	0
6213	0
6214	3
6215	2
6216	2
6217	0
6218	0
6219	0
6220	0
6221	0
6222	0
6223	0
6224	0
6225	0
6226	0
6227	1
6228	0
6229	1
6230	1
6231	1
6232	0
6233	0
6234	0
6235	0
6236	1
6237	1
6238	0
6239	1
6240	2
6241	1
6242	0
6243	1
6244	2
6245	1
6246	0
6247	1
6248	0
6249	2
6250	0
6251	0
6252	0
6253	0
6254	0
6255	2
6256	0
6257	0
6258	0
6259	1
6260	2
6261	0
6262	2
6263	0
6264	0
6265	1
6266	0
6267	1
6268	0
6269	2
6270	1
6271	0
6272	1
6273	0
6274	0
6275	0
6276	1
6277	0
6278	0
6279	0
6280	1
6281	0
6282	1
6283	1
6284	0
6285	0
6286	0
6287	1
6288	0
6289	0
6290	0
6291	1
6292	0
6293	0
6294	0
6295	0
6296	0
6297	0
6298	0
6299	0
6300	1
6301	0
6302	1
6303	0
6304	0
6305	0
6306	1
6307	0
6308	0
6309	1
6310	0
6311	0
6312	1
6313	1
6314	1
6315	1
6316	2
6317	0
6318	2
6319	0
6320	0
6321	0
6322	2
6323	1
6324	1
6325	0
6326	0
6327	0
6328	0
6329	1
6330	0
6331	0
6332	1
6333	1
6334	2
6335	1
6336	1
6337	2
6338	0
6339	2
6340	1
6341	0
6342	2
6343	0
6344	0
6345	0
6346	0
6347	1
6348	0
6349	0
6350	1
6351	1
6352	0
6353	1
6354	0
6355	2
6356	1
6357	0
6358	0
6359	0
6360	0
6361	1
6362	1
6363	0
6364	0
6365	0
6366	1
6367	0
6368	1
6369	0
6370	2
6371	1
6372	0
6373	0
6374	0
6375	2
6376	0
6377	0
6378	0
6379	0
6380	1
6381	0
6382	0
6383	0
6384	1
6385	0
6386	0
6387	1
6388	0
6389	1
6390	1
6391	0
6392	1
6393	0
6394	0
6395	0
6396	0
6397	1
6398	0
6399	0
6400	1
6401	0
6402	1
6403	1
6404	1
6405	2
6406	0
6407	1
6408	0
6409	0
6410	0
6411	2
6412	0
6413	2
6414	3
6415	0
6416	1
6417	0
6418	2
6419	0
6420	2
6421	0
6422	0
6423	1
6424	1
6425	1
6426	0
6427	0
6428	0
6429	0
6430	0
6431	0
6432	0
6433	0
6434	0
6435	0
6436	0
6437	0
6438	1
6439	0
6440	0
6441	0
6442	0
6443	0
6444	2
6445	1
6446	1
6447	2
6448	0
6449	1
6450	0
6451	1
6452	0
6453	0
6454	1
6455	0
6456	1
6457	1
6458	0
6459	1
6460	0
6461	0
6462	1
6463	1
6464	0
6465	0
6466	0
6467	1
6468	0
6469	0
6470	0
6471	0
6472	1
6473	0
6474	1
6475	0
6476	2
6477	0
6478	0
6479	0
6480	2
6481	2
6482	0
6483	2
6484	0
6485	0
6486	1
6487	0
6488	2
6489	0
6490	1
6491	0
6492	0
6493	1
6494	0
6495	0
6496	0
6497	1
6498	1
6499	1
6500	0
6501	0
6502	0
6503	0
6504	0
6505	0
6506	0
6507	0
6508	0
6509	2
6510	1
6511	1
6512	1
6513	1
6514	0
6515	0
6516	1
6517	1
6518	1
6519	0
6520	0
6521	1
6522	1
6523	0
6524	1
6525	1
6526	0
6527	2
6528	2
6529	3
6530	0
6531	0
6532	0
6533	0
6534	2
6535	0
6536	0
6537	0
6538	1
6539	0
6540	1
6541	1
6542	1
6543	0
6544	0
6545	0
6546	1
6547	0
6548	0
6549	0
6550	0
6551	0
6552	2
6553	1
6554	0
6555	0
6556	1
6557	1
6558	1
6559	0
6560	0
6561	0
6562	1
6563	0
6564	1
6565	0
6566	0
6567	1
6568	0
6569	1
6570	1
6571	0
6572	0
6573	0
6574	2
6575	0
6576	0
6577	2
6578	0
6579	1
6580	1
6581	1
6582	0
6583	1
6584	2
6585	0
6586	1
6587	0
6588	1
6589	1
6590	1
6591	1
6592	0
6593	0
6594	1
6595	0
6596	0
6597	1
6598	0
6599	0
6600	0
6601	0
6602	1
6603	0
6604	1
6605	0
6606	0
6607	2
6608	0
6609	0
6610	0
6611	0
6612	1
6613	0
6614	0
6615	1
6616	0
6617	3
6618	0
6619	0
6620	1
6621	1
6622	1
6623	1
6624	0
6625	2
6626	1
6627	0
6628	1
6629	0
6630	0
6631	0
6632	1
6633	1
6634	2
6635	0
6636	0
6637	1
6638	0
6639	0
6640	0
6641	1
6642	0
6643	2
6644	0
6645	1
6646	1
6647	0
6648	0
6649	1
6650	0
6651	1
6652	1
6653	2
6654	0
6655	0
6656	0
6657	2
6658	0
6659	0
6660	0
6661	0
6662	0
6663	1
6664	0
6665	1
6666	0
6667	0
6668	0
6669	0
6670	1
6671	0
6672	0
6673	0
6674	1
6675	0
6676	0
6677	0
6678	0
6679	0
6680	0
6681	0
6682	0
6683	1
6684	1
6685	0
6686	2
6687	1
6688	0
6689	0
6690	1
6691	1
6692	1
6693	0
6694	1
6695	1
6696	1
6697	0
6698	0
6699	1
6700	1
6701	1
6702	0
6703	1
6704	2
6705	0
6706	0
6707	0
6708	1
6709	0
6710	0
6711	1
6712	0
6713	1
6714	0
6715	0
6716	1
6717	0
6718	2
6719	0
6720	0
6721	0
6722	0
6723	0
6724	2
6725	0
6726	1
6727	2
6728	1
6729	0
6730	2
6731	0
6732	0
6733	0
6734	0
6735	1
6736	0
6737	0
6738	0
6739	0
6740	0
6741	1
6742	0
6743	0
6744	2
6745	2
6746	0
6747	0
6748	1
6749	4
6750	0
6751	2
6752	0
6753	0
6754	0
6755	1
6756	0
6757	0
6758	1
6759	1
6760	0
6761	0
6762	1
6763	0
6764	0
6765	0
6766	0
6767	0
6768	1
6769	0
6770	0
6771	0
6772	1
6773	0
6774	3
6775	1
6776	0
6777	1
6778	1
6779	0
6780	1
6781	0
6782	0
6783	2
6784	0
6785	0
6786	1
6787	1
6788	1
6789	1
6790	1
6791	0
6792	0
6793	0
6794	0
6795	0
6796	0
6797	1
6798	0
6799	0
6800	2
6801	3
6802	0
6803	0
6804	1
6805	0
6806	0
6807	0
6808	2
6809	1
6810	0
6811	1
6812	1
6813	1
6814	1
6815	0
6816	0
6817	2
6818	0
6819	0
6820	1
6821	0
6822	0
6823	0
6824	0
6825	1
6826	0
6827	0
6828	0
6829	0
6830	1
6831	0
6832	1
6833	0
6834	1
6835	0
6836	0
6837	0
6838	0
6839	0
6840	1
6841	0
6842	1
6843	0
6844	0
6845	1
6846	0
6847	2
6848	1
6849	0
6850	0
6851	0
6852	1
6853	0
6854	0
6855	0
6856	2
6857	0
6858	1
6859	0
6860	2
6861	1
6862	1
6863	0
6864	1
6865	1
6866	1
6867	0
6868	2
6869	1
6870	2
6871	2
6872	0
6873	0
6874	0
6875	0
6876	0
6877	2
6878	0
6879	1
6880	0
6881	1
6882	0
6883	2
6884	1
6885	0
6886	1
6887	0
6888	2
6889	0
6890	1
6891	1
6892	2
6893	2
6894	0
6895	1
6896	0
6897	0
6898	0
6899	0
6900	0
6901	0
6902	0
6903	2
6904	2
6905	0
6906	0
6907	0
6908	1
6909	0
6910	0
6911	1
6912	0
6913	0
6914	0
6915	0
6916	1
6917	0
6918	0
6919	2
6920	0
6921	0
6922	2
6923	0
6924	2
6925	1
6926	0
6927	0
6928	0
6929	1
6930	1
6931	1
6932	0
6933	1
6934	1
6935	1
6936	0
6937	0
6938	1
6939	1
6940	0
6941	2
6942	0
6943	1
6944	0
6945	0
6946	0
6947	0
6948	0
6949	0
6950	0
6951	0
6952	2
6953	1
6954	0
6955	0
6956	1
6957	1
6958	0
6959	1
6960	0
6961	1
6962	1
6963	2
6964	3
6965	0
6966	1
6967	0
6968	2
6969	0
6970	0
6971	1
6972	0
6973	0
6974	1
6975	0
6976	1
6977	2
6978	1
6979	0
6980	2
6981	1
6982	1
6983	1
6984	0
6985	0
6986	2
6987	1
6988	2
6989	0
6990	0
6991	1
6992	0
6993	1
6994	0
6995	0
6996	1
6997	0
6998	0
6999	2
7000	0
7001	0
7002	1
7003	0
7004	0
7005	1
7006	0
7007	1
7008	0
7009	2
7010	1
7011	1
7012	0
7013	1
7014	0
7015	1
7016	0
7017	1
7018	0
7019	0
7020	0
7021	2
7022	0
7023	1
7024	2
7025	0
7026	1
7027	0
7028	0
7029	0
7030	0
7031	1
7032	0
7033	0
7034	0
7035	1
7036	0
7037	0
7038	3
7039	1
7040	0
7041	0
7042	1
7043	0
7044	1
7045	1
7046	1
7047	0
7048	1
7049	1
7050	0
7051	0
7052	0
7053	0
7054	1
7055	0
7056	0
7057	1
7058	0
7059	2
7060	0
7061	1
7062	0
7063	3
7064	0
7065	0
7066	0
7067	1
7068	2
7069	0
7070	0
7071	0
7072	0
7073	1
7074	1
7075	2
7076	0
7077	0
7078	1
7079	1
7080	1
7081	0
7082	0
7083	1
7084	0
7085	1
7086	2
7087	1
7088	1
7089	1
7090	0
7091	1
7092	0
7093	0
7094	0
7095	1
7096	0
7097	0
7098	2
7099	1
7100	0
7101	0
7102	1
7103	1
7104	0
7105	1
7106	1
7107	0
7108	0
7109	0
7110	3
7111	0
7112	0
7113	0
7114	0
7115	1
7116	1
7117	0
7118	0
7119	0
7120	1
7121	1
7122	2
7123	1
7124	0
7125	0
7126	0
7127	0
7128	1
7129	1
7130	1
7131	0
7132	1
7133	1
7134	1
7135	0
7136	0
7137	1
7138	2
7139	1
7140	0
7141	0
7142	0
7143	1
7144	1
7145	1
7146	0
7147	0
7148	0
7149	0
7150	0
7151	0
7152	0
7153	1
7154	1
7155	1
7156	0
7157	0
7158	1
7159	0
7160	0
7161	1
7162	1
7163	0
7164	0
7165	0
7166	1
7167	0
7168	0
7169	0
7170	0
7171	0
7172	1
7173	1
7174	0
7175	0
7176	2
7177	0
7178	1
7179	0
7180	1
7181	2
7182	1
7183	1
7184	3
7185	1
7186	2
7187	1
7188	0
7189	0
7190	0
7191	1
7192	0
7193	0
7194	1
7195	1
7196	2
7197	0
7198	1
7199	0
7200	0
7201	0
7202	1
7203	0
7204	0
7205	0
7206	1
7207	0
7208	0
7209	0
7210	1
7211	1
7212	2
7213	1
7214	0
7215	0
7216	0
7217	0
7218	0
7219	1
7220	0
7221	0
7222	1
7223	1
7224	1
7225	0
7226	0
7227	0
7228	0
7229	2
7230	0
7231	0
7232	3
7233	1
7234	0
7235	2
7236	0
7237	1
7238	0
7239	0
7240	0
7241	0
7242	1
7243	0
7244	0
7245	1
7246	0
7247	0
7248	0
7249	0
7250	1
7251	0
7252	0
7253	0
7254	1
7255	0
7256	0
7257	1
7258	0
7259	2
7260	0
7261	1
7262	2
7263	0
7264	0
7265	0
7266	2
7267	0
7268	3
7269	0
7270	0
7271	1
7272	1
7273	0
7274	0
7275	1
7276	0
7277	1
7278	1
7279	0
7280	2
7281	0
7282	2
7283	0
7284	0
7285	1
7286	0
7287	1
7288	2
7289	1
7290	0
7291	0
7292	1
7293	0
7294	0
7295	2
7296	0
7297	0
7298	4
7299	0
7300	1
7301	2
7302	0
7303	2
7304	0
7305	0
7306	0
7307	1
7308	1
7309	0
7310	1
7311	0
7312	0
7313	1
7314	0
7315	1
7316	0
7317	0
7318	0
7319	0
7320	0
7321	1
7322	0
7323	1
7324	1
7325	0
7326	3
7327	1
7328	0
7329	1
7330	0
7331	1
7332	1
7333	0
7334	0
7335	1
7336	0
7337	0
7338	0
7339	1
7340	1
7341	0
7342	1
7343	0
7344	1
7345	0
7346	0
7347	0
7348	0
7349	1
7350	0
7351	0
7352	1
7353	1
7354	2
7355	0
7356	1
7357	0
7358	1
7359	2
7360	0
7361	0
7362	1
7363	1
7364	1
7365	1
7366	3
7367	2
7368	0
7369	0
7370	2
7371	1
7372	0
7373	0
7374	0
7375	1
7376	0
7377	1
7378	1
7379	0
7380	2
7381	1
7382	1
7383	0
7384	2
7385	1
7386	2
7387	2
7388	2
7389	1
7390	1
7391	1
7392	1
7393	0
7394	0
7395	0
7396	1
7397	1
7398	1
7399	0
7400	1
7401	1
7402	0
7403	1
7404	1
7405	1
7406	0
7407	1
7408	0
7409	0
7410	0
7411	0
7412	0
7413	0
7414	0
7415	0
7416	1
7417	0
7418	1
7419	1
7420	1
7421	1
7422	0
7423	0
7424	2
7425	1
7426	1
7427	1
7428	1
7429	1
7430	0
7431	0
7432	1
7433	0
7434	0
7435	0
7436	1
7437	1
7438	1
7439	0
7440	0
7441	2
7442	0
7443	0
7444	2
7445	0
7446	0
7447	1
7448	0
7449	1
7450	0
7451	1
7452	0
7453	0
7454	0
7455	0
7456	0
7457	0
7458	0
7459	1
7460	0
7461	1
7462	0
7463	1
7464	1
7465	0
7466	0
7467	0
7468	0
7469	1
7470	1
7471	0
7472	1
7473	0
7474	0
7475	1
7476	1
7477	2
7478	1
7479	1
7480	0
7481	0
7482	0
7483	0
7484	1
7485	1
7486	0
7487	0
7488	0
7489	1
7490	1
7491	0
7492	0
7493	0
7494	0
7495	1
7496	0
7497	1
7498	1
7499	0
7500	1
7501	2
7502	1
7503	1
7504	0
7505	0
7506	0
7507	2
7508	0
7509	1
7510	0
7511	0
7512	1
7513	1
7514	0
7515	1
7516	0
7517	0
7518	0
7519	1
7520	0
7521	1
7522	0
7523	0
7524	0
7525	1
7526	0
7527	0
7528	0
7529	0
7530	1
7531	0
7532	0
7533	0
7534	1
7535	1
7536	0
7537	1
7538	1
7539	0
7540	0
7541	0
7542	1
7543	0
7544	0
7545	0
7546	0
7547	0
7548	0
7549	2
7550	0
7551	0
7552	1
7553	0
7554	0
7555	2
7556	0
7557	0
7558	0
7559	0
7560	0
7561	0
7562	0
7563	2
7564	1
7565	0
7566	0
7567	2
7568	0
7569	0
7570	0
7571	0
7572	1
7573	1
7574	0
7575	1
7576	1
7577	0
7578	0
7579	0
7580	0
7581	0
7582	0
7583	0
7584	2
7585	1
7586	1
7587	0
7588	1
7589	0
7590	0
7591	1
7592	0
7593	1
7594	0
7595	0
7596	0
7597	0
7598	1
7599	0
7600	1
7601	1
7602	1
7603	0
7604	1
7605	0
7606	0
7607	0
7608	0
7609	1
7610	1
7611	0
7612	0
7613	2
7614	1
7615	0
7616	0
7617	0
7618	1
7619	0
7620	2
7621	0
7622	1
7623	0
7624	2
7625	0
7626	0
7627	0
7628	0
7629	0
7630	0
7631	0
7632	0
7633	1
7634	0
7635	0
7636	0
7637	2
7638	0
7639	1
7640	0
7641	1
7642	1
7643	1
7644	1
7645	0
7646	0
7647	0
7648	0
7649	0
7650	0
7651	0
7652	0
7653	0
7654	2
7655	0
7656	1
7657	0
7658	0
7659	0
7660	0
7661	0
7662	1
7663	0
7664	2
7665	0
7666	0
7667	0
7668	0
7669	0
7670	0
7671	0
7672	0
7673	0
7674	1
7675	1
7676	1
7677	0
7678	1
7679	0
7680	1
7681	0
7682	0
7683	2
7684	0
7685	1
7686	0
7687	1
7688	0
7689	0
7690	0
7691	2
7692	0
7693	0
7694	0
7695	0
7696	1
7697	2
7698	2
7699	0
7700	2
7701	1
7702	1
7703	1
7704	0
7705	0
7706	0
7707	2
7708	0
7709	0
7710	1
7711	0
7712	0
7713	1
7714	0
7715	0
7716	0
7717	0
7718	0
7719	1
7720	1
7721	2
7722	1
7723	0
7724	1
7725	0
7726	0
7727	0
7728	0
7729	1
7730	0
7731	0
7732	0
7733	0
7734	0
7735	1
7736	0
7737	0
7738	0
7739	0
7740	0
7741	1
7742	0
7743	0
7744	1
7745	1
7746	0
7747	1
7748	0
7749	0
7750	1
7751	0
7752	1
7753	2
7754	0
7755	1
7756	0
7757	0
7758	1
7759	0
7760	0
7761	1
7762	0
7763	1
7764	0
7765	1
7766	0
7767	0
7768	0
7769	1
7770	0
7771	0
7772	0
7773	1
7774	0
7775	1
7776	0
7777	0
7778	0
7779	0
7780	0
7781	0
7782	0
7783	0
7784	0
7785	1
7786	1
7787	0
7788	2
7789	0
7790	2
7791	0
7792	0
7793	0
7794	1
7795	0
7796	0
7797	0
7798	1
7799	1
7800	0
7801	2
7802	2
7803	1
7804	0
7805	0
7806	0
7807	0
7808	0
7809	0
7810	1
7811	0
7812	0
7813	0
7814	1
7815	1
7816	0
7817	1
7818	0
7819	0
7820	0
7821	0
7822	1
7823	0
7824	2
7825	1
7826	1
7827	0
7828	1
7829	0
7830	2
7831	1
7832	1
7833	0
7834	1
7835	1
7836	1
7837	2
7838	3
7839	0
7840	0
7841	1
7842	0
7843	0
7844	1
7845	1
7846	1
7847	0
7848	0
7849	1
7850	0
7851	0
7852	0
7853	0
7854	0
7855	0
7856	1
7857	0
7858	0
7859	3
7860	0
7861	1
7862	0
7863	1
7864	1
7865	0
7866	0
7867	1
7868	2
7869	1
7870	0
7871	0
7872	1
7873	1
7874	0
7875	0
7876	0
7877	0
7878	0
7879	1
7880	1
7881	1
7882	0
7883	0
7884	0
7885	0
7886	0
7887	0
7888	1
7889	0
7890	1
7891	1
7892	0
7893	1
7894	1
7895	1
7896	0
7897	0
7898	3
7899	0
7900	0
7901	0
7902	1
7903	0
7904	0
7905	1
7906	0
7907	0
7908	2
7909	1
7910	0
7911	1
7912	1
7913	0
7914	1
7915	0
7916	0
7917	0
7918	2
7919	1
7920	1
7921	1
7922	0
7923	1
7924	2
7925	0
7926	0
7927	0
7928	1
7929	0
7930	0
7931	0
7932	0
7933	0
7934	0
7935	0
7936	0
7937	0
7938	2
7939	2
7940	1
7941	2
7942	1
7943	3
7944	0
7945	0
7946	1
7947	1
7948	0
7949	0
7950	0
7951	0
7952	0
7953	1
7954	0
7955	1
7956	0
7957	0
7958	0
7959	1
7960	0
7961	2
7962	0
7963	1
7964	0
7965	0
7966	0
7967	0
7968	0
7969	1
7970	0
7971	0
7972	1
7973	2
7974	1
7975	0
7976	1
7977	0
7978	0
7979	1
7980	0
7981	1
7982	0
7983	1
7984	1
7985	1
7986	4
7987	0
7988	1
7989	0
7990	1
7991	0
7992	0
7993	0
7994	0
7995	1
7996	0
7997	1
7998	2
7999	0
8000	0
8001	1
8002	0
8003	0
8004	1
8005	1
8006	0
8007	2
8008	0
8009	0
8010	0
8011	0
8012	0
8013	0
8014	0
8015	1
8016	0
8017	0
8018	0
8019	1
8020	1
8021	0
8022	0
8023	1
8024	0
8025	0
8026	1
8027	2
8028	0
8029	0
8030	0
8031	1
8032	1
8033	0
8034	0
8035	0
8036	3
8037	0
8038	1
8039	2
8040	0
8041	1
8042	1
8043	0
8044	0
8045	1
8046	0
8047	0
8048	1
8049	2
8050	0
8051	0
8052	0
8053	0
8054	0
8055	0
8056	0
8057	1
8058	0
8059	1
8060	3
8061	0
8062	1
8063	1
8064	0
8065	0
8066	0
8067	0
8068	0
8069	1
8070	0
8071	1
8072	0
8073	1
8074	1
8075	0
8076	1
8077	1
8078	0
8079	0
8080	1
8081	0
8082	1
8083	1
8084	0
8085	0
8086	3
8087	1
8088	0
8089	1
8090	0
8091	1
8092	0
8093	0
8094	0
8095	1
8096	1
8097	1
8098	1
8099	1
8100	1
8101	1
8102	0
8103	0
8104	0
8105	0
8106	0
8107	0
8108	0
8109	0
8110	1
8111	1
8112	1
8113	0
8114	1
8115	1
8116	0
8117	2
8118	0
8119	0
8120	0
8121	1
8122	0
8123	1
8124	1
8125	0
8126	0
8127	0
8128	0
8129	1
8130	1
8131	2
8132	0
8133	0
8134	2
8135	2
8136	0
8137	0
8138	0
8139	0
8140	1
8141	0
8142	0
8143	0
8144	0
8145	0
8146	0
8147	0
8148	0
8149	0
8150	0
8151	0
8152	0
8153	0
8154	0
8155	0
8156	0
8157	0
8158	0
8159	0
8160	0
8161	0
8162	0
8163	0
8164	0
8165	0
8166	0
8167	0
8168	0
8169	0
8170	0
8171	0
8172	0
8173	0
8174	0
8175	0
8176	0
8177	0
8178	0
8179	0
8180	0
8181	0
8182	0
8183	0
8184	0
8185	0
8186	0
8187	0
8188	0
8189	0
8190	0
8191	0
