0	0
1	0
2	0
3	0
4	0
5	0
6	0
7	0
8	0
9	0
10	0
11	0
12	0
13	0
14	0
15	0
16	0
17	0
18	0
19	0
20	0
21	0
22	0
23	0
24	0
25	0
26	0
27	0
28	0
29	0
30	0
31	0
32	1
33	1
34	0
35	0
36	0
37	1
38	0
39	0
40	0
41	0
42	0
43	1
44	1
45	1
46	0
47	0
48	1
49	0
50	0
51	0
52	0
53	0
54	2
55	0
56	0
57	0
58	0
59	0
60	1
61	0
62	0
63	0
64	0
65	1
66	0
67	0
68	0
69	1
70	0
71	0
72	0
73	0
74	0
75	0
76	0
77	0
78	0
79	0
80	0
81	0
82	0
83	0
84	1
85	0
86	0
87	0
88	0
89	0
90	0
91	0
92	0
93	1
94	0
95	0
96	0
97	0
98	1
99	0
100	0
101	0
102	0
103	0
104	0
105	0
106	0
107	0
108	0
109	0
110	0
111	0
112	0
113	0
114	0
115	1
116	0
117	0
118	1
119	0
120	0
121	0
122	0
123	0
124	0
125	0
126	0
127	0
128	0
129	0
130	0
131	0
132	0
133	0
134	0
135	0
136	0
137	0
138	0
139	0
140	1
141	0
142	0
143	0
144	0
145	0
146	0
147	0
148	0
149	0
150	0
151	0
152	1
153	0
154	1
155	0
156	0
157	0
158	1
159	0
160	0
161	0
162	0
163	1
164	0
165	0
166	0
167	0
168	0
169	0
170	0
171	0
172	0
173	1
174	0
175	0
176	0
177	0
178	0
179	0
180	1
181	0
182	0
183	0
184	0
185	0
186	0
187	1
188	0
189	0
190	0
191	0
192	0
193	0
194	0
195	0
196	0
197	0
198	0
199	0
200	0
201	0
202	0
203	0
204	0
205	0
206	0
207	0
208	0
209	0
210	0
211	0
212	0
213	0
214	0
215	1
216	0
217	1
218	0
219	0
220	0
221	1
222	0
223	0
224	0
225	0
226	0
227	0
228	0
229	0
230	0
231	0
232	0
233	0
234	0
235	0
236	0
237	0
238	0
239	0
240	0
241	0
242	0
243	0
244	0
245	0
246	0
247	0
248	1
249	1
250	0
251	0
252	0
253	0
254	0
255	0
256	0
257	1
258	0
259	0
260	0
261	0
262	0
263	0
264	0
265	0
266	0
267	0
268	0
269	0
270	0
271	0
272	0
273	0
274	0
275	0
276	0
277	0
278	0
279	0
280	1
281	0
282	0
283	0
284	0
285	0
286	0
287	0
288	0
289	0
290	0
291	0
292	0
293	0
294	0
295	1
296	0
297	0
298	0
299	0
300	0
301	0
302	0
303	0
304	0
305	0
306	0
307	0
308	0
309	0
310	1
311	0
312	0
313	0
314	0
315	0
316	0
317	0
318	0
319	0
320	0
321	0
322	0
323	0
324	0
325	0
326	0
327	0
328	0
329	0
330	0
331	0
332	0
333	0
334	0
335	0
336	0
337	0
338	0
339	0
340	0
341	0
342	0
343	0
344	0
345	0
346	0
347	0
348	0
349	0
350	0
351	0
352	0
353	0
354	0
355	0
356	0
357	0
358	0
359	1
360	0
361	0
362	0
363	0
364	0
365	0
366	0
367	0
368	0
369	0
370	0
371	0
372	0
373	0
374	1
375	0
376	0
377	0
378	0
379	0
380	0
381	0
382	0
383	0
384	0
385	0
386	0
387	0
388	0
389	0
390	0
391	1
392	0
393	0
394	0
395	0
396	0
397	0
398	0
399	0
400	0
401	0
402	0
403	0
404	0
405	0
406	0
407	0
408	0
409	0
410	0
411	0
412	0
413	0
414	0
415	0
416	0
417	0
418	1
419	0
420	0
421	0
422	0
423	0
424	0
425	0
426	0
427	0
428	0
429	0
430	0
431	0
432	1
433	0
434	0
435	0
436	0
437	0
438	0
439	0
440	0
441	0
442	0
443	0
444	0
445	0
446	0
447	0
448	0
449	0
450	0
451	1
452	0
453	0
454	0
455	0
456	1
457	0
458	0
459	0
460	0
461	0
462	0
463	0
464	1
465	0
466	2
467	1
468	0
469	0
470	0
471	0
472	0
473	0
474	0
475	0
476	1
477	0
478	0
479	0
480	0
481	0
482	0
483	0
484	0
485	0
486	0
487	0
488	0
489	0
490	0
491	1
492	0
493	0
494	0
495	0
496	0
497	0
498	0
499	0
500	0
501	0
502	0
503	0
504	0
505	0
506	0
507	0
508	0
509	0
510	0
511	0
512	0
513	0
514	1
515	1
516	0
517	0
518	0
519	0
520	0
521	0
522	1
523	0
524	0
525	0
526	0
527	0
528	0
529	0
530	1
531	0
532	0
533	0
534	0
535	0
536	0
537	0
538	0
539	0
540	0
541	0
542	0
543	0
544	0
545	0
546	0
547	1
548	0
549	0
550	0
551	0
552	0
553	0
554	0
555	0
556	0
557	0
558	0
559	0
560	0
561	0
562	1
563	0
564	0
565	0
566	0
567	0
568	0
569	0
570	0
571	0
572	1
573	1
574	0
575	0
576	1
577	0
578	1
579	0
580	1
581	0
582	1
583	0
584	0
585	1
586	1
587	3
588	1
589	0
590	1
591	2
592	1
593	4
594	4
595	2
596	1
597	4
598	3
599	6
600	11
601	1
602	6
603	8
604	7
605	4
606	14
607	10
608	15
609	14
610	15
611	17
612	30
613	23
614	31
615	44
616	38
617	38
618	55
619	68
620	80
621	80
622	92
623	109
624	115
625	130
626	153
627	149
628	176
629	192
630	196
631	194
632	213
633	227
634	222
635	259
636	279
637	272
638	330
639	356
640	367
641	390
642	432
643	526
644	540
645	688
646	771
647	853
648	1018
649	1147
650	1323
651	1516
652	1599
653	1804
654	1903
655	2022
656	2205
657	2332
658	2352
659	2615
660	2751
661	2856
662	2917
663	3125
664	3135
665	3340
666	3465
667	3589
668	3619
669	3654
670	3890
671	4064
672	4264
673	4255
674	4506
675	4653
676	4785
677	5043
678	5089
679	5420
680	5369
681	5741
682	5855
683	6190
684	6387
685	6520
686	6796
687	6812
688	7091
689	7501
690	7681
691	7871
692	8191
693	8573
694	8545
695	8777
696	9138
697	9597
698	9849
699	10103
700	10705
701	10864
702	11091
703	11648
704	11849
705	12034
706	12544
707	12974
708	13417
709	13940
710	14202
711	14548
712	14857
713	15661
714	15876
715	16403
716	16653
717	17331
718	17724
719	18071
720	18824
721	19480
722	19874
723	20193
724	20667
725	21386
726	21833
727	22368
728	23079
729	23581
730	24398
731	25259
732	25446
733	26187
734	26617
735	27192
736	28019
737	29172
738	29693
739	30301
740	30697
741	31580
742	32100
743	32919
744	33871
745	34254
746	34630
747	35438
748	36451
749	37229
750	37918
751	38722
752	39285
753	40044
754	40636
755	41619
756	42574
757	43466
758	43894
759	44682
760	45440
761	45736
762	46662
763	47428
764	48397
765	49251
766	49643
767	51009
768	51570
769	51969
770	52646
771	53051
772	54483
773	54627
774	55816
775	56145
776	56760
777	57895
778	58495
779	59026
780	59871
781	60243
782	61208
783	61702
784	62242
785	63311
786	63900
787	63727
788	64836
789	65370
790	65811
791	66291
792	66726
793	67092
794	67417
795	68385
796	68431
797	69107
798	69572
799	70242
800	70053
801	70335
802	71384
803	70652
804	72047
805	71953
806	72242
807	72494
808	72557
809	73087
810	73388
811	73093
812	73533
813	73511
814	73893
815	73894
816	74243
817	73875
818	74554
819	74513
820	74634
821	74263
822	74604
823	74769
824	74074
825	74409
826	74460
827	74794
828	74546
829	74013
830	73680
831	73596
832	73796
833	72996
834	73135
835	72925
836	72883
837	72915
838	72782
839	72099
840	71694
841	71728
842	70802
843	71210
844	70469
845	70026
846	69890
847	69836
848	69209
849	69421
850	68866
851	68122
852	68062
853	67796
854	67191
855	66624
856	66485
857	66027
858	65462
859	64888
860	64875
861	64132
862	63935
863	63543
864	62892
865	61886
866	61998
867	61771
868	61287
869	60025
870	59997
871	59109
872	59340
873	58366
874	57893
875	57550
876	57212
877	56110
878	56019
879	55394
880	55157
881	54397
882	53867
883	53470
884	53371
885	52574
886	52130
887	51933
888	51090
889	50774
890	50308
891	49718
892	49101
893	48679
894	48072
895	47717
896	47491
897	46439
898	46481
899	46146
900	44991
901	44843
902	44317
903	43818
904	43253
905	42772
906	42740
907	42117
908	41522
909	41334
910	40467
911	40125
912	39996
913	39401
914	38780
915	38621
916	37933
917	37430
918	37405
919	37267
920	36756
921	36038
922	35758
923	35758
924	34912
925	34747
926	34279
927	34200
928	33452
929	32791
930	32369
931	32246
932	32120
933	31628
934	31513
935	31459
936	30630
937	30350
938	29935
939	29500
940	29320
941	28952
942	28647
943	28401
944	28131
945	27777
946	27354
947	27186
948	26614
949	26243
950	26324
951	26286
952	25687
953	25431
954	24908
955	25010
956	24500
957	24337
958	24380
959	23826
960	23743
961	23466
962	23089
963	23030
964	22584
965	22519
966	22015
967	21812
968	21769
969	21541
970	21494
971	20966
972	20847
973	20584
974	20467
975	20450
976	19871
977	19969
978	19694
979	19519
980	19420
981	19052
982	18835
983	18419
984	18422
985	18371
986	18018
987	17715
988	17665
989	17426
990	17566
991	17127
992	16768
993	16825
994	16821
995	16605
996	16079
997	16120
998	16285
999	15854
1000	15579
1001	15536
1002	15550
1003	15148
1004	14963
1005	14932
1006	14898
1007	14897
1008	14594
1009	14369
1010	14441
1011	14034
1012	13894
1013	13899
1014	13791
1015	13603
1016	13523
1017	13319
1018	13130
1019	13334
1020	13197
1021	12827
1022	12662
1023	12580
1024	12764
1025	12395
1026	12346
1027	12223
1028	12150
1029	12129
1030	11864
1031	11981
1032	11698
1033	11834
1034	11655
1035	11420
1036	11268
1037	11154
1038	11001
1039	10959
1040	10944
1041	10908
1042	10964
1043	10678
1044	10676
1045	10632
1046	10407
1047	10285
1048	10243
1049	10272
1050	10136
1051	10041
1052	10060
1053	9930
1054	9856
1055	9770
1056	9639
1057	9508
1058	9588
1059	9442
1060	9402
1061	9335
1062	9226
1063	9324
1064	9091
1065	8846
1066	9075
1067	8929
1068	8921
1069	8644
1070	8689
1071	8544
1072	8619
1073	8585
1074	8441
1075	8311
1076	8396
1077	8435
1078	8155
1079	8364
1080	8098
1081	8056
1082	8012
1083	7899
1084	7953
1085	7717
1086	7782
1087	7759
1088	7578
1089	7561
1090	7599
1091	7465
1092	7570
1093	7474
1094	7387
1095	7284
1096	7324
1097	7361
1098	7232
1099	7214
1100	7099
1101	7112
1102	7066
1103	6967
1104	6931
1105	6923
1106	6736
1107	6805
1108	6823
1109	6618
1110	6674
1111	6746
1112	6558
1113	6563
1114	6605
1115	6476
1116	6544
1117	6258
1118	6346
1119	6451
1120	6365
1121	6310
1122	6215
1123	6215
1124	6255
1125	6149
1126	6037
1127	6028
1128	5899
1129	6228
1130	5873
1131	5896
1132	5967
1133	5769
1134	5900
1135	5838
1136	5842
1137	5664
1138	5850
1139	5827
1140	5625
1141	5625
1142	5666
1143	5411
1144	5488
1145	5472
1146	5490
1147	5498
1148	5480
1149	5397
1150	5380
1151	5321
1152	5386
1153	5122
1154	5157
1155	5318
1156	5178
1157	5204
1158	5192
1159	5132
1160	5043
1161	5123
1162	5158
1163	4918
1164	4887
1165	4890
1166	5027
1167	4854
1168	4989
1169	4882
1170	4781
1171	4729
1172	4791
1173	4727
1174	4706
1175	4705
1176	4742
1177	4759
1178	4643
1179	4643
1180	4561
1181	4573
1182	4683
1183	4508
1184	4406
1185	4451
1186	4525
1187	4342
1188	4535
1189	4408
1190	4536
1191	4359
1192	4326
1193	4410
1194	4407
1195	4366
1196	4381
1197	4269
1198	4381
1199	4188
1200	4360
1201	4038
1202	4138
1203	4095
1204	4210
1205	4063
1206	3926
1207	4085
1208	4150
1209	4090
1210	4204
1211	4111
1212	4142
1213	3960
1214	4128
1215	4038
1216	3946
1217	3793
1218	3915
1219	3979
1220	3870
1221	3978
1222	3796
1223	3950
1224	3821
1225	3818
1226	3874
1227	3772
1228	3841
1229	3719
1230	3767
1231	3786
1232	3670
1233	3557
1234	3683
1235	3683
1236	3599
1237	3639
1238	3562
1239	3533
1240	3552
1241	3517
1242	3580
1243	3466
1244	3643
1245	3413
1246	3500
1247	3466
1248	3423
1249	3430
1250	3415
1251	3348
1252	3389
1253	3352
1254	3329
1255	3257
1256	3417
1257	3407
1258	3312
1259	3362
1260	3415
1261	3205
1262	3269
1263	3280
1264	3300
1265	3200
1266	3287
1267	3192
1268	3179
1269	3128
1270	3158
1271	3167
1272	3105
1273	3208
1274	3181
1275	3184
1276	3112
1277	3161
1278	3028
1279	2995
1280	3138
1281	3103
1282	3035
1283	3043
1284	2959
1285	3075
1286	2969
1287	3144
1288	2861
1289	2951
1290	2977
1291	2938
1292	2897
1293	2938
1294	2864
1295	2847
1296	2840
1297	2791
1298	2879
1299	2830
1300	2858
1301	2835
1302	2809
1303	2850
1304	2798
1305	2810
1306	2763
1307	2755
1308	2738
1309	2781
1310	2647
1311	2687
1312	2764
1313	2748
1314	2690
1315	2729
1316	2589
1317	2701
1318	2644
1319	2646
1320	2569
1321	2668
1322	2579
1323	2574
1324	2596
1325	2518
1326	2570
1327	2564
1328	2565
1329	2513
1330	2574
1331	2534
1332	2479
1333	2451
1334	2598
1335	2392
1336	2514
1337	2418
1338	2407
1339	2530
1340	2382
1341	2399
1342	2443
1343	2385
1344	2351
1345	2369
1346	2390
1347	2332
1348	2330
1349	2414
1350	2385
1351	2312
1352	2370
1353	2385
1354	2402
1355	2321
1356	2289
1357	2318
1358	2314
1359	2292
1360	2299
1361	2236
1362	2212
1363	2269
1364	2244
1365	2259
1366	2220
1367	2240
1368	2125
1369	2192
1370	2214
1371	2257
1372	2207
1373	2179
1374	2140
1375	2145
1376	2186
1377	2169
1378	2103
1379	2155
1380	2150
1381	2099
1382	2109
1383	2046
1384	2043
1385	2090
1386	2078
1387	2020
1388	2024
1389	2077
1390	2123
1391	2021
1392	2104
1393	2095
1394	2008
1395	1907
1396	1998
1397	1929
1398	1999
1399	1991
1400	1954
1401	2020
1402	2013
1403	1921
1404	1919
1405	1931
1406	1898
1407	1927
1408	1875
1409	1966
1410	1889
1411	1843
1412	1872
1413	1873
1414	1927
1415	1932
1416	1903
1417	1915
1418	1982
1419	1822
1420	2007
1421	1867
1422	1787
1423	1762
1424	1789
1425	1840
1426	1800
1427	1780
1428	1785
1429	1808
1430	1886
1431	1761
1432	1707
1433	1805
1434	1818
1435	1741
1436	1730
1437	1761
1438	1801
1439	1717
1440	1813
1441	1716
1442	1784
1443	1742
1444	1733
1445	1636
1446	1756
1447	1704
1448	1761
1449	1670
1450	1646
1451	1590
1452	1654
1453	1672
1454	1698
1455	1662
1456	1696
1457	1679
1458	1622
1459	1605
1460	1627
1461	1648
1462	1633
1463	1568
1464	1516
1465	1633
1466	1556
1467	1534
1468	1620
1469	1668
1470	1506
1471	1619
1472	1573
1473	1535
1474	1559
1475	1587
1476	1527
1477	1523
1478	1493
1479	1569
1480	1497
1481	1529
1482	1485
1483	1528
1484	1458
1485	1493
1486	1449
1487	1524
1488	1427
1489	1421
1490	1453
1491	1474
1492	1447
1493	1480
1494	1492
1495	1494
1496	1434
1497	1437
1498	1370
1499	1477
1500	1474
1501	1453
1502	1438
1503	1320
1504	1424
1505	1338
1506	1348
1507	1469
1508	1357
1509	1361
1510	1415
1511	1414
1512	1377
1513	1417
1514	1332
1515	1350
1516	1337
1517	1335
1518	1316
1519	1363
1520	1323
1521	1306
1522	1343
1523	1291
1524	1381
1525	1375
1526	1314
1527	1374
1528	1252
1529	1310
1530	1240
1531	1358
1532	1183
1533	1263
1534	1342
1535	1254
1536	1231
1537	1237
1538	1273
1539	1294
1540	1228
1541	1210
1542	1272
1543	1280
1544	1257
1545	1187
1546	1144
1547	1213
1548	1237
1549	1206
1550	1285
1551	1225
1552	1157
1553	1120
1554	1166
1555	1223
1556	1223
1557	1140
1558	1194
1559	1215
1560	1154
1561	1112
1562	1118
1563	1126
1564	1168
1565	1152
1566	1158
1567	1127
1568	1159
1569	1137
1570	1151
1571	1121
1572	1197
1573	1108
1574	1178
1575	1146
1576	1055
1577	1103
1578	1127
1579	1114
1580	1162
1581	1147
1582	1121
1583	1062
1584	1123
1585	1063
1586	1185
1587	1087
1588	1104
1589	1081
1590	1072
1591	1013
1592	1089
1593	1074
1594	1059
1595	1028
1596	1093
1597	1085
1598	1035
1599	1028
1600	1040
1601	1086
1602	1056
1603	980
1604	992
1605	1029
1606	964
1607	1020
1608	1024
1609	1029
1610	1006
1611	1017
1612	1010
1613	978
1614	1006
1615	976
1616	987
1617	994
1618	1022
1619	1024
1620	975
1621	896
1622	1013
1623	1002
1624	990
1625	934
1626	948
1627	934
1628	986
1629	983
1630	1005
1631	907
1632	1005
1633	948
1634	947
1635	974
1636	948
1637	937
1638	925
1639	898
1640	930
1641	847
1642	909
1643	960
1644	882
1645	903
1646	914
1647	895
1648	899
1649	921
1650	871
1651	855
1652	904
1653	869
1654	887
1655	874
1656	872
1657	856
1658	858
1659	890
1660	833
1661	840
1662	882
1663	870
1664	830
1665	838
1666	859
1667	824
1668	814
1669	811
1670	805
1671	840
1672	860
1673	791
1674	841
1675	813
1676	786
1677	807
1678	875
1679	863
1680	821
1681	858
1682	832
1683	788
1684	831
1685	810
1686	779
1687	785
1688	771
1689	754
1690	778
1691	769
1692	841
1693	777
1694	775
1695	781
1696	777
1697	790
1698	770
1699	778
1700	781
1701	732
1702	725
1703	758
1704	781
1705	779
1706	756
1707	697
1708	781
1709	764
1710	757
1711	755
1712	779
1713	747
1714	674
1715	772
1716	684
1717	718
1718	698
1719	679
1720	696
1721	703
1722	730
1723	669
1724	725
1725	707
1726	743
1727	722
1728	696
1729	674
1730	736
1731	735
1732	692
1733	674
1734	738
1735	720
1736	715
1737	644
1738	692
1739	681
1740	680
1741	683
1742	679
1743	695
1744	650
1745	646
1746	651
1747	705
1748	694
1749	675
1750	634
1751	656
1752	626
1753	657
1754	681
1755	668
1756	641
1757	601
1758	588
1759	601
1760	642
1761	645
1762	604
1763	642
1764	635
1765	619
1766	621
1767	591
1768	608
1769	580
1770	602
1771	624
1772	609
1773	653
1774	644
1775	618
1776	610
1777	608
1778	564
1779	602
1780	653
1781	612
1782	598
1783	561
1784	533
1785	553
1786	572
1787	563
1788	520
1789	560
1790	548
1791	501
1792	552
1793	553
1794	554
1795	593
1796	569
1797	575
1798	546
1799	573
1800	552
1801	594
1802	589
1803	595
1804	582
1805	639
1806	540
1807	580
1808	594
1809	548
1810	561
1811	587
1812	531
1813	522
1814	537
1815	552
1816	547
1817	535
1818	532
1819	576
1820	497
1821	555
1822	581
1823	540
1824	520
1825	486
1826	483
1827	554
1828	517
1829	485
1830	550
1831	545
1832	507
1833	487
1834	522
1835	485
1836	487
1837	482
1838	470
1839	484
1840	489
1841	508
1842	509
1843	502
1844	470
1845	543
1846	463
1847	482
1848	466
1849	497
1850	486
1851	475
1852	488
1853	479
1854	497
1855	475
1856	465
1857	444
1858	457
1859	469
1860	491
1861	406
1862	434
1863	428
1864	451
1865	434
1866	466
1867	464
1868	397
1869	479
1870	430
1871	441
1872	414
1873	416
1874	394
1875	450
1876	436
1877	454
1878	470
1879	457
1880	451
1881	482
1882	452
1883	409
1884	407
1885	477
1886	400
1887	472
1888	387
1889	435
1890	446
1891	445
1892	420
1893	456
1894	421
1895	423
1896	440
1897	398
1898	372
1899	424
1900	439
1901	403
1902	440
1903	360
1904	453
1905	415
1906	372
1907	401
1908	427
1909	417
1910	406
1911	407
1912	352
1913	398
1914	396
1915	374
1916	383
1917	366
1918	388
1919	376
1920	390
1921	367
1922	400
1923	376
1924	386
1925	376
1926	391
1927	354
1928	362
1929	376
1930	367
1931	358
1932	347
1933	348
1934	392
1935	363
1936	399
1937	334
1938	392
1939	369
1940	366
1941	387
1942	346
1943	357
1944	329
1945	400
1946	363
1947	374
1948	317
1949	334
1950	357
1951	325
1952	350
1953	354
1954	364
1955	372
1956	329
1957	350
1958	356
1959	360
1960	353
1961	339
1962	315
1963	327
1964	329
1965	371
1966	330
1967	302
1968	320
1969	337
1970	338
1971	341
1972	347
1973	326
1974	303
1975	345
1976	316
1977	322
1978	373
1979	322
1980	348
1981	312
1982	348
1983	305
1984	301
1985	319
1986	318
1987	311
1988	282
1989	311
1990	304
1991	320
1992	306
1993	310
1994	309
1995	314
1996	311
1997	323
1998	305
1999	306
2000	287
2001	306
2002	303
2003	283
2004	288
2005	338
2006	293
2007	331
2008	309
2009	313
2010	257
2011	290
2012	303
2013	308
2014	292
2015	280
2016	295
2017	312
2018	290
2019	292
2020	293
2021	282
2022	266
2023	272
2024	280
2025	276
2026	280
2027	291
2028	268
2029	329
2030	290
2031	297
2032	296
2033	282
2034	277
2035	295
2036	263
2037	273
2038	288
2039	308
2040	273
2041	269
2042	293
2043	266
2044	260
2045	282
2046	262
2047	270
2048	281
2049	278
2050	276
2051	275
2052	259
2053	258
2054	272
2055	254
2056	255
2057	274
2058	257
2059	277
2060	283
2061	267
2062	265
2063	224
2064	279
2065	234
2066	252
2067	245
2068	258
2069	242
2070	265
2071	257
2072	270
2073	266
2074	248
2075	230
2076	244
2077	273
2078	233
2079	225
2080	237
2081	257
2082	233
2083	248
2084	235
2085	264
2086	248
2087	231
2088	253
2089	250
2090	253
2091	223
2092	264
2093	236
2094	227
2095	228
2096	244
2097	246
2098	212
2099	224
2100	244
2101	220
2102	196
2103	242
2104	268
2105	232
2106	232
2107	211
2108	231
2109	241
2110	219
2111	237
2112	223
2113	257
2114	214
2115	214
2116	227
2117	213
2118	219
2119	219
2120	213
2121	236
2122	223
2123	241
2124	226
2125	218
2126	205
2127	215
2128	211
2129	196
2130	216
2131	199
2132	211
2133	221
2134	221
2135	210
2136	241
2137	242
2138	197
2139	220
2140	203
2141	213
2142	212
2143	203
2144	202
2145	198
2146	213
2147	209
2148	198
2149	204
2150	183
2151	169
2152	191
2153	204
2154	189
2155	214
2156	205
2157	206
2158	220
2159	207
2160	211
2161	218
2162	173
2163	194
2164	209
2165	195
2166	200
2167	200
2168	199
2169	208
2170	182
2171	189
2172	165
2173	183
2174	202
2175	202
2176	193
2177	185
2178	209
2179	195
2180	180
2181	188
2182	181
2183	170
2184	213
2185	157
2186	181
2187	182
2188	181
2189	181
2190	180
2191	197
2192	169
2193	170
2194	175
2195	188
2196	163
2197	164
2198	190
2199	169
2200	161
2201	167
2202	158
2203	184
2204	186
2205	173
2206	167
2207	174
2208	195
2209	179
2210	175
2211	171
2212	171
2213	179
2214	172
2215	190
2216	167
2217	185
2218	150
2219	151
2220	161
2221	159
2222	182
2223	157
2224	153
2225	163
2226	152
2227	178
2228	162
2229	164
2230	176
2231	167
2232	165
2233	180
2234	144
2235	172
2236	173
2237	163
2238	146
2239	157
2240	164
2241	169
2242	162
2243	153
2244	163
2245	157
2246	153
2247	150
2248	158
2249	148
2250	154
2251	145
2252	152
2253	136
2254	138
2255	156
2256	139
2257	147
2258	162
2259	148
2260	158
2261	145
2262	147
2263	150
2264	150
2265	149
2266	144
2267	148
2268	158
2269	157
2270	145
2271	158
2272	143
2273	161
2274	123
2275	129
2276	124
2277	136
2278	151
2279	151
2280	135
2281	137
2282	129
2283	134
2284	115
2285	149
2286	135
2287	145
2288	132
2289	143
2290	119
2291	123
2292	148
2293	159
2294	148
2295	126
2296	142
2297	145
2298	157
2299	148
2300	124
2301	158
2302	136
2303	138
2304	147
2305	144
2306	151
2307	146
2308	123
2309	145
2310	120
2311	158
2312	124
2313	129
2314	140
2315	129
2316	120
2317	106
2318	114
2319	128
2320	139
2321	146
2322	137
2323	123
2324	137
2325	101
2326	104
2327	121
2328	121
2329	132
2330	129
2331	135
2332	135
2333	137
2334	120
2335	110
2336	111
2337	122
2338	118
2339	121
2340	111
2341	119
2342	106
2343	112
2344	120
2345	120
2346	118
2347	137
2348	114
2349	136
2350	135
2351	132
2352	114
2353	109
2354	136
2355	114
2356	111
2357	113
2358	108
2359	132
2360	130
2361	106
2362	121
2363	107
2364	106
2365	125
2366	114
2367	114
2368	118
2369	122
2370	114
2371	127
2372	108
2373	113
2374	112
2375	103
2376	97
2377	120
2378	121
2379	91
2380	115
2381	89
2382	130
2383	116
2384	100
2385	98
2386	103
2387	84
2388	99
2389	104
2390	110
2391	104
2392	121
2393	82
2394	107
2395	98
2396	114
2397	138
2398	109
2399	116
2400	114
2401	100
2402	111
2403	116
2404	114
2405	112
2406	93
2407	106
2408	119
2409	98
2410	93
2411	109
2412	101
2413	106
2414	100
2415	91
2416	98
2417	103
2418	99
2419	102
2420	91
2421	76
2422	101
2423	81
2424	86
2425	90
2426	107
2427	104
2428	102
2429	108
2430	110
2431	87
2432	95
2433	115
2434	101
2435	85
2436	85
2437	94
2438	115
2439	76
2440	85
2441	86
2442	95
2443	98
2444	91
2445	82
2446	87
2447	87
2448	96
2449	98
2450	104
2451	115
2452	70
2453	72
2454	86
2455	73
2456	91
2457	96
2458	119
2459	90
2460	81
2461	89
2462	89
2463	85
2464	93
2465	99
2466	77
2467	77
2468	83
2469	97
2470	96
2471	89
2472	83
2473	97
2474	101
2475	94
2476	96
2477	64
2478	93
2479	89
2480	83
2481	78
2482	77
2483	66
2484	102
2485	90
2486	81
2487	79
2488	76
2489	68
2490	92
2491	80
2492	88
2493	69
2494	81
2495	69
2496	77
2497	77
2498	63
2499	71
2500	80
2501	93
2502	83
2503	71
2504	71
2505	77
2506	66
2507	74
2508	79
2509	77
2510	75
2511	73
2512	79
2513	77
2514	80
2515	90
2516	64
2517	88
2518	73
2519	81
2520	68
2521	97
2522	81
2523	74
2524	81
2525	79
2526	73
2527	74
2528	72
2529	80
2530	74
2531	63
2532	80
2533	94
2534	88
2535	79
2536	74
2537	76
2538	78
2539	69
2540	60
2541	59
2542	71
2543	69
2544	75
2545	75
2546	61
2547	61
2548	65
2549	78
2550	61
2551	78
2552	67
2553	61
2554	78
2555	71
2556	84
2557	71
2558	77
2559	66
2560	71
2561	59
2562	64
2563	64
2564	66
2565	79
2566	70
2567	64
2568	67
2569	69
2570	84
2571	64
2572	76
2573	53
2574	72
2575	62
2576	69
2577	55
2578	63
2579	73
2580	88
2581	72
2582	79
2583	62
2584	88
2585	56
2586	50
2587	57
2588	55
2589	71
2590	59
2591	82
2592	73
2593	64
2594	66
2595	60
2596	68
2597	59
2598	58
2599	55
2600	51
2601	65
2602	69
2603	63
2604	68
2605	49
2606	70
2607	72
2608	56
2609	61
2610	77
2611	71
2612	72
2613	52
2614	69
2615	57
2616	46
2617	59
2618	53
2619	64
2620	69
2621	69
2622	52
2623	61
2624	70
2625	57
2626	70
2627	67
2628	64
2629	62
2630	62
2631	55
2632	62
2633	53
2634	52
2635	55
2636	59
2637	63
2638	56
2639	47
2640	58
2641	64
2642	60
2643	60
2644	68
2645	61
2646	75
2647	55
2648	55
2649	54
2650	59
2651	74
2652	51
2653	51
2654	45
2655	49
2656	45
2657	56
2658	60
2659	52
2660	61
2661	50
2662	56
2663	52
2664	52
2665	52
2666	57
2667	50
2668	48
2669	45
2670	50
2671	56
2672	61
2673	58
2674	56
2675	54
2676	57
2677	49
2678	51
2679	58
2680	47
2681	50
2682	48
2683	40
2684	55
2685	58
2686	59
2687	59
2688	62
2689	51
2690	46
2691	50
2692	62
2693	47
2694	48
2695	60
2696	51
2697	56
2698	59
2699	71
2700	51
2701	51
2702	51
2703	61
2704	60
2705	45
2706	58
2707	40
2708	45
2709	44
2710	57
2711	50
2712	60
2713	50
2714	54
2715	41
2716	60
2717	51
2718	46
2719	50
2720	61
2721	61
2722	47
2723	51
2724	42
2725	43
2726	54
2727	48
2728	51
2729	37
2730	47
2731	48
2732	56
2733	48
2734	53
2735	55
2736	43
2737	27
2738	47
2739	47
2740	35
2741	38
2742	45
2743	51
2744	39
2745	29
2746	45
2747	40
2748	37
2749	42
2750	47
2751	42
2752	45
2753	39
2754	47
2755	46
2756	50
2757	44
2758	49
2759	43
2760	52
2761	52
2762	35
2763	56
2764	41
2765	40
2766	46
2767	35
2768	41
2769	47
2770	44
2771	37
2772	40
2773	47
2774	40
2775	38
2776	43
2777	49
2778	46
2779	42
2780	45
2781	54
2782	44
2783	41
2784	40
2785	34
2786	45
2787	38
2788	51
2789	33
2790	30
2791	34
2792	45
2793	45
2794	51
2795	47
2796	41
2797	45
2798	45
2799	45
2800	37
2801	43
2802	34
2803	39
2804	45
2805	42
2806	42
2807	46
2808	38
2809	39
2810	27
2811	37
2812	44
2813	46
2814	45
2815	33
2816	43
2817	46
2818	42
2819	49
2820	39
2821	42
2822	49
2823	39
2824	40
2825	37
2826	45
2827	53
2828	46
2829	40
2830	32
2831	43
2832	45
2833	39
2834	32
2835	37
2836	37
2837	35
2838	39
2839	34
2840	46
2841	43
2842	46
2843	38
2844	41
2845	50
2846	45
2847	39
2848	42
2849	41
2850	36
2851	33
2852	39
2853	39
2854	38
2855	41
2856	41
2857	35
2858	42
2859	23
2860	26
2861	32
2862	40
2863	37
2864	39
2865	38
2866	33
2867	36
2868	36
2869	33
2870	41
2871	43
2872	32
2873	46
2874	28
2875	34
2876	47
2877	27
2878	36
2879	32
2880	24
2881	21
2882	45
2883	38
2884	45
2885	33
2886	30
2887	34
2888	33
2889	38
2890	34
2891	25
2892	29
2893	46
2894	43
2895	42
2896	39
2897	37
2898	38
2899	35
2900	36
2901	41
2902	38
2903	34
2904	43
2905	38
2906	37
2907	29
2908	30
2909	36
2910	35
2911	33
2912	23
2913	41
2914	25
2915	29
2916	35
2917	36
2918	25
2919	44
2920	30
2921	32
2922	30
2923	30
2924	29
2925	29
2926	38
2927	36
2928	37
2929	39
2930	39
2931	44
2932	28
2933	43
2934	22
2935	37
2936	41
2937	31
2938	40
2939	39
2940	30
2941	28
2942	43
2943	33
2944	26
2945	35
2946	37
2947	37
2948	33
2949	32
2950	24
2951	24
2952	30
2953	28
2954	40
2955	31
2956	36
2957	37
2958	28
2959	39
2960	28
2961	31
2962	40
2963	32
2964	34
2965	38
2966	32
2967	43
2968	26
2969	24
2970	23
2971	27
2972	27
2973	37
2974	23
2975	24
2976	34
2977	32
2978	30
2979	24
2980	30
2981	43
2982	25
2983	25
2984	41
2985	29
2986	38
2987	17
2988	25
2989	30
2990	33
2991	30
2992	27
2993	30
2994	33
2995	29
2996	33
2997	28
2998	36
2999	28
3000	24
3001	26
3002	22
3003	36
3004	30
3005	35
3006	33
3007	23
3008	31
3009	37
3010	31
3011	25
3012	32
3013	31
3014	22
3015	39
3016	27
3017	38
3018	22
3019	38
3020	35
3021	38
3022	43
3023	23
3024	26
3025	24
3026	37
3027	29
3028	29
3029	36
3030	26
3031	24
3032	27
3033	47
3034	30
3035	21
3036	41
3037	27
3038	23
3039	36
3040	28
3041	29
3042	33
3043	22
3044	28
3045	29
3046	36
3047	31
3048	28
3049	29
3050	21
3051	37
3052	46
3053	36
3054	30
3055	23
3056	26
3057	31
3058	24
3059	33
3060	31
3061	33
3062	31
3063	31
3064	24
3065	26
3066	25
3067	25
3068	30
3069	27
3070	24
3071	21
3072	28
3073	38
3074	27
3075	34
3076	34
3077	29
3078	23
3079	31
3080	23
3081	33
3082	28
3083	37
3084	26
3085	26
3086	22
3087	30
3088	25
3089	37
3090	29
3091	29
3092	33
3093	28
3094	29
3095	36
3096	28
3097	38
3098	36
3099	30
3100	23
3101	23
3102	31
3103	25
3104	25
3105	30
3106	25
3107	28
3108	17
3109	33
3110	25
3111	27
3112	25
3113	23
3114	28
3115	31
3116	31
3117	24
3118	22
3119	30
3120	34
3121	27
3122	35
3123	24
3124	26
3125	33
3126	20
3127	28
3128	29
3129	27
3130	31
3131	25
3132	22
3133	29
3134	34
3135	34
3136	28
3137	30
3138	31
3139	29
3140	23
3141	25
3142	25
3143	27
3144	19
3145	28
3146	15
3147	27
3148	35
3149	32
3150	28
3151	27
3152	28
3153	27
3154	30
3155	27
3156	21
3157	46
3158	38
3159	24
3160	24
3161	23
3162	29
3163	27
3164	27
3165	30
3166	24
3167	31
3168	26
3169	29
3170	30
3171	25
3172	34
3173	30
3174	19
3175	24
3176	22
3177	18
3178	34
3179	37
3180	35
3181	32
3182	41
3183	28
3184	28
3185	41
3186	27
3187	22
3188	37
3189	36
3190	30
3191	26
3192	31
3193	24
3194	30
3195	29
3196	20
3197	40
3198	29
3199	35
3200	36
3201	27
3202	21
3203	25
3204	23
3205	30
3206	21
3207	17
3208	29
3209	15
3210	25
3211	27
3212	24
3213	18
3214	27
3215	31
3216	24
3217	23
3218	23
3219	19
3220	26
3221	28
3222	40
3223	24
3224	30
3225	23
3226	19
3227	29
3228	28
3229	24
3230	38
3231	31
3232	22
3233	25
3234	32
3235	24
3236	32
3237	28
3238	21
3239	32
3240	17
3241	20
3242	18
3243	20
3244	15
3245	13
3246	33
3247	32
3248	32
3249	18
3250	33
3251	18
3252	21
3253	28
3254	22
3255	20
3256	25
3257	27
3258	26
3259	23
3260	27
3261	31
3262	22
3263	20
3264	29
3265	25
3266	29
3267	20
3268	28
3269	18
3270	26
3271	18
3272	17
3273	37
3274	25
3275	31
3276	28
3277	26
3278	29
3279	28
3280	29
3281	28
3282	32
3283	28
3284	20
3285	28
3286	28
3287	23
3288	18
3289	32
3290	23
3291	28
3292	33
3293	23
3294	21
3295	27
3296	24
3297	23
3298	23
3299	33
3300	24
3301	23
3302	27
3303	26
3304	33
3305	27
3306	27
3307	23
3308	26
3309	17
3310	26
3311	21
3312	24
3313	24
3314	26
3315	15
3316	33
3317	25
3318	27
3319	34
3320	24
3321	27
3322	22
3323	34
3324	21
3325	31
3326	18
3327	23
3328	24
3329	18
3330	25
3331	21
3332	19
3333	21
3334	14
3335	19
3336	18
3337	28
3338	29
3339	29
3340	17
3341	20
3342	21
3343	29
3344	22
3345	22
3346	32
3347	30
3348	25
3349	26
3350	29
3351	28
3352	27
3353	23
3354	20
3355	15
3356	31
3357	27
3358	25
3359	20
3360	21
3361	21
3362	21
3363	23
3364	22
3365	28
3366	27
3367	28
3368	17
3369	30
3370	26
3371	23
3372	36
3373	27
3374	18
3375	19
3376	22
3377	23
3378	33
3379	35
3380	20
3381	21
3382	21
3383	23
3384	24
3385	25
3386	23
3387	24
3388	22
3389	31
3390	23
3391	27
3392	24
3393	14
3394	26
3395	21
3396	19
3397	19
3398	21
3399	21
3400	27
3401	22
3402	23
3403	28
3404	20
3405	25
3406	20
3407	29
3408	24
3409	22
3410	29
3411	25
3412	31
3413	22
3414	23
3415	23
3416	21
3417	18
3418	22
3419	29
3420	21
3421	16
3422	30
3423	19
3424	28
3425	19
3426	31
3427	13
3428	25
3429	20
3430	22
3431	28
3432	21
3433	20
3434	20
3435	26
3436	18
3437	25
3438	31
3439	22
3440	16
3441	24
3442	28
3443	28
3444	19
3445	24
3446	24
3447	18
3448	24
3449	20
3450	19
3451	23
3452	19
3453	18
3454	12
3455	24
3456	16
3457	19
3458	21
3459	25
3460	26
3461	28
3462	27
3463	19
3464	20
3465	22
3466	28
3467	27
3468	27
3469	26
3470	36
3471	10
3472	24
3473	20
3474	20
3475	25
3476	30
3477	27
3478	29
3479	19
3480	21
3481	22
3482	22
3483	26
3484	18
3485	21
3486	17
3487	21
3488	13
3489	22
3490	21
3491	20
3492	32
3493	24
3494	19
3495	18
3496	18
3497	25
3498	18
3499	19
3500	24
3501	27
3502	19
3503	25
3504	19
3505	17
3506	24
3507	28
3508	23
3509	24
3510	21
3511	18
3512	14
3513	32
3514	25
3515	26
3516	23
3517	12
3518	19
3519	26
3520	25
3521	19
3522	27
3523	25
3524	14
3525	29
3526	18
3527	19
3528	16
3529	24
3530	22
3531	32
3532	22
3533	20
3534	16
3535	17
3536	28
3537	35
3538	21
3539	26
3540	27
3541	17
3542	28
3543	21
3544	18
3545	20
3546	24
3547	23
3548	14
3549	19
3550	20
3551	21
3552	28
3553	24
3554	17
3555	19
3556	17
3557	22
3558	30
3559	19
3560	23
3561	26
3562	28
3563	19
3564	22
3565	31
3566	22
3567	22
3568	18
3569	21
3570	17
3571	24
3572	22
3573	19
3574	27
3575	20
3576	16
3577	17
3578	19
3579	19
3580	29
3581	26
3582	22
3583	21
3584	16
3585	20
3586	27
3587	20
3588	26
3589	30
3590	20
3591	27
3592	28
3593	18
3594	20
3595	23
3596	19
3597	22
3598	28
3599	20
3600	22
3601	15
3602	23
3603	17
3604	23
3605	20
3606	19
3607	29
3608	15
3609	25
3610	25
3611	22
3612	21
3613	24
3614	23
3615	20
3616	20
3617	24
3618	16
3619	19
3620	19
3621	15
3622	11
3623	20
3624	24
3625	19
3626	22
3627	23
3628	23
3629	16
3630	18
3631	17
3632	23
3633	26
3634	28
3635	19
3636	18
3637	21
3638	17
3639	25
3640	23
3641	13
3642	23
3643	24
3644	17
3645	23
3646	20
3647	24
3648	20
3649	23
3650	23
3651	23
3652	22
3653	26
3654	17
3655	32
3656	19
3657	26
3658	17
3659	12
3660	14
3661	24
3662	15
3663	20
3664	20
3665	19
3666	27
3667	19
3668	16
3669	25
3670	20
3671	20
3672	29
3673	15
3674	19
3675	19
3676	18
3677	12
3678	17
3679	21
3680	25
3681	18
3682	20
3683	23
3684	15
3685	23
3686	18
3687	21
3688	19
3689	24
3690	14
3691	24
3692	19
3693	18
3694	30
3695	19
3696	10
3697	16
3698	19
3699	21
3700	22
3701	18
3702	17
3703	20
3704	18
3705	16
3706	17
3707	19
3708	23
3709	29
3710	11
3711	14
3712	24
3713	24
3714	16
3715	12
3716	20
3717	20
3718	15
3719	27
3720	27
3721	31
3722	19
3723	24
3724	20
3725	19
3726	21
3727	22
3728	25
3729	19
3730	16
3731	17
3732	21
3733	25
3734	19
3735	23
3736	18
3737	19
3738	25
3739	27
3740	24
3741	25
3742	11
3743	21
3744	21
3745	29
3746	27
3747	14
3748	22
3749	23
3750	20
3751	15
3752	25
3753	33
3754	18
3755	17
3756	23
3757	21
3758	23
3759	25
3760	22
3761	20
3762	21
3763	13
3764	20
3765	19
3766	17
3767	29
3768	16
3769	23
3770	17
3771	24
3772	18
3773	25
3774	22
3775	18
3776	24
3777	26
3778	18
3779	27
3780	12
3781	22
3782	31
3783	17
3784	14
3785	24
3786	21
3787	16
3788	23
3789	20
3790	21
3791	21
3792	16
3793	25
3794	25
3795	21
3796	15
3797	17
3798	23
3799	17
3800	16
3801	13
3802	16
3803	30
3804	22
3805	22
3806	19
3807	31
3808	17
3809	28
3810	25
3811	22
3812	20
3813	25
3814	22
3815	19
3816	22
3817	18
3818	24
3819	24
3820	20
3821	15
3822	28
3823	15
3824	20
3825	25
3826	15
3827	24
3828	21
3829	18
3830	19
3831	21
3832	18
3833	24
3834	20
3835	21
3836	24
3837	28
3838	21
3839	18
3840	20
3841	16
3842	16
3843	22
3844	21
3845	21
3846	16
3847	22
3848	19
3849	19
3850	28
3851	23
3852	27
3853	27
3854	22
3855	17
3856	27
3857	24
3858	22
3859	16
3860	17
3861	17
3862	17
3863	20
3864	25
3865	18
3866	21
3867	15
3868	18
3869	23
3870	20
3871	17
3872	16
3873	11
3874	21
3875	19
3876	24
3877	27
3878	12
3879	31
3880	16
3881	19
3882	11
3883	12
3884	20
3885	25
3886	29
3887	16
3888	17
3889	13
3890	20
3891	15
3892	16
3893	26
3894	19
3895	18
3896	27
3897	15
3898	21
3899	24
3900	15
3901	25
3902	24
3903	19
3904	20
3905	22
3906	16
3907	28
3908	14
3909	31
3910	24
3911	16
3912	25
3913	14
3914	22
3915	17
3916	34
3917	13
3918	20
3919	16
3920	19
3921	20
3922	20
3923	19
3924	13
3925	21
3926	21
3927	14
3928	15
3929	20
3930	24
3931	21
3932	16
3933	19
3934	18
3935	16
3936	24
3937	24
3938	17
3939	13
3940	27
3941	23
3942	20
3943	19
3944	20
3945	15
3946	14
3947	20
3948	18
3949	20
3950	19
3951	22
3952	23
3953	24
3954	14
3955	21
3956	11
3957	36
3958	26
3959	22
3960	21
3961	22
3962	23
3963	21
3964	16
3965	15
3966	18
3967	13
3968	20
3969	25
3970	20
3971	28
3972	18
3973	23
3974	20
3975	12
3976	20
3977	21
3978	16
3979	11
3980	19
3981	16
3982	23
3983	13
3984	20
3985	25
3986	21
3987	17
3988	23
3989	15
3990	26
3991	24
3992	21
3993	17
3994	17
3995	15
3996	23
3997	28
3998	25
3999	21
4000	27
4001	23
4002	21
4003	21
4004	15
4005	23
4006	13
4007	20
4008	22
4009	13
4010	11
4011	18
4012	17
4013	21
4014	15
4015	23
4016	15
4017	26
4018	18
4019	18
4020	16
4021	19
4022	19
4023	18
4024	10
4025	19
4026	23
4027	19
4028	22
4029	27
4030	25
4031	18
4032	10
4033	29
4034	28
4035	16
4036	18
4037	22
4038	21
4039	19
4040	22
4041	25
4042	25
4043	20
4044	19
4045	22
4046	13
4047	21
4048	18
4049	24
4050	29
4051	21
4052	17
4053	21
4054	18
4055	15
4056	26
4057	15
4058	9
4059	21
4060	18
4061	10
4062	14
4063	23
4064	16
4065	19
4066	20
4067	20
4068	21
4069	14
4070	17
4071	23
4072	30
4073	15
4074	19
4075	28
4076	25
4077	21
4078	18
4079	18
4080	23
4081	19
4082	22
4083	20
4084	24
4085	16
4086	31
4087	23
4088	19
4089	23
4090	15
4091	30
4092	11
4093	24
4094	25
4095	18
4096	19
4097	22
4098	25
4099	24
4100	22
4101	17
4102	16
4103	17
4104	20
4105	16
4106	21
4107	26
4108	16
4109	20
4110	19
4111	19
4112	19
4113	19
4114	21
4115	24
4116	13
4117	16
4118	20
4119	18
4120	19
4121	16
4122	16
4123	29
4124	17
4125	29
4126	20
4127	18
4128	19
4129	26
4130	15
4131	23
4132	16
4133	16
4134	25
4135	18
4136	18
4137	10
4138	20
4139	19
4140	24
4141	18
4142	19
4143	20
4144	20
4145	21
4146	17
4147	26
4148	15
4149	18
4150	14
4151	6
4152	26
4153	20
4154	14
4155	21
4156	21
4157	21
4158	8
4159	16
4160	23
4161	25
4162	21
4163	10
4164	23
4165	18
4166	16
4167	20
4168	22
4169	14
4170	22
4171	20
4172	17
4173	21
4174	15
4175	11
4176	18
4177	15
4178	21
4179	14
4180	17
4181	20
4182	24
4183	16
4184	15
4185	17
4186	24
4187	20
4188	25
4189	20
4190	15
4191	21
4192	22
4193	18
4194	15
4195	15
4196	20
4197	28
4198	16
4199	15
4200	15
4201	16
4202	24
4203	18
4204	14
4205	23
4206	23
4207	18
4208	23
4209	35
4210	30
4211	14
4212	17
4213	20
4214	27
4215	19
4216	13
4217	17
4218	20
4219	26
4220	22
4221	20
4222	20
4223	18
4224	17
4225	30
4226	29
4227	20
4228	17
4229	19
4230	17
4231	15
4232	26
4233	21
4234	28
4235	18
4236	15
4237	21
4238	23
4239	13
4240	19
4241	14
4242	15
4243	19
4244	20
4245	16
4246	15
4247	20
4248	22
4249	29
4250	23
4251	23
4252	17
4253	18
4254	17
4255	11
4256	17
4257	17
4258	20
4259	14
4260	23
4261	24
4262	21
4263	18
4264	19
4265	18
4266	29
4267	19
4268	14
4269	20
4270	17
4271	21
4272	19
4273	17
4274	21
4275	23
4276	20
4277	25
4278	15
4279	18
4280	21
4281	10
4282	20
4283	16
4284	15
4285	11
4286	13
4287	24
4288	19
4289	21
4290	17
4291	21
4292	14
4293	16
4294	19
4295	19
4296	10
4297	14
4298	19
4299	18
4300	8
4301	15
4302	20
4303	16
4304	18
4305	17
4306	18
4307	16
4308	11
4309	21
4310	16
4311	17
4312	25
4313	21
4314	17
4315	15
4316	19
4317	19
4318	18
4319	18
4320	18
4321	14
4322	24
4323	15
4324	22
4325	17
4326	15
4327	22
4328	21
4329	25
4330	17
4331	24
4332	15
4333	23
4334	27
4335	19
4336	15
4337	14
4338	26
4339	14
4340	17
4341	18
4342	19
4343	19
4344	18
4345	19
4346	20
4347	18
4348	13
4349	15
4350	24
4351	16
4352	16
4353	20
4354	12
4355	15
4356	24
4357	21
4358	13
4359	17
4360	16
4361	13
4362	13
4363	16
4364	23
4365	14
4366	26
4367	22
4368	20
4369	12
4370	20
4371	14
4372	21
4373	15
4374	17
4375	21
4376	14
4377	16
4378	19
4379	16
4380	19
4381	16
4382	12
4383	27
4384	18
4385	14
4386	25
4387	16
4388	8
4389	14
4390	14
4391	17
4392	20
4393	15
4394	15
4395	16
4396	17
4397	20
4398	22
4399	21
4400	25
4401	13
4402	20
4403	18
4404	21
4405	12
4406	23
4407	27
4408	16
4409	21
4410	21
4411	14
4412	16
4413	26
4414	23
4415	25
4416	16
4417	19
4418	21
4419	14
4420	20
4421	20
4422	12
4423	20
4424	24
4425	25
4426	17
4427	22
4428	13
4429	25
4430	19
4431	21
4432	14
4433	16
4434	25
4435	22
4436	27
4437	11
4438	12
4439	17
4440	22
4441	13
4442	14
4443	22
4444	13
4445	18
4446	13
4447	16
4448	17
4449	15
4450	18
4451	18
4452	16
4453	11
4454	24
4455	18
4456	22
4457	22
4458	19
4459	13
4460	18
4461	20
4462	21
4463	18
4464	17
4465	11
4466	18
4467	16
4468	21
4469	18
4470	22
4471	18
4472	22
4473	22
4474	17
4475	16
4476	11
4477	19
4478	17
4479	23
4480	19
4481	21
4482	19
4483	18
4484	29
4485	22
4486	18
4487	14
4488	17
4489	14
4490	18
4491	17
4492	21
4493	15
4494	22
4495	19
4496	16
4497	25
4498	12
4499	17
4500	22
4501	16
4502	23
4503	14
4504	20
4505	21
4506	10
4507	15
4508	25
4509	15
4510	16
4511	21
4512	15
4513	29
4514	14
4515	19
4516	21
4517	14
4518	24
4519	12
4520	15
4521	21
4522	22
4523	15
4524	20
4525	19
4526	15
4527	22
4528	11
4529	15
4530	18
4531	20
4532	11
4533	12
4534	15
4535	22
4536	20
4537	17
4538	13
4539	20
4540	14
4541	18
4542	19
4543	17
4544	19
4545	18
4546	15
4547	21
4548	11
4549	13
4550	18
4551	16
4552	16
4553	22
4554	24
4555	14
4556	24
4557	17
4558	18
4559	16
4560	20
4561	16
4562	12
4563	18
4564	15
4565	15
4566	19
4567	19
4568	16
4569	27
4570	10
4571	18
4572	23
4573	21
4574	15
4575	14
4576	22
4577	16
4578	15
4579	27
4580	18
4581	13
4582	21
4583	16
4584	16
4585	16
4586	20
4587	24
4588	15
4589	18
4590	20
4591	21
4592	17
4593	14
4594	26
4595	21
4596	25
4597	17
4598	14
4599	17
4600	17
4601	9
4602	11
4603	18
4604	21
4605	17
4606	19
4607	21
4608	25
4609	27
4610	20
4611	19
4612	16
4613	19
4614	21
4615	9
4616	23
4617	24
4618	27
4619	21
4620	17
4621	13
4622	23
4623	15
4624	12
4625	24
4626	22
4627	20
4628	17
4629	14
4630	15
4631	17
4632	23
4633	23
4634	19
4635	21
4636	15
4637	14
4638	21
4639	20
4640	19
4641	18
4642	24
4643	11
4644	20
4645	22
4646	18
4647	17
4648	10
4649	10
4650	22
4651	15
4652	18
4653	12
4654	18
4655	15
4656	21
4657	14
4658	24
4659	21
4660	20
4661	11
4662	14
4663	12
4664	14
4665	20
4666	20
4667	19
4668	6
4669	15
4670	15
4671	14
4672	13
4673	15
4674	14
4675	20
4676	15
4677	27
4678	10
4679	14
4680	25
4681	20
4682	19
4683	15
4684	18
4685	21
4686	13
4687	15
4688	14
4689	15
4690	18
4691	26
4692	24
4693	10
4694	15
4695	18
4696	20
4697	14
4698	19
4699	15
4700	20
4701	21
4702	12
4703	18
4704	25
4705	19
4706	12
4707	20
4708	21
4709	19
4710	13
4711	17
4712	24
4713	19
4714	15
4715	17
4716	15
4717	21
4718	23
4719	11
4720	17
4721	29
4722	13
4723	20
4724	24
4725	13
4726	15
4727	17
4728	19
4729	11
4730	16
4731	15
4732	21
4733	14
4734	20
4735	19
4736	18
4737	20
4738	18
4739	14
4740	18
4741	17
4742	28
4743	11
4744	16
4745	21
4746	17
4747	21
4748	15
4749	18
4750	18
4751	16
4752	13
4753	17
4754	21
4755	21
4756	18
4757	19
4758	18
4759	18
4760	28
4761	18
4762	21
4763	14
4764	16
4765	15
4766	20
4767	18
4768	13
4769	17
4770	18
4771	22
4772	22
4773	18
4774	16
4775	29
4776	17
4777	22
4778	11
4779	15
4780	19
4781	14
4782	14
4783	18
4784	16
4785	18
4786	21
4787	13
4788	15
4789	28
4790	22
4791	15
4792	13
4793	19
4794	8
4795	21
4796	19
4797	18
4798	17
4799	18
4800	11
4801	12
4802	23
4803	15
4804	9
4805	18
4806	17
4807	16
4808	13
4809	11
4810	21
4811	16
4812	23
4813	17
4814	13
4815	12
4816	21
4817	18
4818	12
4819	16
4820	16
4821	15
4822	16
4823	20
4824	22
4825	19
4826	21
4827	21
4828	12
4829	15
4830	21
4831	19
4832	7
4833	17
4834	18
4835	16
4836	23
4837	27
4838	12
4839	15
4840	12
4841	21
4842	17
4843	16
4844	19
4845	23
4846	15
4847	18
4848	15
4849	16
4850	22
4851	22
4852	19
4853	20
4854	20
4855	15
4856	23
4857	15
4858	17
4859	19
4860	11
4861	13
4862	19
4863	11
4864	14
4865	20
4866	22
4867	17
4868	21
4869	11
4870	24
4871	20
4872	15
4873	18
4874	15
4875	19
4876	17
4877	21
4878	18
4879	14
4880	16
4881	15
4882	20
4883	17
4884	15
4885	10
4886	19
4887	13
4888	14
4889	23
4890	22
4891	16
4892	14
4893	15
4894	14
4895	15
4896	22
4897	12
4898	22
4899	19
4900	13
4901	19
4902	9
4903	13
4904	14
4905	19
4906	11
4907	19
4908	18
4909	9
4910	19
4911	18
4912	14
4913	7
4914	18
4915	23
4916	14
4917	8
4918	20
4919	19
4920	23
4921	24
4922	21
4923	17
4924	26
4925	14
4926	12
4927	22
4928	14
4929	16
4930	18
4931	18
4932	20
4933	20
4934	10
4935	18
4936	13
4937	21
4938	17
4939	13
4940	15
4941	15
4942	15
4943	19
4944	16
4945	18
4946	19
4947	19
4948	11
4949	12
4950	16
4951	16
4952	23
4953	13
4954	13
4955	17
4956	20
4957	15
4958	20
4959	23
4960	20
4961	20
4962	17
4963	15
4964	18
4965	19
4966	20
4967	19
4968	12
4969	17
4970	16
4971	17
4972	17
4973	18
4974	22
4975	16
4976	10
4977	15
4978	15
4979	21
4980	16
4981	16
4982	16
4983	11
4984	9
4985	18
4986	16
4987	29
4988	15
4989	14
4990	14
4991	20
4992	22
4993	19
4994	20
4995	15
4996	21
4997	14
4998	11
4999	20
5000	17
5001	19
5002	17
5003	20
5004	14
5005	18
5006	24
5007	20
5008	9
5009	15
5010	12
5011	21
5012	11
5013	13
5014	17
5015	21
5016	19
5017	22
5018	25
5019	20
5020	17
5021	24
5022	19
5023	25
5024	8
5025	17
5026	18
5027	9
5028	18
5029	19
5030	20
5031	15
5032	12
5033	13
5034	22
5035	26
5036	27
5037	20
5038	16
5039	11
5040	17
5041	15
5042	12
5043	18
5044	18
5045	14
5046	21
5047	24
5048	12
5049	15
5050	20
5051	15
5052	17
5053	15
5054	13
5055	27
5056	18
5057	19
5058	11
5059	12
5060	9
5061	25
5062	21
5063	18
5064	20
5065	13
5066	12
5067	16
5068	15
5069	16
5070	21
5071	10
5072	22
5073	25
5074	26
5075	22
5076	16
5077	20
5078	19
5079	22
5080	13
5081	18
5082	11
5083	28
5084	26
5085	27
5086	17
5087	18
5088	15
5089	18
5090	18
5091	15
5092	24
5093	25
5094	18
5095	23
5096	12
5097	16
5098	19
5099	13
5100	27
5101	8
5102	14
5103	15
5104	13
5105	23
5106	17
5107	11
5108	27
5109	13
5110	11
5111	27
5112	20
5113	20
5114	17
5115	22
5116	22
5117	15
5118	16
5119	23
5120	20
5121	16
5122	16
5123	20
5124	14
5125	12
5126	12
5127	16
5128	18
5129	24
5130	17
5131	18
5132	14
5133	15
5134	16
5135	16
5136	21
5137	20
5138	21
5139	19
5140	21
5141	18
5142	16
5143	14
5144	19
5145	18
5146	13
5147	23
5148	20
5149	12
5150	19
5151	16
5152	26
5153	21
5154	26
5155	21
5156	18
5157	17
5158	17
5159	19
5160	19
5161	18
5162	19
5163	24
5164	21
5165	28
5166	16
5167	17
5168	16
5169	16
5170	14
5171	15
5172	19
5173	24
5174	15
5175	22
5176	17
5177	23
5178	27
5179	21
5180	22
5181	17
5182	10
5183	24
5184	20
5185	15
5186	28
5187	14
5188	20
5189	15
5190	14
5191	27
5192	23
5193	15
5194	11
5195	16
5196	11
5197	21
5198	16
5199	9
5200	12
5201	19
5202	23
5203	14
5204	17
5205	24
5206	15
5207	18
5208	20
5209	15
5210	24
5211	24
5212	15
5213	13
5214	13
5215	10
5216	18
5217	18
5218	18
5219	17
5220	27
5221	18
5222	13
5223	15
5224	12
5225	23
5226	15
5227	18
5228	19
5229	26
5230	28
5231	12
5232	17
5233	22
5234	20
5235	25
5236	15
5237	16
5238	16
5239	20
5240	15
5241	11
5242	17
5243	13
5244	23
5245	22
5246	18
5247	23
5248	13
5249	22
5250	25
5251	20
5252	14
5253	23
5254	12
5255	17
5256	16
5257	17
5258	22
5259	23
5260	12
5261	21
5262	16
5263	10
5264	23
5265	27
5266	21
5267	17
5268	16
5269	7
5270	15
5271	20
5272	18
5273	16
5274	13
5275	17
5276	25
5277	10
5278	21
5279	26
5280	10
5281	10
5282	15
5283	20
5284	20
5285	18
5286	21
5287	16
5288	22
5289	17
5290	16
5291	21
5292	18
5293	15
5294	22
5295	17
5296	20
5297	17
5298	20
5299	10
5300	18
5301	15
5302	18
5303	17
5304	11
5305	10
5306	14
5307	16
5308	14
5309	13
5310	13
5311	15
5312	18
5313	14
5314	13
5315	16
5316	15
5317	19
5318	13
5319	15
5320	24
5321	16
5322	19
5323	17
5324	12
5325	16
5326	13
5327	21
5328	18
5329	15
5330	12
5331	12
5332	12
5333	13
5334	16
5335	14
5336	19
5337	17
5338	17
5339	19
5340	12
5341	19
5342	17
5343	19
5344	20
5345	10
5346	13
5347	25
5348	20
5349	21
5350	15
5351	20
5352	16
5353	15
5354	15
5355	18
5356	18
5357	20
5358	16
5359	13
5360	18
5361	21
5362	17
5363	22
5364	19
5365	26
5366	16
5367	20
5368	14
5369	18
5370	13
5371	20
5372	13
5373	15
5374	23
5375	16
5376	14
5377	21
5378	15
5379	13
5380	16
5381	14
5382	20
5383	13
5384	16
5385	11
5386	13
5387	15
5388	12
5389	20
5390	17
5391	9
5392	10
5393	15
5394	10
5395	13
5396	9
5397	11
5398	18
5399	16
5400	14
5401	14
5402	18
5403	13
5404	12
5405	19
5406	18
5407	16
5408	18
5409	18
5410	19
5411	16
5412	15
5413	19
5414	15
5415	15
5416	21
5417	18
5418	13
5419	20
5420	16
5421	11
5422	17
5423	22
5424	18
5425	17
5426	18
5427	13
5428	19
5429	15
5430	15
5431	16
5432	19
5433	16
5434	15
5435	14
5436	16
5437	13
5438	18
5439	19
5440	16
5441	20
5442	16
5443	22
5444	11
5445	15
5446	12
5447	19
5448	13
5449	16
5450	12
5451	20
5452	13
5453	17
5454	19
5455	14
5456	15
5457	12
5458	15
5459	19
5460	13
5461	17
5462	14
5463	14
5464	11
5465	20
5466	14
5467	13
5468	22
5469	19
5470	18
5471	19
5472	20
5473	9
5474	19
5475	15
5476	18
5477	20
5478	15
5479	15
5480	8
5481	14
5482	17
5483	22
5484	11
5485	23
5486	22
5487	16
5488	14
5489	12
5490	18
5491	18
5492	18
5493	22
5494	19
5495	19
5496	12
5497	21
5498	16
5499	14
5500	25
5501	10
5502	14
5503	10
5504	19
5505	13
5506	16
5507	15
5508	12
5509	22
5510	16
5511	14
5512	17
5513	12
5514	23
5515	17
5516	15
5517	9
5518	9
5519	12
5520	20
5521	23
5522	14
5523	23
5524	14
5525	13
5526	17
5527	11
5528	14
5529	19
5530	14
5531	9
5532	12
5533	15
5534	15
5535	10
5536	28
5537	20
5538	19
5539	15
5540	8
5541	12
5542	17
5543	11
5544	16
5545	15
5546	11
5547	15
5548	16
5549	12
5550	15
5551	17
5552	12
5553	16
5554	14
5555	14
5556	11
5557	15
5558	15
5559	13
5560	11
5561	16
5562	15
5563	12
5564	18
5565	24
5566	28
5567	12
5568	19
5569	17
5570	19
5571	16
5572	15
5573	7
5574	11
5575	18
5576	19
5577	17
5578	19
5579	12
5580	14
5581	15
5582	9
5583	16
5584	17
5585	24
5586	13
5587	16
5588	15
5589	21
5590	11
5591	23
5592	14
5593	20
5594	22
5595	19
5596	16
5597	11
5598	17
5599	24
5600	17
5601	21
5602	18
5603	17
5604	20
5605	18
5606	18
5607	17
5608	12
5609	20
5610	10
5611	14
5612	13
5613	17
5614	15
5615	16
5616	19
5617	18
5618	6
5619	17
5620	14
5621	13
5622	11
5623	12
5624	17
5625	17
5626	19
5627	22
5628	11
5629	19
5630	11
5631	13
5632	12
5633	12
5634	10
5635	16
5636	25
5637	19
5638	21
5639	9
5640	22
5641	15
5642	17
5643	15
5644	15
5645	10
5646	17
5647	9
5648	20
5649	21
5650	17
5651	19
5652	11
5653	11
5654	14
5655	13
5656	18
5657	12
5658	14
5659	15
5660	20
5661	21
5662	14
5663	27
5664	19
5665	17
5666	19
5667	18
5668	12
5669	27
5670	19
5671	14
5672	21
5673	18
5674	15
5675	16
5676	14
5677	10
5678	14
5679	12
5680	20
5681	23
5682	13
5683	19
5684	13
5685	16
5686	20
5687	13
5688	12
5689	16
5690	19
5691	24
5692	17
5693	23
5694	14
5695	14
5696	13
5697	18
5698	24
5699	17
5700	8
5701	18
5702	20
5703	18
5704	22
5705	14
5706	13
5707	15
5708	12
5709	16
5710	18
5711	21
5712	15
5713	16
5714	14
5715	16
5716	19
5717	13
5718	12
5719	17
5720	14
5721	14
5722	17
5723	19
5724	14
5725	14
5726	22
5727	7
5728	23
5729	16
5730	9
5731	14
5732	16
5733	18
5734	10
5735	16
5736	19
5737	17
5738	21
5739	24
5740	20
5741	11
5742	14
5743	15
5744	19
5745	15
5746	15
5747	18
5748	16
5749	14
5750	18
5751	20
5752	19
5753	16
5754	12
5755	21
5756	13
5757	13
5758	15
5759	20
5760	29
5761	15
5762	11
5763	12
5764	16
5765	12
5766	25
5767	11
5768	21
5769	16
5770	17
5771	14
5772	28
5773	19
5774	20
5775	21
5776	17
5777	11
5778	13
5779	18
5780	24
5781	10
5782	19
5783	16
5784	23
5785	17
5786	16
5787	24
5788	16
5789	14
5790	8
5791	13
5792	8
5793	17
5794	13
5795	12
5796	22
5797	14
5798	14
5799	18
5800	19
5801	15
5802	19
5803	22
5804	9
5805	21
5806	18
5807	13
5808	17
5809	16
5810	16
5811	22
5812	18
5813	14
5814	9
5815	16
5816	24
5817	17
5818	21
5819	11
5820	23
5821	14
5822	22
5823	16
5824	8
5825	16
5826	16
5827	12
5828	19
5829	17
5830	18
5831	7
5832	18
5833	12
5834	9
5835	18
5836	18
5837	21
5838	15
5839	24
5840	17
5841	11
5842	12
5843	10
5844	19
5845	9
5846	15
5847	16
5848	13
5849	10
5850	13
5851	18
5852	13
5853	22
5854	17
5855	13
5856	15
5857	12
5858	16
5859	10
5860	10
5861	10
5862	16
5863	17
5864	23
5865	22
5866	15
5867	9
5868	11
5869	19
5870	15
5871	15
5872	22
5873	22
5874	17
5875	10
5876	19
5877	11
5878	13
5879	20
5880	12
5881	10
5882	12
5883	13
5884	18
5885	13
5886	20
5887	14
5888	12
5889	16
5890	12
5891	21
5892	14
5893	20
5894	14
5895	22
5896	10
5897	16
5898	11
5899	17
5900	19
5901	16
5902	11
5903	22
5904	9
5905	14
5906	21
5907	23
5908	16
5909	10
5910	22
5911	13
5912	14
5913	19
5914	17
5915	11
5916	18
5917	20
5918	22
5919	19
5920	13
5921	20
5922	15
5923	16
5924	7
5925	12
5926	15
5927	17
5928	18
5929	17
5930	17
5931	10
5932	23
5933	13
5934	15
5935	15
5936	25
5937	12
5938	17
5939	18
5940	21
5941	21
5942	8
5943	16
5944	16
5945	23
5946	13
5947	22
5948	20
5949	16
5950	15
5951	24
5952	18
5953	19
5954	14
5955	20
5956	11
5957	22
5958	10
5959	10
5960	17
5961	23
5962	16
5963	18
5964	27
5965	10
5966	17
5967	13
5968	11
5969	16
5970	17
5971	18
5972	10
5973	20
5974	16
5975	9
5976	15
5977	19
5978	22
5979	22
5980	19
5981	12
5982	18
5983	18
5984	20
5985	12
5986	16
5987	25
5988	26
5989	17
5990	14
5991	18
5992	20
5993	11
5994	20
5995	18
5996	20
5997	16
5998	16
5999	12
6000	13
6001	20
6002	21
6003	21
6004	24
6005	19
6006	18
6007	25
6008	15
6009	20
6010	17
6011	3
6012	10
6013	18
6014	18
6015	17
6016	15
6017	13
6018	17
6019	10
6020	21
6021	13
6022	16
6023	9
6024	21
6025	14
6026	17
6027	15
6028	15
6029	18
6030	20
6031	13
6032	9
6033	25
6034	22
6035	15
6036	26
6037	15
6038	13
6039	12
6040	20
6041	13
6042	13
6043	17
6044	17
6045	18
6046	14
6047	18
6048	14
6049	12
6050	10
6051	11
6052	15
6053	11
6054	14
6055	17
6056	16
6057	16
6058	22
6059	17
6060	16
6061	23
6062	15
6063	21
6064	29
6065	16
6066	20
6067	15
6068	15
6069	10
6070	18
6071	12
6072	15
6073	20
6074	14
6075	17
6076	11
6077	13
6078	19
6079	19
6080	13
6081	13
6082	22
6083	12
6084	25
6085	13
6086	17
6087	20
6088	18
6089	15
6090	13
6091	22
6092	12
6093	19
6094	13
6095	16
6096	18
6097	16
6098	18
6099	24
6100	18
6101	21
6102	21
6103	21
6104	18
6105	13
6106	14
6107	19
6108	14
6109	14
6110	12
6111	26
6112	24
6113	13
6114	18
6115	17
6116	16
6117	19
6118	20
6119	18
6120	13
6121	19
6122	17
6123	13
6124	19
6125	15
6126	15
6127	21
6128	17
6129	11
6130	14
6131	13
6132	17
6133	14
6134	22
6135	20
6136	15
6137	15
6138	21
6139	16
6140	16
6141	19
6142	12
6143	19
6144	11
6145	21
6146	10
6147	24
6148	13
6149	16
6150	16
6151	21
6152	14
6153	14
6154	13
6155	12
6156	14
6157	13
6158	16
6159	11
6160	24
6161	9
6162	17
6163	20
6164	15
6165	10
6166	23
6167	9
6168	8
6169	18
6170	18
6171	11
6172	17
6173	18
6174	18
6175	13
6176	14
6177	15
6178	16
6179	15
6180	22
6181	10
6182	16
6183	14
6184	18
6185	8
6186	11
6187	12
6188	17
6189	8
6190	17
6191	10
6192	12
6193	21
6194	16
6195	19
6196	18
6197	19
6198	14
6199	16
6200	13
6201	15
6202	26
6203	18
6204	18
6205	18
6206	29
6207	17
6208	14
6209	13
6210	13
6211	16
6212	10
6213	17
6214	15
6215	16
6216	15
6217	24
6218	17
6219	17
6220	17
6221	16
6222	15
6223	5
6224	18
6225	16
6226	25
6227	11
6228	18
6229	21
6230	16
6231	10
6232	21
6233	17
6234	16
6235	17
6236	14
6237	20
6238	16
6239	11
6240	18
6241	26
6242	16
6243	15
6244	16
6245	20
6246	19
6247	15
6248	15
6249	20
6250	16
6251	15
6252	14
6253	16
6254	15
6255	15
6256	15
6257	23
6258	20
6259	14
6260	13
6261	16
6262	12
6263	17
6264	19
6265	16
6266	20
6267	11
6268	18
6269	13
6270	18
6271	21
6272	19
6273	13
6274	13
6275	15
6276	16
6277	19
6278	22
6279	20
6280	22
6281	19
6282	19
6283	17
6284	12
6285	16
6286	10
6287	14
6288	15
6289	15
6290	7
6291	10
6292	16
6293	16
6294	13
6295	16
6296	21
6297	12
6298	9
6299	15
6300	22
6301	17
6302	13
6303	12
6304	18
6305	15
6306	18
6307	14
6308	15
6309	18
6310	15
6311	9
6312	13
6313	13
6314	15
6315	18
6316	14
6317	15
6318	23
6319	12
6320	14
6321	15
6322	12
6323	14
6324	24
6325	14
6326	14
6327	12
6328	14
6329	19
6330	20
6331	16
6332	14
6333	12
6334	15
6335	21
6336	18
6337	11
6338	19
6339	15
6340	18
6341	13
6342	13
6343	15
6344	19
6345	16
6346	14
6347	12
6348	16
6349	16
6350	15
6351	14
6352	15
6353	14
6354	11
6355	15
6356	12
6357	15
6358	16
6359	14
6360	21
6361	13
6362	18
6363	19
6364	18
6365	18
6366	17
6367	15
6368	17
6369	20
6370	16
6371	17
6372	21
6373	15
6374	17
6375	23
6376	14
6377	12
6378	18
6379	15
6380	19
6381	20
6382	10
6383	14
6384	13
6385	15
6386	14
6387	15
6388	17
6389	18
6390	14
6391	21
6392	14
6393	11
6394	17
6395	9
6396	15
6397	15
6398	14
6399	13
6400	18
6401	20
6402	13
6403	9
6404	15
6405	13
6406	15
6407	11
6408	7
6409	15
6410	10
6411	9
6412	19
6413	15
6414	12
6415	14
6416	21
6417	20
6418	17
6419	16
6420	14
6421	15
6422	20
6423	18
6424	18
6425	14
6426	16
6427	13
6428	19
6429	20
6430	14
6431	11
6432	15
6433	18
6434	15
6435	24
6436	11
6437	12
6438	12
6439	15
6440	15
6441	15
6442	14
6443	20
6444	13
6445	16
6446	10
6447	14
6448	16
6449	11
6450	15
6451	14
6452	17
6453	12
6454	17
6455	21
6456	17
6457	16
6458	23
6459	18
6460	15
6461	22
6462	11
6463	14
6464	14
6465	23
6466	21
6467	14
6468	26
6469	19
6470	13
6471	9
6472	15
6473	20
6474	14
6475	11
6476	22
6477	15
6478	16
6479	18
6480	24
6481	18
6482	21
6483	20
6484	13
6485	23
6486	23
6487	16
6488	17
6489	21
6490	25
6491	17
6492	22
6493	31
6494	15
6495	22
6496	20
6497	22
6498	19
6499	21
6500	14
6501	10
6502	20
6503	20
6504	32
6505	14
6506	20
6507	17
6508	17
6509	14
6510	18
6511	17
6512	15
6513	10
6514	20
6515	26
6516	18
6517	14
6518	15
6519	19
6520	16
6521	15
6522	22
6523	14
6524	16
6525	22
6526	23
6527	18
6528	12
6529	12
6530	17
6531	24
6532	20
6533	18
6534	24
6535	16
6536	16
6537	30
6538	19
6539	27
6540	21
6541	19
6542	19
6543	18
6544	21
6545	19
6546	24
6547	28
6548	18
6549	18
6550	21
6551	20
6552	23
6553	13
6554	16
6555	22
6556	25
6557	11
6558	19
6559	23
6560	16
6561	20
6562	24
6563	12
6564	11
6565	21
6566	17
6567	11
6568	17
6569	12
6570	17
6571	20
6572	17
6573	23
6574	20
6575	19
6576	23
6577	18
6578	18
6579	18
6580	24
6581	16
6582	17
6583	18
6584	21
6585	18
6586	21
6587	23
6588	20
6589	20
6590	21
6591	21
6592	22
6593	21
6594	15
6595	23
6596	18
6597	26
6598	13
6599	14
6600	27
6601	17
6602	25
6603	13
6604	20
6605	28
6606	21
6607	16
6608	25
6609	17
6610	17
6611	21
6612	18
6613	13
6614	17
6615	20
6616	21
6617	16
6618	27
6619	26
6620	16
6621	20
6622	19
6623	27
6624	27
6625	13
6626	25
6627	16
6628	21
6629	21
6630	22
6631	19
6632	21
6633	10
6634	29
6635	30
6636	20
6637	23
6638	15
6639	19
6640	15
6641	20
6642	24
6643	9
6644	18
6645	26
6646	19
6647	17
6648	20
6649	18
6650	19
6651	29
6652	16
6653	21
6654	16
6655	24
6656	23
6657	19
6658	16
6659	25
6660	15
6661	20
6662	16
6663	18
6664	24
6665	20
6666	13
6667	17
6668	26
6669	25
6670	24
6671	18
6672	27
6673	15
6674	18
6675	19
6676	22
6677	22
6678	18
6679	19
6680	25
6681	20
6682	17
6683	12
6684	14
6685	17
6686	17
6687	23
6688	18
6689	23
6690	20
6691	20
6692	19
6693	19
6694	19
6695	23
6696	23
6697	20
6698	13
6699	29
6700	17
6701	22
6702	18
6703	28
6704	18
6705	14
6706	20
6707	17
6708	27
6709	21
6710	23
6711	19
6712	23
6713	18
6714	18
6715	18
6716	14
6717	20
6718	19
6719	20
6720	21
6721	23
6722	28
6723	20
6724	23
6725	22
6726	19
6727	15
6728	29
6729	23
6730	21
6731	20
6732	21
6733	16
6734	18
6735	16
6736	16
6737	13
6738	16
6739	20
6740	17
6741	16
6742	19
6743	18
6744	17
6745	14
6746	15
6747	22
6748	21
6749	17
6750	22
6751	14
6752	16
6753	14
6754	23
6755	21
6756	16
6757	15
6758	15
6759	24
6760	15
6761	18
6762	24
6763	17
6764	11
6765	32
6766	18
6767	12
6768	21
6769	25
6770	24
6771	17
6772	19
6773	25
6774	18
6775	18
6776	13
6777	17
6778	18
6779	9
6780	22
6781	12
6782	12
6783	20
6784	15
6785	19
6786	20
6787	13
6788	10
6789	12
6790	14
6791	18
6792	22
6793	25
6794	14
6795	19
6796	25
6797	15
6798	18
6799	16
6800	22
6801	18
6802	16
6803	16
6804	22
6805	29
6806	12
6807	15
6808	21
6809	23
6810	12
6811	15
6812	24
6813	17
6814	15
6815	18
6816	17
6817	23
6818	11
6819	12
6820	17
6821	19
6822	10
6823	16
6824	12
6825	17
6826	18
6827	20
6828	18
6829	20
6830	13
6831	20
6832	17
6833	17
6834	21
6835	14
6836	16
6837	16
6838	9
6839	20
6840	10
6841	19
6842	20
6843	27
6844	19
6845	19
6846	20
6847	10
6848	15
6849	25
6850	13
6851	13
6852	15
6853	19
6854	17
6855	10
6856	15
6857	15
6858	16
6859	17
6860	16
6861	18
6862	14
6863	12
6864	17
6865	10
6866	14
6867	29
6868	16
6869	21
6870	16
6871	15
6872	18
6873	10
6874	21
6875	13
6876	10
6877	13
6878	17
6879	17
6880	22
6881	20
6882	17
6883	13
6884	22
6885	27
6886	13
6887	19
6888	13
6889	18
6890	23
6891	16
6892	14
6893	12
6894	17
6895	11
6896	16
6897	13
6898	15
6899	19
6900	19
6901	11
6902	17
6903	18
6904	13
6905	15
6906	11
6907	25
6908	12
6909	19
6910	16
6911	20
6912	15
6913	13
6914	10
6915	17
6916	14
6917	15
6918	21
6919	13
6920	22
6921	22
6922	14
6923	18
6924	21
6925	19
6926	14
6927	12
6928	15
6929	15
6930	16
6931	13
6932	16
6933	15
6934	18
6935	18
6936	9
6937	15
6938	22
6939	14
6940	16
6941	12
6942	12
6943	15
6944	19
6945	20
6946	13
6947	12
6948	12
6949	9
6950	24
6951	12
6952	24
6953	11
6954	9
6955	15
6956	15
6957	12
6958	19
6959	19
6960	15
6961	17
6962	15
6963	14
6964	15
6965	25
6966	18
6967	22
6968	16
6969	11
6970	15
6971	12
6972	11
6973	14
6974	17
6975	13
6976	15
6977	10
6978	17
6979	15
6980	14
6981	21
6982	17
6983	15
6984	18
6985	13
6986	15
6987	15
6988	18
6989	20
6990	18
6991	17
6992	13
6993	10
6994	14
6995	13
6996	11
6997	12
6998	17
6999	12
7000	22
7001	13
7002	18
7003	15
7004	13
7005	16
7006	13
7007	14
7008	18
7009	18
7010	16
7011	15
7012	15
7013	11
7014	22
7015	18
7016	7
7017	15
7018	15
7019	18
7020	13
7021	15
7022	18
7023	17
7024	19
7025	18
7026	15
7027	18
7028	16
7029	19
7030	8
7031	11
7032	26
7033	21
7034	13
7035	14
7036	14
7037	15
7038	22
7039	21
7040	23
7041	9
7042	17
7043	11
7044	10
7045	11
7046	15
7047	21
7048	24
7049	21
7050	26
7051	15
7052	17
7053	21
7054	12
7055	11
7056	14
7057	14
7058	13
7059	15
7060	14
7061	19
7062	12
7063	13
7064	10
7065	18
7066	16
7067	15
7068	16
7069	11
7070	14
7071	13
7072	17
7073	15
7074	23
7075	19
7076	14
7077	16
7078	21
7079	15
7080	11
7081	19
7082	14
7083	15
7084	19
7085	14
7086	16
7087	17
7088	24
7089	8
7090	12
7091	10
7092	13
7093	13
7094	13
7095	15
7096	17
7097	11
7098	12
7099	13
7100	18
7101	17
7102	15
7103	12
7104	9
7105	17
7106	24
7107	19
7108	13
7109	20
7110	19
7111	20
7112	21
7113	21
7114	16
7115	12
7116	23
7117	16
7118	14
7119	16
7120	12
7121	10
7122	19
7123	13
7124	19
7125	13
7126	18
7127	13
7128	16
7129	17
7130	11
7131	16
7132	14
7133	18
7134	16
7135	9
7136	18
7137	15
7138	26
7139	20
7140	18
7141	24
7142	9
7143	18
7144	13
7145	18
7146	19
7147	21
7148	18
7149	20
7150	13
7151	17
7152	16
7153	15
7154	10
7155	18
7156	12
7157	15
7158	14
7159	15
7160	21
7161	25
7162	12
7163	19
7164	15
7165	20
7166	13
7167	16
7168	18
7169	14
7170	22
7171	18
7172	22
7173	13
7174	18
7175	13
7176	23
7177	17
7178	10
7179	24
7180	20
7181	16
7182	19
7183	21
7184	13
7185	12
7186	14
7187	19
7188	15
7189	10
7190	18
7191	22
7192	14
7193	21
7194	22
7195	10
7196	22
7197	10
7198	9
7199	11
7200	17
7201	13
7202	8
7203	13
7204	15
7205	12
7206	19
7207	20
7208	20
7209	16
7210	17
7211	13
7212	14
7213	18
7214	20
7215	22
7216	16
7217	18
7218	16
7219	20
7220	19
7221	22
7222	13
7223	14
7224	15
7225	13
7226	18
7227	17
7228	12
7229	14
7230	19
7231	24
7232	10
7233	17
7234	13
7235	14
7236	14
7237	17
7238	16
7239	14
7240	15
7241	11
7242	13
7243	15
7244	25
7245	13
7246	17
7247	16
7248	15
7249	9
7250	18
7251	12
7252	13
7253	23
7254	17
7255	11
7256	15
7257	14
7258	8
7259	17
7260	15
7261	22
7262	16
7263	15
7264	20
7265	14
7266	22
7267	14
7268	18
7269	20
7270	15
7271	12
7272	13
7273	14
7274	14
7275	11
7276	24
7277	16
7278	13
7279	15
7280	16
7281	18
7282	18
7283	15
7284	13
7285	15
7286	16
7287	21
7288	10
7289	20
7290	21
7291	12
7292	12
7293	16
7294	12
7295	9
7296	8
7297	16
7298	10
7299	12
7300	9
7301	12
7302	12
7303	16
7304	16
7305	17
7306	20
7307	18
7308	10
7309	6
7310	14
7311	14
7312	17
7313	19
7314	11
7315	19
7316	16
7317	13
7318	15
7319	11
7320	16
7321	10
7322	22
7323	16
7324	11
7325	12
7326	14
7327	19
7328	15
7329	22
7330	13
7331	15
7332	14
7333	14
7334	15
7335	14
7336	14
7337	16
7338	12
7339	14
7340	13
7341	12
7342	18
7343	26
7344	9
7345	14
7346	16
7347	20
7348	16
7349	21
7350	14
7351	17
7352	11
7353	19
7354	17
7355	11
7356	23
7357	7
7358	14
7359	11
7360	19
7361	12
7362	18
7363	13
7364	17
7365	14
7366	23
7367	19
7368	14
7369	14
7370	14
7371	22
7372	16
7373	14
7374	8
7375	10
7376	12
7377	18
7378	18
7379	23
7380	11
7381	16
7382	18
7383	15
7384	16
7385	16
7386	23
7387	14
7388	15
7389	12
7390	12
7391	12
7392	14
7393	17
7394	16
7395	17
7396	18
7397	10
7398	18
7399	11
7400	14
7401	17
7402	13
7403	19
7404	15
7405	17
7406	16
7407	15
7408	16
7409	12
7410	9
7411	21
7412	13
7413	22
7414	13
7415	13
7416	16
7417	19
7418	17
7419	24
7420	16
7421	18
7422	15
7423	20
7424	14
7425	19
7426	17
7427	18
7428	14
7429	19
7430	10
7431	21
7432	18
7433	14
7434	15
7435	15
7436	9
7437	14
7438	8
7439	13
7440	17
7441	18
7442	16
7443	15
7444	15
7445	12
7446	15
7447	17
7448	18
7449	13
7450	12
7451	15
7452	13
7453	14
7454	17
7455	12
7456	23
7457	15
7458	5
7459	8
7460	18
7461	14
7462	12
7463	14
7464	11
7465	18
7466	18
7467	12
7468	12
7469	14
7470	16
7471	13
7472	13
7473	15
7474	19
7475	16
7476	19
7477	13
7478	14
7479	17
7480	18
7481	17
7482	13
7483	22
7484	14
7485	13
7486	17
7487	17
7488	14
7489	18
7490	23
7491	17
7492	19
7493	15
7494	12
7495	12
7496	11
7497	8
7498	13
7499	13
7500	17
7501	14
7502	17
7503	13
7504	13
7505	13
7506	16
7507	16
7508	26
7509	10
7510	13
7511	26
7512	19
7513	12
7514	22
7515	14
7516	11
7517	21
7518	18
7519	13
7520	19
7521	23
7522	18
7523	15
7524	17
7525	11
7526	15
7527	14
7528	14
7529	15
7530	15
7531	15
7532	12
7533	13
7534	25
7535	18
7536	20
7537	12
7538	9
7539	20
7540	16
7541	19
7542	15
7543	11
7544	9
7545	21
7546	15
7547	13
7548	8
7549	16
7550	14
7551	13
7552	19
7553	17
7554	13
7555	13
7556	15
7557	12
7558	12
7559	20
7560	20
7561	15
7562	9
7563	15
7564	9
7565	6
7566	23
7567	10
7568	14
7569	12
7570	20
7571	10
7572	16
7573	15
7574	19
7575	26
7576	16
7577	15
7578	16
7579	12
7580	13
7581	20
7582	20
7583	19
7584	10
7585	14
7586	14
7587	14
7588	10
7589	20
7590	17
7591	22
7592	10
7593	10
7594	15
7595	31
7596	17
7597	14
7598	9
7599	15
7600	19
7601	9
7602	13
7603	16
7604	14
7605	13
7606	18
7607	13
7608	21
7609	14
7610	12
7611	19
7612	20
7613	18
7614	14
7615	18
7616	17
7617	19
7618	13
7619	17
7620	8
7621	18
7622	19
7623	18
7624	15
7625	14
7626	12
7627	14
7628	21
7629	15
7630	14
7631	17
7632	8
7633	17
7634	12
7635	15
7636	14
7637	13
7638	9
7639	13
7640	17
7641	16
7642	16
7643	17
7644	14
7645	14
7646	15
7647	20
7648	18
7649	14
7650	15
7651	24
7652	17
7653	17
7654	21
7655	23
7656	14
7657	16
7658	19
7659	13
7660	14
7661	10
7662	22
7663	12
7664	7
7665	15
7666	16
7667	12
7668	13
7669	17
7670	19
7671	16
7672	15
7673	25
7674	7
7675	15
7676	16
7677	18
7678	11
7679	9
7680	13
7681	15
7682	20
7683	16
7684	14
7685	11
7686	17
7687	13
7688	13
7689	11
7690	13
7691	16
7692	11
7693	15
7694	14
7695	22
7696	12
7697	19
7698	14
7699	16
7700	22
7701	15
7702	11
7703	19
7704	22
7705	18
7706	10
7707	22
7708	17
7709	16
7710	12
7711	11
7712	11
7713	15
7714	19
7715	13
7716	9
7717	17
7718	16
7719	15
7720	19
7721	27
7722	13
7723	13
7724	13
7725	13
7726	16
7727	16
7728	15
7729	18
7730	15
7731	12
7732	17
7733	20
7734	11
7735	12
7736	11
7737	16
7738	9
7739	15
7740	16
7741	22
7742	15
7743	15
7744	19
7745	15
7746	16
7747	7
7748	15
7749	22
7750	19
7751	9
7752	15
7753	14
7754	13
7755	14
7756	14
7757	17
7758	21
7759	15
7760	11
7761	11
7762	10
7763	19
7764	22
7765	17
7766	9
7767	13
7768	18
7769	14
7770	16
7771	16
7772	15
7773	11
7774	18
7775	15
7776	19
7777	11
7778	14
7779	17
7780	17
7781	14
7782	21
7783	17
7784	15
7785	16
7786	14
7787	14
7788	13
7789	21
7790	14
7791	10
7792	19
7793	16
7794	14
7795	13
7796	17
7797	17
7798	16
7799	17
7800	21
7801	18
7802	12
7803	14
7804	12
7805	17
7806	13
7807	14
7808	19
7809	13
7810	22
7811	17
7812	15
7813	18
7814	10
7815	16
7816	11
7817	16
7818	15
7819	15
7820	17
7821	10
7822	17
7823	15
7824	6
7825	13
7826	8
7827	9
7828	18
7829	14
7830	17
7831	9
7832	8
7833	10
7834	13
7835	11
7836	16
7837	15
7838	15
7839	11
7840	11
7841	11
7842	10
7843	18
7844	15
7845	14
7846	18
7847	14
7848	17
7849	14
7850	12
7851	15
7852	18
7853	16
7854	14
7855	14
7856	19
7857	19
7858	14
7859	10
7860	17
7861	10
7862	13
7863	16
7864	6
7865	12
7866	18
7867	14
7868	21
7869	16
7870	10
7871	11
7872	14
7873	15
7874	16
7875	18
7876	17
7877	16
7878	9
7879	18
7880	18
7881	10
7882	10
7883	5
7884	10
7885	11
7886	14
7887	14
7888	10
7889	20
7890	13
7891	11
7892	12
7893	13
7894	7
7895	9
7896	17
7897	13
7898	20
7899	8
7900	12
7901	16
7902	12
7903	15
7904	12
7905	9
7906	16
7907	11
7908	11
7909	10
7910	15
7911	13
7912	9
7913	14
7914	13
7915	16
7916	16
7917	15
7918	17
7919	14
7920	20
7921	22
7922	13
7923	8
7924	22
7925	17
7926	11
7927	10
7928	10
7929	20
7930	12
7931	12
7932	15
7933	13
7934	12
7935	17
7936	18
7937	16
7938	21
7939	16
7940	17
7941	7
7942	17
7943	14
7944	17
7945	10
7946	8
7947	19
7948	13
7949	18
7950	23
7951	13
7952	21
7953	14
7954	12
7955	11
7956	19
7957	13
7958	9
7959	12
7960	13
7961	12
7962	16
7963	14
7964	13
7965	12
7966	9
7967	7
7968	16
7969	20
7970	16
7971	10
7972	19
7973	12
7974	13
7975	21
7976	19
7977	13
7978	12
7979	23
7980	18
7981	10
7982	15
7983	18
7984	14
7985	14
7986	11
7987	13
7988	16
7989	16
7990	12
7991	13
7992	14
7993	10
7994	19
7995	14
7996	12
7997	10
7998	8
7999	21
8000	12
8001	10
8002	18
8003	12
8004	17
8005	11
8006	19
8007	11
8008	16
8009	9
8010	14
8011	10
8012	13
8013	16
8014	16
8015	18
8016	8
8017	11
8018	20
8019	18
8020	17
8021	15
8022	21
8023	11
8024	11
8025	15
8026	7
8027	12
8028	20
8029	13
8030	12
8031	7
8032	14
8033	5
8034	13
8035	13
8036	12
8037	19
8038	16
8039	18
8040	11
8041	15
8042	10
8043	14
8044	12
8045	13
8046	21
8047	10
8048	12
8049	12
8050	9
8051	14
8052	11
8053	11
8054	17
8055	11
8056	21
8057	13
8058	17
8059	16
8060	20
8061	13
8062	13
8063	13
8064	16
8065	16
8066	12
8067	14
8068	17
8069	11
8070	13
8071	9
8072	8
8073	11
8074	9
8075	12
8076	8
8077	11
8078	15
8079	10
8080	12
8081	11
8082	12
8083	13
8084	13
8085	12
8086	22
8087	11
8088	7
8089	9
8090	12
8091	10
8092	10
8093	11
8094	14
8095	19
8096	12
8097	10
8098	8
8099	11
8100	9
8101	11
8102	6
8103	14
8104	14
8105	8
8106	6
8107	10
8108	8
8109	11
8110	13
8111	15
8112	9
8113	15
8114	9
8115	20
8116	16
8117	13
8118	10
8119	16
8120	12
8121	14
8122	24
8123	17
8124	11
8125	15
8126	13
8127	13
8128	11
8129	13
8130	10
8131	12
8132	10
8133	9
8134	17
8135	14
8136	12
8137	14
8138	16
8139	12
8140	12
8141	7
8142	10
8143	5
8144	3
8145	2
8146	0
8147	0
8148	0
8149	0
8150	0
8151	0
8152	0
8153	0
8154	0
8155	0
8156	0
8157	0
8158	0
8159	0
8160	0
8161	0
8162	0
8163	0
8164	0
8165	0
8166	0
8167	0
8168	0
8169	0
8170	0
8171	0
8172	0
8173	0
8174	0
8175	0
8176	0
8177	0
8178	0
8179	0
8180	0
8181	0
8182	0
8183	0
8184	0
8185	0
8186	0
8187	0
8188	0
8189	0
8190	0
8191	0
