0	0
1	0
2	0
3	0
4	0
5	0
6	0
7	0
8	0
9	0
10	0
11	0
12	0
13	0
14	0
15	0
16	0
17	0
18	0
19	0
20	0
21	0
22	0
23	0
24	0
25	0
26	0
27	0
28	0
29	0
30	0
31	0
32	0
33	0
34	0
35	0
36	0
37	0
38	0
39	0
40	0
41	0
42	0
43	0
44	0
45	0
46	0
47	0
48	0
49	0
50	0
51	0
52	0
53	0
54	0
55	0
56	0
57	0
58	0
59	0
60	0
61	0
62	0
63	0
64	0
65	0
66	0
67	0
68	0
69	0
70	0
71	0
72	0
73	0
74	0
75	0
76	0
77	0
78	0
79	0
80	0
81	0
82	0
83	0
84	0
85	0
86	0
87	0
88	0
89	0
90	0
91	0
92	0
93	0
94	0
95	0
96	0
97	0
98	0
99	0
100	0
101	0
102	0
103	0
104	0
105	0
106	0
107	0
108	0
109	0
110	0
111	0
112	0
113	0
114	0
115	0
116	0
117	0
118	0
119	0
120	0
121	0
122	0
123	0
124	0
125	0
126	0
127	0
128	0
129	0
130	0
131	0
132	0
133	0
134	0
135	0
136	0
137	0
138	0
139	0
140	0
141	0
142	0
143	0
144	0
145	0
146	0
147	0
148	0
149	0
150	0
151	0
152	0
153	0
154	0
155	0
156	0
157	0
158	0
159	0
160	0
161	0
162	0
163	0
164	0
165	0
166	0
167	0
168	0
169	0
170	0
171	0
172	0
173	0
174	0
175	0
176	0
177	0
178	0
179	0
180	0
181	0
182	0
183	0
184	0
185	0
186	0
187	0
188	0
189	0
190	0
191	0
192	0
193	0
194	0
195	0
196	0
197	0
198	0
199	0
200	0
201	0
202	0
203	0
204	0
205	0
206	0
207	0
208	0
209	0
210	0
211	0
212	0
213	0
214	0
215	0
216	0
217	0
218	0
219	0
220	0
221	0
222	0
223	0
224	0
225	0
226	0
227	0
228	0
229	0
230	0
231	0
232	0
233	0
234	0
235	0
236	0
237	0
238	0
239	0
240	0
241	0
242	0
243	0
244	0
245	0
246	0
247	0
248	0
249	0
250	0
251	0
252	0
253	0
254	0
255	0
256	0
257	0
258	0
259	0
260	0
261	0
262	0
263	0
264	0
265	0
266	0
267	0
268	0
269	0
270	0
271	0
272	0
273	0
274	0
275	0
276	0
277	0
278	0
279	0
280	0
281	0
282	0
283	0
284	0
285	0
286	0
287	0
288	0
289	0
290	0
291	0
292	0
293	0
294	0
295	0
296	0
297	0
298	0
299	0
300	0
301	0
302	0
303	0
304	0
305	0
306	0
307	0
308	0
309	0
310	0
311	0
312	0
313	0
314	0
315	0
316	0
317	0
318	0
319	0
320	0
321	0
322	0
323	0
324	0
325	0
326	0
327	0
328	0
329	0
330	0
331	0
332	0
333	0
334	0
335	0
336	0
337	0
338	0
339	0
340	0
341	0
342	0
343	0
344	0
345	0
346	0
347	0
348	0
349	0
350	0
351	0
352	0
353	0
354	0
355	0
356	0
357	0
358	0
359	0
360	0
361	0
362	0
363	0
364	0
365	0
366	0
367	0
368	0
369	0
370	0
371	0
372	0
373	0
374	0
375	0
376	0
377	0
378	0
379	0
380	0
381	0
382	0
383	0
384	0
385	0
386	0
387	0
388	0
389	0
390	0
391	0
392	0
393	0
394	0
395	0
396	0
397	0
398	0
399	0
400	0
401	0
402	0
403	0
404	0
405	0
406	0
407	0
408	0
409	0
410	0
411	0
412	0
413	0
414	0
415	0
416	0
417	0
418	0
419	0
420	0
421	0
422	0
423	0
424	0
425	0
426	0
427	0
428	0
429	0
430	0
431	0
432	0
433	0
434	0
435	0
436	0
437	0
438	0
439	0
440	0
441	0
442	0
443	0
444	0
445	0
446	0
447	0
448	0
449	0
450	0
451	0
452	0
453	0
454	0
455	0
456	0
457	0
458	0
459	0
460	0
461	0
462	0
463	0
464	0
465	0
466	0
467	0
468	0
469	0
470	0
471	0
472	0
473	0
474	0
475	0
476	0
477	0
478	0
479	0
480	0
481	0
482	0
483	0
484	0
485	0
486	0
487	0
488	0
489	0
490	0
491	0
492	0
493	0
494	0
495	0
496	0
497	0
498	0
499	0
500	0
501	0
502	0
503	0
504	0
505	0
506	0
507	0
508	0
509	0
510	0
511	0
512	0
513	0
514	0
515	0
516	0
517	0
518	0
519	0
520	0
521	0
522	0
523	0
524	0
525	0
526	0
527	0
528	0
529	0
530	0
531	0
532	0
533	0
534	0
535	0
536	0
537	0
538	0
539	0
540	0
541	0
542	0
543	0
544	0
545	0
546	0
547	0
548	0
549	0
550	0
551	0
552	0
553	0
554	0
555	0
556	0
557	0
558	0
559	0
560	0
561	0
562	0
563	0
564	0
565	0
566	0
567	0
568	0
569	0
570	0
571	0
572	0
573	0
574	0
575	0
576	0
577	0
578	0
579	0
580	0
581	0
582	0
583	0
584	0
585	0
586	0
587	0
588	0
589	0
590	0
591	0
592	0
593	0
594	0
595	0
596	0
597	0
598	0
599	0
600	0
601	0
602	0
603	0
604	0
605	0
606	0
607	0
608	0
609	0
610	0
611	0
612	0
613	0
614	1
615	0
616	0
617	0
618	0
619	0
620	0
621	0
622	0
623	0
624	0
625	0
626	0
627	0
628	0
629	0
630	0
631	0
632	0
633	0
634	0
635	0
636	0
637	0
638	0
639	0
640	0
641	0
642	0
643	0
644	0
645	0
646	0
647	0
648	0
649	0
650	0
651	0
652	0
653	0
654	0
655	0
656	0
657	0
658	0
659	0
660	0
661	0
662	0
663	0
664	0
665	0
666	0
667	0
668	0
669	0
670	0
671	0
672	0
673	0
674	0
675	0
676	0
677	0
678	0
679	0
680	0
681	1
682	0
683	0
684	0
685	0
686	0
687	0
688	0
689	0
690	0
691	0
692	0
693	0
694	0
695	0
696	0
697	0
698	0
699	0
700	0
701	0
702	0
703	0
704	0
705	0
706	0
707	0
708	1
709	0
710	0
711	0
712	0
713	0
714	0
715	0
716	0
717	0
718	0
719	0
720	0
721	0
722	0
723	0
724	0
725	0
726	0
727	0
728	0
729	0
730	0
731	0
732	0
733	1
734	0
735	0
736	0
737	0
738	0
739	0
740	0
741	0
742	0
743	0
744	0
745	0
746	0
747	0
748	0
749	0
750	0
751	0
752	0
753	0
754	0
755	0
756	0
757	0
758	0
759	0
760	0
761	0
762	0
763	0
764	0
765	0
766	0
767	0
768	0
769	0
770	0
771	0
772	0
773	0
774	0
775	1
776	0
777	0
778	0
779	0
780	0
781	0
782	0
783	0
784	1
785	0
786	0
787	0
788	0
789	0
790	0
791	0
792	0
793	0
794	0
795	0
796	0
797	0
798	0
799	0
800	0
801	0
802	0
803	0
804	0
805	0
806	0
807	0
808	0
809	1
810	0
811	0
812	0
813	0
814	0
815	0
816	0
817	0
818	0
819	0
820	0
821	0
822	0
823	0
824	1
825	0
826	0
827	0
828	0
829	0
830	0
831	0
832	0
833	0
834	0
835	0
836	0
837	0
838	0
839	0
840	0
841	0
842	0
843	0
844	0
845	0
846	0
847	0
848	0
849	0
850	0
851	0
852	0
853	0
854	0
855	0
856	0
857	0
858	0
859	0
860	0
861	0
862	0
863	0
864	0
865	1
866	0
867	0
868	0
869	0
870	0
871	0
872	0
873	0
874	0
875	0
876	0
877	0
878	0
879	0
880	0
881	0
882	0
883	0
884	0
885	0
886	0
887	0
888	0
889	0
890	0
891	0
892	0
893	0
894	0
895	0
896	0
897	0
898	0
899	0
900	0
901	0
902	0
903	0
904	0
905	0
906	0
907	0
908	0
909	0
910	0
911	0
912	0
913	0
914	0
915	1
916	0
917	0
918	0
919	0
920	0
921	0
922	0
923	0
924	0
925	1
926	0
927	0
928	0
929	0
930	0
931	0
932	0
933	0
934	0
935	0
936	0
937	1
938	0
939	0
940	0
941	0
942	0
943	0
944	0
945	0
946	0
947	0
948	0
949	0
950	0
951	0
952	0
953	0
954	0
955	0
956	0
957	0
958	0
959	0
960	0
961	0
962	0
963	0
964	0
965	0
966	0
967	0
968	0
969	0
970	0
971	0
972	0
973	0
974	0
975	1
976	0
977	0
978	0
979	0
980	1
981	0
982	0
983	0
984	0
985	0
986	0
987	0
988	0
989	0
990	0
991	0
992	0
993	0
994	0
995	0
996	0
997	0
998	0
999	0
1000	0
1001	0
1002	0
1003	0
1004	0
1005	0
1006	0
1007	0
1008	0
1009	0
1010	0
1011	0
1012	0
1013	0
1014	0
1015	0
1016	0
1017	0
1018	0
1019	0
1020	0
1021	0
1022	0
1023	0
1024	0
1025	0
1026	0
1027	0
1028	0
1029	0
1030	0
1031	0
1032	0
1033	0
1034	0
1035	0
1036	0
1037	0
1038	1
1039	0
1040	1
1041	0
1042	0
1043	1
1044	0
1045	0
1046	0
1047	0
1048	0
1049	0
1050	0
1051	0
1052	0
1053	0
1054	0
1055	0
1056	0
1057	0
1058	0
1059	0
1060	0
1061	0
1062	0
1063	0
1064	0
1065	0
1066	0
1067	0
1068	0
1069	0
1070	0
1071	0
1072	0
1073	0
1074	0
1075	0
1076	0
1077	0
1078	0
1079	0
1080	0
1081	0
1082	0
1083	0
1084	0
1085	0
1086	0
1087	0
1088	0
1089	0
1090	0
1091	0
1092	0
1093	0
1094	0
1095	0
1096	1
1097	0
1098	0
1099	0
1100	0
1101	0
1102	0
1103	0
1104	0
1105	0
1106	0
1107	0
1108	0
1109	0
1110	0
1111	0
1112	0
1113	0
1114	0
1115	0
1116	0
1117	0
1118	0
1119	0
1120	0
1121	0
1122	0
1123	0
1124	0
1125	0
1126	0
1127	0
1128	0
1129	0
1130	0
1131	0
1132	0
1133	0
1134	0
1135	0
1136	0
1137	0
1138	0
1139	0
1140	0
1141	0
1142	0
1143	0
1144	0
1145	0
1146	1
1147	0
1148	0
1149	0
1150	0
1151	0
1152	0
1153	0
1154	0
1155	0
1156	0
1157	0
1158	0
1159	0
1160	0
1161	0
1162	0
1163	0
1164	0
1165	0
1166	0
1167	0
1168	0
1169	0
1170	0
1171	0
1172	0
1173	1
1174	0
1175	0
1176	0
1177	0
1178	0
1179	0
1180	0
1181	0
1182	0
1183	0
1184	0
1185	0
1186	0
1187	0
1188	0
1189	0
1190	0
1191	1
1192	0
1193	0
1194	0
1195	0
1196	0
1197	0
1198	0
1199	0
1200	1
1201	0
1202	0
1203	0
1204	0
1205	0
1206	0
1207	0
1208	0
1209	0
1210	0
1211	0
1212	0
1213	0
1214	0
1215	0
1216	1
1217	0
1218	0
1219	1
1220	0
1221	0
1222	0
1223	0
1224	0
1225	0
1226	0
1227	0
1228	0
1229	0
1230	0
1231	0
1232	0
1233	0
1234	0
1235	0
1236	0
1237	0
1238	0
1239	0
1240	1
1241	0
1242	0
1243	0
1244	0
1245	0
1246	0
1247	0
1248	0
1249	0
1250	0
1251	0
1252	0
1253	0
1254	0
1255	0
1256	0
1257	0
1258	0
1259	0
1260	0
1261	0
1262	0
1263	0
1264	0
1265	0
1266	0
1267	1
1268	0
1269	0
1270	0
1271	0
1272	0
1273	0
1274	0
1275	0
1276	0
1277	0
1278	0
1279	0
1280	0
1281	0
1282	0
1283	0
1284	0
1285	0
1286	0
1287	0
1288	0
1289	0
1290	0
1291	0
1292	0
1293	0
1294	0
1295	0
1296	0
1297	0
1298	0
1299	0
1300	0
1301	0
1302	0
1303	0
1304	0
1305	0
1306	0
1307	0
1308	0
1309	0
1310	0
1311	0
1312	0
1313	0
1314	0
1315	0
1316	0
1317	0
1318	1
1319	0
1320	0
1321	0
1322	0
1323	2
1324	0
1325	0
1326	0
1327	0
1328	0
1329	0
1330	0
1331	0
1332	0
1333	0
1334	0
1335	0
1336	0
1337	0
1338	0
1339	0
1340	0
1341	0
1342	1
1343	0
1344	0
1345	0
1346	0
1347	0
1348	0
1349	0
1350	0
1351	0
1352	0
1353	0
1354	0
1355	0
1356	0
1357	1
1358	0
1359	0
1360	0
1361	0
1362	0
1363	0
1364	0
1365	0
1366	0
1367	0
1368	1
1369	0
1370	0
1371	0
1372	0
1373	0
1374	0
1375	0
1376	0
1377	0
1378	0
1379	0
1380	0
1381	0
1382	0
1383	0
1384	0
1385	0
1386	0
1387	0
1388	0
1389	0
1390	0
1391	1
1392	0
1393	0
1394	0
1395	1
1396	0
1397	0
1398	0
1399	0
1400	0
1401	0
1402	0
1403	0
1404	0
1405	1
1406	0
1407	0
1408	0
1409	0
1410	0
1411	0
1412	0
1413	0
1414	0
1415	0
1416	0
1417	0
1418	0
1419	0
1420	1
1421	0
1422	0
1423	0
1424	0
1425	0
1426	0
1427	0
1428	0
1429	0
1430	1
1431	0
1432	0
1433	0
1434	0
1435	0
1436	0
1437	0
1438	0
1439	0
1440	0
1441	0
1442	0
1443	0
1444	0
1445	1
1446	0
1447	1
1448	0
1449	0
1450	0
1451	0
1452	0
1453	0
1454	0
1455	0
1456	0
1457	0
1458	0
1459	0
1460	0
1461	0
1462	0
1463	0
1464	0
1465	0
1466	0
1467	1
1468	0
1469	0
1470	0
1471	0
1472	0
1473	0
1474	0
1475	0
1476	0
1477	0
1478	1
1479	0
1480	0
1481	0
1482	0
1483	0
1484	0
1485	0
1486	0
1487	0
1488	0
1489	0
1490	0
1491	0
1492	0
1493	0
1494	0
1495	0
1496	0
1497	0
1498	0
1499	0
1500	0
1501	0
1502	0
1503	0
1504	0
1505	0
1506	0
1507	0
1508	0
1509	0
1510	1
1511	0
1512	0
1513	0
1514	0
1515	0
1516	1
1517	0
1518	0
1519	0
1520	0
1521	1
1522	0
1523	1
1524	0
1525	0
1526	0
1527	0
1528	1
1529	0
1530	0
1531	0
1532	0
1533	0
1534	0
1535	0
1536	0
1537	0
1538	0
1539	0
1540	0
1541	0
1542	0
1543	0
1544	0
1545	0
1546	0
1547	0
1548	0
1549	0
1550	0
1551	0
1552	0
1553	0
1554	0
1555	0
1556	1
1557	0
1558	0
1559	0
1560	0
1561	0
1562	1
1563	0
1564	0
1565	0
1566	0
1567	0
1568	1
1569	0
1570	1
1571	0
1572	0
1573	0
1574	0
1575	0
1576	0
1577	0
1578	1
1579	0
1580	0
1581	0
1582	0
1583	1
1584	0
1585	0
1586	0
1587	0
1588	0
1589	1
1590	0
1591	1
1592	0
1593	0
1594	1
1595	1
1596	0
1597	0
1598	0
1599	0
1600	0
1601	0
1602	2
1603	0
1604	0
1605	0
1606	0
1607	0
1608	1
1609	0
1610	1
1611	0
1612	0
1613	0
1614	0
1615	1
1616	0
1617	1
1618	0
1619	1
1620	0
1621	0
1622	0
1623	0
1624	0
1625	0
1626	0
1627	0
1628	0
1629	0
1630	0
1631	2
1632	0
1633	1
1634	0
1635	0
1636	0
1637	0
1638	0
1639	1
1640	0
1641	0
1642	0
1643	0
1644	0
1645	0
1646	0
1647	0
1648	0
1649	0
1650	0
1651	0
1652	1
1653	0
1654	0
1655	0
1656	1
1657	1
1658	0
1659	0
1660	1
1661	0
1662	0
1663	0
1664	0
1665	0
1666	0
1667	0
1668	0
1669	1
1670	1
1671	0
1672	0
1673	0
1674	1
1675	1
1676	0
1677	2
1678	0
1679	0
1680	0
1681	0
1682	0
1683	0
1684	0
1685	0
1686	0
1687	0
1688	0
1689	0
1690	0
1691	0
1692	0
1693	1
1694	0
1695	0
1696	0
1697	1
1698	0
1699	0
1700	0
1701	0
1702	1
1703	0
1704	0
1705	0
1706	0
1707	1
1708	0
1709	1
1710	0
1711	0
1712	0
1713	0
1714	1
1715	0
1716	0
1717	0
1718	0
1719	0
1720	2
1721	0
1722	1
1723	0
1724	0
1725	0
1726	0
1727	0
1728	0
1729	0
1730	0
1731	0
1732	0
1733	2
1734	0
1735	0
1736	0
1737	0
1738	0
1739	1
1740	0
1741	0
1742	0
1743	0
1744	1
1745	0
1746	0
1747	0
1748	0
1749	0
1750	0
1751	0
1752	0
1753	0
1754	0
1755	0
1756	0
1757	0
1758	0
1759	0
1760	0
1761	0
1762	0
1763	0
1764	0
1765	0
1766	0
1767	0
1768	0
1769	0
1770	0
1771	0
1772	2
1773	0
1774	0
1775	1
1776	0
1777	0
1778	0
1779	0
1780	1
1781	0
1782	0
1783	0
1784	1
1785	1
1786	0
1787	0
1788	0
1789	0
1790	0
1791	1
1792	0
1793	0
1794	0
1795	0
1796	0
1797	0
1798	1
1799	0
1800	0
1801	0
1802	0
1803	0
1804	0
1805	1
1806	0
1807	1
1808	1
1809	0
1810	1
1811	0
1812	0
1813	1
1814	1
1815	0
1816	0
1817	0
1818	0
1819	0
1820	1
1821	0
1822	0
1823	1
1824	1
1825	0
1826	0
1827	1
1828	0
1829	0
1830	0
1831	2
1832	0
1833	0
1834	0
1835	0
1836	0
1837	1
1838	0
1839	0
1840	0
1841	0
1842	1
1843	0
1844	0
1845	0
1846	0
1847	1
1848	1
1849	0
1850	1
1851	2
1852	0
1853	1
1854	0
1855	0
1856	0
1857	1
1858	2
1859	1
1860	0
1861	0
1862	2
1863	0
1864	1
1865	1
1866	0
1867	0
1868	0
1869	0
1870	0
1871	0
1872	0
1873	0
1874	1
1875	1
1876	0
1877	0
1878	1
1879	0
1880	0
1881	1
1882	0
1883	1
1884	0
1885	1
1886	1
1887	0
1888	0
1889	0
1890	0
1891	0
1892	0
1893	0
1894	0
1895	0
1896	0
1897	1
1898	0
1899	0
1900	1
1901	0
1902	0
1903	0
1904	0
1905	2
1906	1
1907	2
1908	1
1909	0
1910	0
1911	0
1912	0
1913	0
1914	0
1915	2
1916	1
1917	2
1918	0
1919	1
1920	1
1921	0
1922	0
1923	0
1924	0
1925	1
1926	1
1927	0
1928	0
1929	2
1930	0
1931	0
1932	0
1933	0
1934	2
1935	0
1936	0
1937	2
1938	0
1939	0
1940	0
1941	0
1942	0
1943	0
1944	2
1945	0
1946	0
1947	0
1948	1
1949	0
1950	0
1951	0
1952	0
1953	1
1954	0
1955	0
1956	1
1957	3
1958	2
1959	0
1960	0
1961	0
1962	0
1963	1
1964	1
1965	1
1966	1
1967	1
1968	1
1969	0
1970	0
1971	0
1972	0
1973	0
1974	0
1975	0
1976	1
1977	2
1978	0
1979	0
1980	1
1981	0
1982	0
1983	0
1984	1
1985	0
1986	1
1987	0
1988	0
1989	2
1990	0
1991	0
1992	0
1993	0
1994	2
1995	0
1996	0
1997	2
1998	0
1999	0
2000	1
2001	0
2002	1
2003	1
2004	1
2005	2
2006	1
2007	1
2008	1
2009	0
2010	0
2011	1
2012	1
2013	0
2014	0
2015	0
2016	1
2017	0
2018	0
2019	0
2020	1
2021	1
2022	0
2023	0
2024	0
2025	2
2026	0
2027	1
2028	1
2029	0
2030	1
2031	0
2032	0
2033	3
2034	1
2035	1
2036	1
2037	0
2038	1
2039	1
2040	1
2041	0
2042	0
2043	2
2044	2
2045	0
2046	2
2047	0
2048	1
2049	0
2050	1
2051	3
2052	0
2053	0
2054	0
2055	0
2056	1
2057	1
2058	0
2059	0
2060	1
2061	2
2062	0
2063	2
2064	0
2065	0
2066	0
2067	2
2068	1
2069	1
2070	0
2071	0
2072	1
2073	0
2074	0
2075	0
2076	1
2077	1
2078	0
2079	0
2080	0
2081	1
2082	0
2083	0
2084	2
2085	1
2086	1
2087	2
2088	1
2089	0
2090	2
2091	1
2092	1
2093	2
2094	1
2095	0
2096	2
2097	1
2098	0
2099	0
2100	1
2101	1
2102	0
2103	0
2104	0
2105	0
2106	1
2107	0
2108	1
2109	1
2110	1
2111	1
2112	1
2113	0
2114	2
2115	2
2116	1
2117	0
2118	1
2119	1
2120	0
2121	3
2122	0
2123	2
2124	1
2125	1
2126	2
2127	2
2128	1
2129	3
2130	0
2131	0
2132	0
2133	3
2134	3
2135	2
2136	1
2137	1
2138	1
2139	0
2140	0
2141	1
2142	0
2143	1
2144	2
2145	0
2146	1
2147	1
2148	1
2149	1
2150	1
2151	0
2152	1
2153	2
2154	0
2155	1
2156	1
2157	0
2158	0
2159	2
2160	2
2161	2
2162	2
2163	0
2164	2
2165	3
2166	1
2167	1
2168	0
2169	0
2170	2
2171	3
2172	0
2173	1
2174	2
2175	1
2176	1
2177	2
2178	1
2179	3
2180	1
2181	3
2182	1
2183	1
2184	1
2185	2
2186	1
2187	1
2188	3
2189	0
2190	4
2191	0
2192	3
2193	3
2194	0
2195	2
2196	1
2197	0
2198	1
2199	1
2200	0
2201	2
2202	3
2203	0
2204	0
2205	1
2206	3
2207	0
2208	2
2209	0
2210	0
2211	0
2212	1
2213	3
2214	1
2215	0
2216	4
2217	0
2218	2
2219	1
2220	1
2221	5
2222	1
2223	2
2224	4
2225	3
2226	1
2227	3
2228	2
2229	5
2230	2
2231	3
2232	0
2233	2
2234	1
2235	1
2236	2
2237	1
2238	2
2239	1
2240	1
2241	2
2242	0
2243	0
2244	0
2245	4
2246	3
2247	0
2248	1
2249	2
2250	3
2251	1
2252	1
2253	4
2254	0
2255	2
2256	2
2257	1
2258	2
2259	3
2260	0
2261	1
2262	5
2263	4
2264	3
2265	3
2266	0
2267	4
2268	2
2269	2
2270	4
2271	6
2272	2
2273	0
2274	0
2275	2
2276	3
2277	2
2278	0
2279	5
2280	2
2281	2
2282	2
2283	3
2284	3
2285	5
2286	3
2287	2
2288	3
2289	5
2290	1
2291	2
2292	2
2293	3
2294	3
2295	4
2296	1
2297	4
2298	2
2299	4
2300	2
2301	3
2302	1
2303	3
2304	4
2305	4
2306	4
2307	3
2308	4
2309	3
2310	4
2311	3
2312	2
2313	7
2314	2
2315	4
2316	3
2317	2
2318	2
2319	6
2320	1
2321	4
2322	5
2323	1
2324	1
2325	2
2326	3
2327	7
2328	7
2329	2
2330	7
2331	4
2332	7
2333	5
2334	4
2335	4
2336	6
2337	1
2338	4
2339	4
2340	5
2341	6
2342	4
2343	2
2344	8
2345	3
2346	7
2347	4
2348	3
2349	11
2350	6
2351	4
2352	4
2353	4
2354	4
2355	5
2356	4
2357	6
2358	2
2359	7
2360	4
2361	6
2362	6
2363	9
2364	8
2365	4
2366	5
2367	8
2368	6
2369	4
2370	2
2371	4
2372	6
2373	11
2374	4
2375	6
2376	11
2377	7
2378	2
2379	13
2380	10
2381	6
2382	4
2383	7
2384	9
2385	10
2386	10
2387	8
2388	7
2389	13
2390	11
2391	15
2392	9
2393	9
2394	8
2395	7
2396	16
2397	9
2398	15
2399	14
2400	18
2401	15
2402	8
2403	20
2404	17
2405	11
2406	10
2407	21
2408	11
2409	9
2410	9
2411	11
2412	15
2413	21
2414	14
2415	21
2416	16
2417	17
2418	12
2419	15
2420	23
2421	22
2422	23
2423	10
2424	22
2425	17
2426	24
2427	24
2428	33
2429	33
2430	23
2431	24
2432	29
2433	26
2434	28
2435	28
2436	27
2437	35
2438	27
2439	39
2440	31
2441	39
2442	28
2443	30
2444	42
2445	33
2446	47
2447	38
2448	34
2449	51
2450	37
2451	42
2452	46
2453	55
2454	41
2455	46
2456	59
2457	54
2458	55
2459	51
2460	53
2461	63
2462	52
2463	55
2464	65
2465	76
2466	67
2467	73
2468	73
2469	65
2470	64
2471	64
2472	88
2473	82
2474	76
2475	82
2476	79
2477	99
2478	97
2479	105
2480	94
2481	106
2482	100
2483	103
2484	102
2485	103
2486	109
2487	129
2488	123
2489	116
2490	105
2491	140
2492	132
2493	140
2494	128
2495	128
2496	140
2497	170
2498	157
2499	159
2500	186
2501	159
2502	158
2503	158
2504	190
2505	179
2506	174
2507	177
2508	173
2509	165
2510	202
2511	186
2512	211
2513	217
2514	236
2515	207
2516	202
2517	213
2518	219
2519	221
2520	244
2521	232
2522	242
2523	251
2524	250
2525	259
2526	261
2527	269
2528	293
2529	268
2530	279
2531	263
2532	291
2533	321
2534	305
2535	295
2536	324
2537	345
2538	311
2539	329
2540	327
2541	326
2542	335
2543	335
2544	371
2545	329
2546	352
2547	391
2548	403
2549	384
2550	372
2551	384
2552	397
2553	416
2554	380
2555	430
2556	472
2557	430
2558	396
2559	460
2560	459
2561	455
2562	474
2563	448
2564	485
2565	436
2566	441
2567	503
2568	459
2569	521
2570	525
2571	425
2572	501
2573	497
2574	503
2575	511
2576	457
2577	487
2578	498
2579	510
2580	509
2581	498
2582	529
2583	494
2584	541
2585	482
2586	561
2587	509
2588	493
2589	539
2590	528
2591	557
2592	562
2593	540
2594	515
2595	564
2596	534
2597	566
2598	561
2599	551
2600	587
2601	603
2602	579
2603	564
2604	561
2605	530
2606	603
2607	546
2608	533
2609	600
2610	596
2611	497
2612	569
2613	635
2614	562
2615	577
2616	606
2617	542
2618	528
2619	582
2620	556
2621	563
2622	576
2623	561
2624	560
2625	579
2626	533
2627	529
2628	552
2629	505
2630	568
2631	557
2632	583
2633	538
2634	544
2635	483
2636	529
2637	539
2638	546
2639	534
2640	504
2641	512
2642	510
2643	544
2644	503
2645	537
2646	471
2647	472
2648	535
2649	490
2650	510
2651	458
2652	514
2653	494
2654	494
2655	479
2656	479
2657	457
2658	495
2659	469
2660	469
2661	450
2662	482
2663	460
2664	461
2665	431
2666	434
2667	471
2668	467
2669	462
2670	437
2671	422
2672	437
2673	457
2674	442
2675	435
2676	389
2677	378
2678	387
2679	398
2680	375
2681	389
2682	418
2683	382
2684	370
2685	424
2686	350
2687	355
2688	357
2689	375
2690	357
2691	351
2692	329
2693	379
2694	341
2695	373
2696	368
2697	314
2698	311
2699	367
2700	293
2701	309
2702	350
2703	322
2704	297
2705	303
2706	315
2707	345
2708	300
2709	284
2710	335
2711	314
2712	266
2713	277
2714	271
2715	267
2716	296
2717	286
2718	288
2719	304
2720	257
2721	288
2722	285
2723	282
2724	280
2725	254
2726	287
2727	263
2728	256
2729	260
2730	216
2731	242
2732	259
2733	250
2734	271
2735	250
2736	248
2737	258
2738	231
2739	227
2740	227
2741	235
2742	234
2743	219
2744	247
2745	208
2746	209
2747	219
2748	227
2749	214
2750	173
2751	224
2752	194
2753	198
2754	206
2755	218
2756	196
2757	219
2758	197
2759	196
2760	180
2761	215
2762	193
2763	196
2764	162
2765	185
2766	203
2767	179
2768	185
2769	192
2770	190
2771	194
2772	182
2773	184
2774	167
2775	163
2776	166
2777	173
2778	161
2779	177
2780	142
2781	169
2782	161
2783	150
2784	139
2785	155
2786	148
2787	159
2788	127
2789	110
2790	115
2791	152
2792	133
2793	127
2794	126
2795	122
2796	137
2797	139
2798	116
2799	145
2800	116
2801	114
2802	101
2803	119
2804	119
2805	116
2806	113
2807	97
2808	98
2809	120
2810	103
2811	104
2812	117
2813	110
2814	105
2815	83
2816	90
2817	90
2818	110
2819	96
2820	90
2821	92
2822	89
2823	82
2824	80
2825	99
2826	85
2827	70
2828	98
2829	72
2830	81
2831	91
2832	78
2833	85
2834	86
2835	71
2836	73
2837	74
2838	75
2839	68
2840	82
2841	73
2842	80
2843	68
2844	58
2845	45
2846	57
2847	82
2848	77
2849	46
2850	65
2851	57
2852	55
2853	52
2854	62
2855	60
2856	59
2857	46
2858	59
2859	55
2860	58
2861	51
2862	47
2863	50
2864	43
2865	53
2866	54
2867	59
2868	49
2869	54
2870	56
2871	51
2872	43
2873	40
2874	49
2875	36
2876	40
2877	53
2878	44
2879	44
2880	42
2881	42
2882	34
2883	32
2884	52
2885	42
2886	28
2887	46
2888	36
2889	30
2890	36
2891	27
2892	34
2893	37
2894	28
2895	30
2896	29
2897	29
2898	35
2899	27
2900	35
2901	25
2902	25
2903	25
2904	36
2905	29
2906	28
2907	24
2908	34
2909	27
2910	23
2911	20
2912	24
2913	26
2914	28
2915	22
2916	27
2917	33
2918	25
2919	18
2920	15
2921	23
2922	25
2923	15
2924	23
2925	20
2926	24
2927	24
2928	14
2929	29
2930	20
2931	22
2932	26
2933	12
2934	22
2935	19
2936	18
2937	17
2938	11
2939	20
2940	18
2941	17
2942	17
2943	24
2944	12
2945	23
2946	22
2947	21
2948	14
2949	11
2950	14
2951	14
2952	11
2953	24
2954	8
2955	11
2956	13
2957	13
2958	13
2959	19
2960	15
2961	13
2962	23
2963	15
2964	13
2965	10
2966	7
2967	16
2968	16
2969	7
2970	11
2971	11
2972	15
2973	16
2974	12
2975	9
2976	7
2977	12
2978	3
2979	8
2980	13
2981	8
2982	12
2983	9
2984	9
2985	6
2986	11
2987	6
2988	10
2989	6
2990	13
2991	8
2992	14
2993	9
2994	6
2995	7
2996	3
2997	10
2998	7
2999	12
3000	6
3001	8
3002	10
3003	11
3004	3
3005	6
3006	8
3007	8
3008	8
3009	8
3010	9
3011	7
3012	5
3013	10
3014	5
3015	7
3016	5
3017	4
3018	4
3019	8
3020	8
3021	13
3022	4
3023	3
3024	6
3025	6
3026	5
3027	2
3028	7
3029	3
3030	6
3031	2
3032	3
3033	7
3034	4
3035	7
3036	2
3037	4
3038	6
3039	7
3040	12
3041	5
3042	3
3043	0
3044	5
3045	2
3046	5
3047	5
3048	2
3049	4
3050	2
3051	3
3052	3
3053	3
3054	1
3055	4
3056	4
3057	4
3058	6
3059	0
3060	2
3061	6
3062	5
3063	7
3064	2
3065	2
3066	2
3067	5
3068	1
3069	1
3070	7
3071	2
3072	2
3073	1
3074	3
3075	6
3076	1
3077	3
3078	1
3079	3
3080	3
3081	1
3082	5
3083	3
3084	3
3085	2
3086	1
3087	4
3088	3
3089	2
3090	6
3091	3
3092	1
3093	1
3094	6
3095	2
3096	3
3097	6
3098	1
3099	3
3100	2
3101	4
3102	0
3103	0
3104	6
3105	3
3106	2
3107	0
3108	3
3109	3
3110	3
3111	5
3112	3
3113	2
3114	5
3115	3
3116	4
3117	5
3118	3
3119	0
3120	4
3121	2
3122	3
3123	1
3124	2
3125	1
3126	1
3127	1
3128	2
3129	1
3130	1
3131	0
3132	1
3133	5
3134	1
3135	2
3136	1
3137	4
3138	0
3139	1
3140	3
3141	0
3142	1
3143	0
3144	3
3145	2
3146	0
3147	3
3148	0
3149	2
3150	1
3151	1
3152	2
3153	3
3154	0
3155	1
3156	4
3157	0
3158	0
3159	1
3160	1
3161	3
3162	2
3163	1
3164	1
3165	1
3166	2
3167	0
3168	1
3169	0
3170	0
3171	2
3172	1
3173	1
3174	2
3175	1
3176	0
3177	2
3178	0
3179	1
3180	4
3181	4
3182	1
3183	1
3184	1
3185	2
3186	1
3187	5
3188	0
3189	0
3190	0
3191	2
3192	1
3193	1
3194	3
3195	4
3196	1
3197	0
3198	1
3199	4
3200	1
3201	1
3202	4
3203	1
3204	0
3205	2
3206	1
3207	1
3208	1
3209	2
3210	0
3211	2
3212	1
3213	1
3214	1
3215	1
3216	0
3217	2
3218	1
3219	0
3220	1
3221	2
3222	1
3223	2
3224	2
3225	1
3226	0
3227	2
3228	0
3229	1
3230	0
3231	3
3232	0
3233	2
3234	2
3235	0
3236	2
3237	0
3238	1
3239	1
3240	0
3241	1
3242	0
3243	0
3244	1
3245	0
3246	0
3247	4
3248	2
3249	1
3250	0
3251	3
3252	2
3253	0
3254	1
3255	1
3256	2
3257	0
3258	0
3259	1
3260	1
3261	1
3262	1
3263	0
3264	0
3265	2
3266	1
3267	1
3268	0
3269	0
3270	0
3271	1
3272	3
3273	2
3274	3
3275	1
3276	2
3277	1
3278	0
3279	1
3280	2
3281	1
3282	1
3283	0
3284	2
3285	0
3286	1
3287	0
3288	0
3289	0
3290	1
3291	0
3292	0
3293	1
3294	1
3295	2
3296	0
3297	1
3298	0
3299	1
3300	0
3301	0
3302	0
3303	0
3304	0
3305	1
3306	1
3307	0
3308	1
3309	0
3310	0
3311	0
3312	0
3313	0
3314	1
3315	0
3316	0
3317	0
3318	0
3319	0
3320	1
3321	1
3322	1
3323	1
3324	0
3325	0
3326	1
3327	1
3328	3
3329	1
3330	2
3331	0
3332	1
3333	0
3334	0
3335	0
3336	1
3337	0
3338	3
3339	0
3340	1
3341	2
3342	0
3343	0
3344	2
3345	1
3346	0
3347	1
3348	0
3349	1
3350	0
3351	0
3352	0
3353	1
3354	0
3355	1
3356	0
3357	0
3358	1
3359	0
3360	1
3361	0
3362	0
3363	0
3364	0
3365	0
3366	0
3367	3
3368	1
3369	0
3370	0
3371	1
3372	0
3373	0
3374	1
3375	1
3376	1
3377	0
3378	1
3379	0
3380	0
3381	1
3382	1
3383	0
3384	0
3385	1
3386	0
3387	0
3388	0
3389	0
3390	0
3391	0
3392	1
3393	3
3394	0
3395	0
3396	1
3397	0
3398	0
3399	0
3400	0
3401	0
3402	0
3403	0
3404	0
3405	1
3406	0
3407	0
3408	1
3409	0
3410	0
3411	1
3412	1
3413	1
3414	0
3415	1
3416	0
3417	0
3418	0
3419	0
3420	0
3421	0
3422	0
3423	2
3424	0
3425	1
3426	1
3427	0
3428	1
3429	1
3430	1
3431	0
3432	0
3433	0
3434	0
3435	1
3436	1
3437	0
3438	0
3439	1
3440	0
3441	0
3442	0
3443	0
3444	1
3445	0
3446	1
3447	0
3448	0
3449	0
3450	0
3451	0
3452	1
3453	0
3454	2
3455	0
3456	0
3457	0
3458	1
3459	0
3460	1
3461	0
3462	0
3463	0
3464	0
3465	1
3466	0
3467	0
3468	1
3469	3
3470	3
3471	0
3472	2
3473	1
3474	1
3475	1
3476	1
3477	1
3478	0
3479	0
3480	0
3481	1
3482	1
3483	0
3484	1
3485	2
3486	0
3487	0
3488	1
3489	0
3490	0
3491	1
3492	0
3493	0
3494	1
3495	0
3496	0
3497	0
3498	1
3499	1
3500	0
3501	0
3502	0
3503	0
3504	1
3505	0
3506	1
3507	0
3508	0
3509	0
3510	0
3511	1
3512	0
3513	0
3514	0
3515	0
3516	0
3517	0
3518	0
3519	1
3520	1
3521	0
3522	0
3523	1
3524	1
3525	0
3526	0
3527	0
3528	0
3529	0
3530	0
3531	0
3532	0
3533	0
3534	0
3535	2
3536	0
3537	0
3538	1
3539	0
3540	0
3541	1
3542	0
3543	0
3544	0
3545	0
3546	0
3547	0
3548	0
3549	0
3550	0
3551	1
3552	0
3553	0
3554	1
3555	0
3556	0
3557	0
3558	0
3559	0
3560	0
3561	1
3562	0
3563	1
3564	0
3565	0
3566	0
3567	0
3568	0
3569	0
3570	0
3571	1
3572	0
3573	0
3574	0
3575	0
3576	0
3577	0
3578	0
3579	0
3580	0
3581	1
3582	0
3583	0
3584	0
3585	0
3586	0
3587	0
3588	2
3589	0
3590	0
3591	1
3592	0
3593	2
3594	1
3595	0
3596	0
3597	1
3598	0
3599	0
3600	0
3601	0
3602	0
3603	0
3604	0
3605	0
3606	0
3607	0
3608	0
3609	0
3610	0
3611	0
3612	0
3613	0
3614	0
3615	0
3616	2
3617	0
3618	0
3619	1
3620	0
3621	0
3622	1
3623	0
3624	1
3625	0
3626	0
3627	0
3628	1
3629	0
3630	0
3631	0
3632	0
3633	0
3634	0
3635	0
3636	0
3637	0
3638	0
3639	0
3640	1
3641	0
3642	0
3643	1
3644	0
3645	0
3646	0
3647	1
3648	1
3649	0
3650	0
3651	0
3652	0
3653	0
3654	1
3655	0
3656	2
3657	0
3658	0
3659	0
3660	1
3661	0
3662	1
3663	1
3664	0
3665	0
3666	1
3667	0
3668	0
3669	0
3670	0
3671	1
3672	0
3673	0
3674	0
3675	0
3676	0
3677	0
3678	0
3679	0
3680	1
3681	0
3682	0
3683	0
3684	1
3685	0
3686	0
3687	0
3688	0
3689	0
3690	0
3691	0
3692	0
3693	0
3694	0
3695	0
3696	0
3697	0
3698	0
3699	0
3700	0
3701	0
3702	0
3703	0
3704	0
3705	1
3706	0
3707	0
3708	0
3709	0
3710	0
3711	0
3712	0
3713	0
3714	1
3715	0
3716	0
3717	0
3718	0
3719	0
3720	0
3721	0
3722	1
3723	0
3724	2
3725	0
3726	1
3727	0
3728	1
3729	2
3730	0
3731	0
3732	0
3733	0
3734	0
3735	0
3736	1
3737	0
3738	0
3739	0
3740	0
3741	0
3742	1
3743	1
3744	1
3745	0
3746	1
3747	0
3748	0
3749	0
3750	0
3751	0
3752	1
3753	0
3754	0
3755	0
3756	0
3757	0
3758	0
3759	1
3760	0
3761	1
3762	0
3763	0
3764	0
3765	1
3766	0
3767	0
3768	0
3769	0
3770	0
3771	0
3772	0
3773	0
3774	1
3775	0
3776	0
3777	0
3778	0
3779	0
3780	0
3781	1
3782	0
3783	0
3784	0
3785	0
3786	0
3787	0
3788	0
3789	0
3790	0
3791	0
3792	0
3793	0
3794	0
3795	0
3796	0
3797	0
3798	0
3799	0
3800	0
3801	0
3802	0
3803	0
3804	1
3805	0
3806	0
3807	0
3808	0
3809	0
3810	0
3811	0
3812	0
3813	0
3814	0
3815	0
3816	0
3817	0
3818	0
3819	0
3820	0
3821	0
3822	0
3823	0
3824	0
3825	0
3826	0
3827	0
3828	0
3829	0
3830	0
3831	0
3832	2
3833	0
3834	1
3835	0
3836	0
3837	0
3838	0
3839	0
3840	0
3841	0
3842	0
3843	0
3844	0
3845	0
3846	0
3847	0
3848	0
3849	0
3850	0
3851	0
3852	0
3853	1
3854	0
3855	0
3856	1
3857	2
3858	0
3859	1
3860	0
3861	0
3862	1
3863	0
3864	0
3865	0
3866	0
3867	0
3868	0
3869	0
3870	0
3871	0
3872	0
3873	0
3874	0
3875	0
3876	0
3877	0
3878	0
3879	1
3880	0
3881	0
3882	0
3883	0
3884	0
3885	0
3886	0
3887	0
3888	0
3889	0
3890	1
3891	0
3892	0
3893	0
3894	0
3895	0
3896	1
3897	0
3898	0
3899	0
3900	0
3901	0
3902	0
3903	0
3904	0
3905	0
3906	1
3907	0
3908	0
3909	0
3910	0
3911	0
3912	0
3913	0
3914	0
3915	0
3916	0
3917	0
3918	0
3919	0
3920	0
3921	0
3922	0
3923	0
3924	0
3925	0
3926	0
3927	1
3928	1
3929	0
3930	0
3931	0
3932	0
3933	0
3934	0
3935	0
3936	0
3937	0
3938	0
3939	0
3940	1
3941	0
3942	0
3943	0
3944	0
3945	0
3946	0
3947	1
3948	0
3949	0
3950	0
3951	0
3952	0
3953	0
3954	0
3955	0
3956	0
3957	0
3958	1
3959	0
3960	0
3961	1
3962	0
3963	0
3964	0
3965	0
3966	0
3967	1
3968	1
3969	0
3970	0
3971	0
3972	0
3973	0
3974	0
3975	1
3976	0
3977	0
3978	0
3979	0
3980	0
3981	0
3982	0
3983	0
3984	0
3985	0
3986	0
3987	0
3988	0
3989	1
3990	0
3991	0
3992	0
3993	0
3994	0
3995	0
3996	0
3997	0
3998	0
3999	0
4000	0
4001	1
4002	0
4003	0
4004	0
4005	0
4006	0
4007	0
4008	0
4009	0
4010	0
4011	0
4012	0
4013	1
4014	0
4015	0
4016	0
4017	0
4018	0
4019	0
4020	0
4021	0
4022	0
4023	0
4024	0
4025	0
4026	1
4027	0
4028	0
4029	0
4030	0
4031	0
4032	0
4033	1
4034	0
4035	0
4036	0
4037	0
4038	0
4039	0
4040	0
4041	0
4042	0
4043	1
4044	0
4045	1
4046	0
4047	0
4048	0
4049	0
4050	0
4051	0
4052	0
4053	0
4054	0
4055	0
4056	0
4057	0
4058	0
4059	0
4060	0
4061	0
4062	0
4063	0
4064	0
4065	0
4066	0
4067	0
4068	0
4069	0
4070	0
4071	0
4072	0
4073	0
4074	0
4075	1
4076	0
4077	0
4078	0
4079	1
4080	0
4081	0
4082	0
4083	0
4084	0
4085	0
4086	0
4087	0
4088	0
4089	0
4090	0
4091	0
4092	0
4093	0
4094	0
4095	0
4096	0
4097	0
4098	0
4099	0
4100	0
4101	0
4102	0
4103	0
4104	0
4105	0
4106	0
4107	0
4108	0
4109	0
4110	0
4111	0
4112	0
4113	0
4114	0
4115	0
4116	0
4117	0
4118	0
4119	0
4120	0
4121	0
4122	0
4123	0
4124	0
4125	0
4126	0
4127	0
4128	1
4129	0
4130	0
4131	0
4132	0
4133	0
4134	0
4135	0
4136	0
4137	0
4138	0
4139	1
4140	0
4141	0
4142	0
4143	0
4144	0
4145	0
4146	0
4147	0
4148	0
4149	0
4150	1
4151	0
4152	0
4153	0
4154	0
4155	0
4156	0
4157	0
4158	0
4159	0
4160	0
4161	0
4162	0
4163	0
4164	0
4165	0
4166	0
4167	0
4168	0
4169	0
4170	0
4171	0
4172	0
4173	0
4174	0
4175	0
4176	0
4177	0
4178	0
4179	0
4180	0
4181	0
4182	0
4183	0
4184	0
4185	0
4186	0
4187	0
4188	0
4189	0
4190	0
4191	0
4192	0
4193	0
4194	1
4195	0
4196	0
4197	0
4198	0
4199	1
4200	0
4201	1
4202	0
4203	0
4204	0
4205	1
4206	0
4207	0
4208	0
4209	0
4210	0
4211	0
4212	0
4213	0
4214	0
4215	0
4216	0
4217	0
4218	0
4219	0
4220	0
4221	0
4222	0
4223	0
4224	0
4225	0
4226	0
4227	0
4228	0
4229	0
4230	0
4231	0
4232	0
4233	0
4234	0
4235	0
4236	0
4237	0
4238	0
4239	0
4240	0
4241	0
4242	0
4243	0
4244	0
4245	0
4246	0
4247	0
4248	0
4249	0
4250	0
4251	0
4252	0
4253	0
4254	0
4255	1
4256	0
4257	0
4258	0
4259	0
4260	0
4261	0
4262	0
4263	0
4264	0
4265	0
4266	0
4267	0
4268	0
4269	0
4270	0
4271	0
4272	0
4273	0
4274	0
4275	0
4276	1
4277	0
4278	0
4279	0
4280	0
4281	0
4282	0
4283	0
4284	0
4285	0
4286	0
4287	0
4288	0
4289	0
4290	0
4291	0
4292	0
4293	0
4294	0
4295	0
4296	0
4297	0
4298	0
4299	0
4300	0
4301	0
4302	0
4303	0
4304	0
4305	0
4306	0
4307	0
4308	0
4309	0
4310	0
4311	0
4312	0
4313	0
4314	0
4315	0
4316	0
4317	0
4318	0
4319	0
4320	0
4321	0
4322	0
4323	0
4324	0
4325	0
4326	0
4327	0
4328	0
4329	0
4330	0
4331	0
4332	0
4333	0
4334	0
4335	0
4336	0
4337	0
4338	0
4339	0
4340	0
4341	0
4342	0
4343	0
4344	0
4345	0
4346	0
4347	0
4348	0
4349	0
4350	0
4351	0
4352	0
4353	0
4354	0
4355	0
4356	1
4357	0
4358	0
4359	0
4360	0
4361	0
4362	0
4363	0
4364	0
4365	0
4366	0
4367	0
4368	1
4369	0
4370	0
4371	0
4372	0
4373	0
4374	0
4375	0
4376	0
4377	0
4378	0
4379	0
4380	0
4381	0
4382	0
4383	0
4384	0
4385	0
4386	0
4387	0
4388	0
4389	1
4390	0
4391	1
4392	0
4393	0
4394	0
4395	0
4396	0
4397	0
4398	0
4399	0
4400	0
4401	0
4402	0
4403	0
4404	0
4405	0
4406	0
4407	0
4408	0
4409	0
4410	0
4411	0
4412	0
4413	0
4414	0
4415	0
4416	0
4417	1
4418	0
4419	0
4420	1
4421	1
4422	0
4423	0
4424	0
4425	0
4426	0
4427	0
4428	0
4429	0
4430	0
4431	0
4432	0
4433	1
4434	0
4435	0
4436	0
4437	0
4438	0
4439	0
4440	0
4441	0
4442	0
4443	0
4444	0
4445	0
4446	0
4447	0
4448	0
4449	0
4450	0
4451	0
4452	0
4453	0
4454	0
4455	0
4456	0
4457	0
4458	0
4459	0
4460	0
4461	0
4462	0
4463	0
4464	0
4465	0
4466	0
4467	0
4468	0
4469	0
4470	0
4471	0
4472	0
4473	0
4474	0
4475	0
4476	0
4477	1
4478	1
4479	0
4480	0
4481	0
4482	0
4483	0
4484	0
4485	0
4486	0
4487	0
4488	0
4489	0
4490	0
4491	0
4492	0
4493	0
4494	0
4495	0
4496	0
4497	0
4498	0
4499	0
4500	0
4501	0
4502	0
4503	0
4504	1
4505	0
4506	0
4507	0
4508	0
4509	0
4510	0
4511	1
4512	0
4513	0
4514	0
4515	0
4516	0
4517	1
4518	0
4519	0
4520	0
4521	0
4522	0
4523	0
4524	0
4525	0
4526	0
4527	0
4528	0
4529	0
4530	0
4531	0
4532	0
4533	0
4534	0
4535	0
4536	0
4537	0
4538	0
4539	0
4540	0
4541	0
4542	0
4543	0
4544	0
4545	0
4546	0
4547	0
4548	0
4549	0
4550	0
4551	0
4552	0
4553	0
4554	0
4555	0
4556	0
4557	0
4558	0
4559	0
4560	0
4561	0
4562	0
4563	0
4564	0
4565	0
4566	0
4567	0
4568	1
4569	0
4570	0
4571	0
4572	0
4573	0
4574	0
4575	0
4576	0
4577	0
4578	0
4579	0
4580	0
4581	0
4582	0
4583	0
4584	0
4585	0
4586	0
4587	0
4588	0
4589	0
4590	0
4591	0
4592	0
4593	0
4594	0
4595	0
4596	0
4597	0
4598	0
4599	0
4600	0
4601	0
4602	0
4603	0
4604	0
4605	1
4606	0
4607	0
4608	0
4609	0
4610	0
4611	0
4612	0
4613	0
4614	0
4615	0
4616	0
4617	0
4618	0
4619	0
4620	0
4621	0
4622	0
4623	0
4624	0
4625	0
4626	0
4627	0
4628	0
4629	0
4630	0
4631	0
4632	0
4633	0
4634	0
4635	0
4636	0
4637	0
4638	0
4639	0
4640	0
4641	0
4642	0
4643	0
4644	0
4645	0
4646	0
4647	0
4648	0
4649	0
4650	0
4651	0
4652	0
4653	0
4654	0
4655	0
4656	0
4657	0
4658	0
4659	0
4660	0
4661	0
4662	0
4663	0
4664	0
4665	0
4666	0
4667	0
4668	0
4669	0
4670	0
4671	0
4672	0
4673	0
4674	0
4675	0
4676	0
4677	0
4678	0
4679	0
4680	0
4681	0
4682	0
4683	0
4684	0
4685	0
4686	0
4687	0
4688	0
4689	0
4690	0
4691	0
4692	0
4693	0
4694	0
4695	0
4696	0
4697	0
4698	0
4699	0
4700	0
4701	0
4702	0
4703	0
4704	0
4705	0
4706	0
4707	0
4708	0
4709	0
4710	0
4711	0
4712	0
4713	0
4714	0
4715	0
4716	0
4717	0
4718	0
4719	0
4720	0
4721	0
4722	0
4723	0
4724	0
4725	1
4726	0
4727	0
4728	0
4729	1
4730	0
4731	0
4732	0
4733	0
4734	0
4735	0
4736	0
4737	0
4738	0
4739	0
4740	0
4741	1
4742	0
4743	0
4744	0
4745	0
4746	0
4747	0
4748	0
4749	0
4750	0
4751	0
4752	0
4753	0
4754	0
4755	0
4756	0
4757	0
4758	1
4759	0
4760	0
4761	0
4762	0
4763	0
4764	0
4765	0
4766	1
4767	0
4768	0
4769	1
4770	0
4771	0
4772	0
4773	0
4774	0
4775	0
4776	1
4777	0
4778	0
4779	0
4780	1
4781	0
4782	0
4783	0
4784	0
4785	0
4786	0
4787	1
4788	1
4789	0
4790	0
4791	1
4792	0
4793	0
4794	0
4795	0
4796	1
4797	0
4798	0
4799	0
4800	0
4801	0
4802	0
4803	0
4804	1
4805	0
4806	0
4807	0
4808	0
4809	0
4810	0
4811	0
4812	0
4813	0
4814	0
4815	0
4816	0
4817	0
4818	0
4819	0
4820	0
4821	0
4822	0
4823	0
4824	0
4825	1
4826	0
4827	1
4828	0
4829	0
4830	0
4831	0
4832	0
4833	0
4834	0
4835	0
4836	0
4837	0
4838	0
4839	0
4840	0
4841	0
4842	0
4843	0
4844	1
4845	0
4846	0
4847	0
4848	0
4849	0
4850	0
4851	0
4852	0
4853	1
4854	0
4855	0
4856	0
4857	0
4858	0
4859	0
4860	1
4861	0
4862	0
4863	0
4864	0
4865	0
4866	0
4867	0
4868	0
4869	0
4870	0
4871	0
4872	0
4873	0
4874	1
4875	0
4876	0
4877	0
4878	0
4879	0
4880	0
4881	0
4882	0
4883	0
4884	0
4885	0
4886	0
4887	0
4888	0
4889	0
4890	0
4891	0
4892	0
4893	0
4894	0
4895	0
4896	0
4897	0
4898	0
4899	0
4900	0
4901	0
4902	0
4903	0
4904	1
4905	0
4906	0
4907	0
4908	0
4909	0
4910	0
4911	0
4912	0
4913	0
4914	0
4915	0
4916	1
4917	0
4918	0
4919	0
4920	0
4921	0
4922	1
4923	0
4924	0
4925	0
4926	0
4927	0
4928	0
4929	0
4930	0
4931	0
4932	0
4933	0
4934	0
4935	0
4936	0
4937	0
4938	0
4939	0
4940	0
4941	0
4942	0
4943	0
4944	0
4945	0
4946	0
4947	0
4948	0
4949	0
4950	0
4951	0
4952	0
4953	0
4954	1
4955	0
4956	0
4957	0
4958	0
4959	0
4960	0
4961	1
4962	0
4963	0
4964	0
4965	0
4966	0
4967	0
4968	0
4969	0
4970	0
4971	1
4972	0
4973	0
4974	0
4975	0
4976	0
4977	0
4978	0
4979	0
4980	0
4981	0
4982	0
4983	0
4984	0
4985	0
4986	0
4987	0
4988	0
4989	0
4990	0
4991	0
4992	0
4993	0
4994	0
4995	0
4996	0
4997	0
4998	1
4999	0
5000	0
5001	0
5002	0
5003	0
5004	0
5005	0
5006	0
5007	0
5008	0
5009	0
5010	0
5011	0
5012	0
5013	0
5014	0
5015	0
5016	0
5017	0
5018	0
5019	0
5020	0
5021	0
5022	0
5023	0
5024	0
5025	0
5026	0
5027	0
5028	0
5029	0
5030	0
5031	0
5032	0
5033	0
5034	1
5035	0
5036	0
5037	0
5038	0
5039	1
5040	0
5041	0
5042	0
5043	0
5044	0
5045	0
5046	0
5047	0
5048	0
5049	0
5050	0
5051	0
5052	0
5053	0
5054	0
5055	0
5056	0
5057	0
5058	0
5059	0
5060	0
5061	0
5062	1
5063	0
5064	0
5065	0
5066	0
5067	0
5068	1
5069	0
5070	1
5071	0
5072	0
5073	0
5074	0
5075	0
5076	0
5077	0
5078	0
5079	0
5080	0
5081	0
5082	0
5083	0
5084	0
5085	0
5086	0
5087	0
5088	0
5089	0
5090	1
5091	0
5092	0
5093	0
5094	1
5095	1
5096	0
5097	0
5098	0
5099	0
5100	1
5101	0
5102	0
5103	0
5104	0
5105	0
5106	0
5107	0
5108	0
5109	0
5110	0
5111	0
5112	0
5113	0
5114	1
5115	0
5116	0
5117	0
5118	0
5119	0
5120	0
5121	0
5122	1
5123	0
5124	0
5125	0
5126	0
5127	0
5128	0
5129	0
5130	0
5131	0
5132	0
5133	0
5134	0
5135	1
5136	1
5137	0
5138	0
5139	0
5140	0
5141	0
5142	0
5143	0
5144	0
5145	0
5146	0
5147	0
5148	0
5149	0
5150	0
5151	0
5152	0
5153	0
5154	0
5155	0
5156	0
5157	0
5158	0
5159	0
5160	0
5161	0
5162	0
5163	0
5164	1
5165	0
5166	0
5167	0
5168	0
5169	0
5170	0
5171	1
5172	0
5173	0
5174	0
5175	0
5176	0
5177	0
5178	0
5179	1
5180	0
5181	0
5182	0
5183	0
5184	0
5185	0
5186	0
5187	0
5188	0
5189	0
5190	0
5191	0
5192	0
5193	0
5194	0
5195	0
5196	0
5197	0
5198	0
5199	0
5200	0
5201	0
5202	0
5203	0
5204	0
5205	0
5206	0
5207	0
5208	0
5209	0
5210	0
5211	0
5212	0
5213	0
5214	0
5215	0
5216	0
5217	0
5218	0
5219	0
5220	0
5221	0
5222	0
5223	1
5224	1
5225	0
5226	0
5227	0
5228	0
5229	0
5230	0
5231	0
5232	0
5233	0
5234	0
5235	0
5236	0
5237	0
5238	0
5239	0
5240	0
5241	0
5242	0
5243	0
5244	0
5245	0
5246	0
5247	0
5248	1
5249	0
5250	0
5251	0
5252	0
5253	0
5254	0
5255	0
5256	0
5257	0
5258	0
5259	0
5260	0
5261	0
5262	0
5263	0
5264	1
5265	0
5266	0
5267	0
5268	0
5269	0
5270	0
5271	0
5272	0
5273	0
5274	0
5275	1
5276	0
5277	0
5278	0
5279	0
5280	0
5281	0
5282	1
5283	0
5284	1
5285	0
5286	1
5287	0
5288	0
5289	0
5290	0
5291	0
5292	0
5293	0
5294	0
5295	0
5296	0
5297	0
5298	0
5299	0
5300	0
5301	0
5302	0
5303	0
5304	0
5305	0
5306	0
5307	1
5308	0
5309	0
5310	1
5311	0
5312	0
5313	0
5314	0
5315	0
5316	0
5317	0
5318	0
5319	0
5320	0
5321	0
5322	0
5323	0
5324	1
5325	0
5326	0
5327	0
5328	0
5329	0
5330	0
5331	0
5332	0
5333	0
5334	0
5335	0
5336	0
5337	0
5338	0
5339	0
5340	0
5341	0
5342	0
5343	0
5344	0
5345	0
5346	0
5347	0
5348	0
5349	0
5350	0
5351	0
5352	0
5353	0
5354	0
5355	0
5356	0
5357	0
5358	0
5359	0
5360	0
5361	0
5362	0
5363	0
5364	0
5365	0
5366	0
5367	0
5368	0
5369	0
5370	0
5371	0
5372	0
5373	0
5374	0
5375	0
5376	0
5377	0
5378	0
5379	0
5380	0
5381	0
5382	0
5383	0
5384	0
5385	0
5386	0
5387	0
5388	0
5389	0
5390	0
5391	0
5392	0
5393	0
5394	0
5395	0
5396	0
5397	0
5398	0
5399	0
5400	0
5401	0
5402	0
5403	0
5404	0
5405	0
5406	0
5407	0
5408	0
5409	0
5410	0
5411	0
5412	0
5413	0
5414	0
5415	1
5416	0
5417	0
5418	0
5419	0
5420	0
5421	0
5422	0
5423	0
5424	0
5425	0
5426	0
5427	0
5428	0
5429	0
5430	0
5431	0
5432	0
5433	0
5434	0
5435	1
5436	0
5437	0
5438	0
5439	0
5440	0
5441	0
5442	0
5443	0
5444	0
5445	0
5446	0
5447	0
5448	0
5449	1
5450	0
5451	0
5452	1
5453	0
5454	0
5455	0
5456	0
5457	0
5458	0
5459	0
5460	0
5461	0
5462	0
5463	0
5464	0
5465	0
5466	0
5467	0
5468	0
5469	1
5470	0
5471	0
5472	0
5473	0
5474	0
5475	0
5476	0
5477	0
5478	0
5479	0
5480	0
5481	0
5482	0
5483	0
5484	0
5485	0
5486	0
5487	0
5488	0
5489	0
5490	0
5491	0
5492	0
5493	0
5494	0
5495	0
5496	0
5497	0
5498	0
5499	0
5500	0
5501	0
5502	0
5503	0
5504	0
5505	0
5506	0
5507	0
5508	0
5509	0
5510	0
5511	0
5512	0
5513	0
5514	0
5515	0
5516	0
5517	0
5518	0
5519	0
5520	1
5521	0
5522	0
5523	0
5524	0
5525	0
5526	0
5527	0
5528	0
5529	0
5530	0
5531	1
5532	0
5533	0
5534	0
5535	0
5536	0
5537	0
5538	0
5539	0
5540	0
5541	0
5542	0
5543	0
5544	0
5545	0
5546	0
5547	0
5548	0
5549	0
5550	0
5551	0
5552	0
5553	0
5554	0
5555	0
5556	0
5557	0
5558	0
5559	0
5560	0
5561	0
5562	1
5563	1
5564	0
5565	0
5566	0
5567	0
5568	0
5569	0
5570	0
5571	0
5572	0
5573	0
5574	0
5575	1
5576	0
5577	0
5578	0
5579	0
5580	0
5581	0
5582	0
5583	0
5584	0
5585	0
5586	0
5587	0
5588	0
5589	0
5590	0
5591	0
5592	0
5593	0
5594	0
5595	0
5596	0
5597	0
5598	0
5599	0
5600	0
5601	0
5602	0
5603	0
5604	0
5605	0
5606	0
5607	0
5608	0
5609	0
5610	0
5611	0
5612	0
5613	0
5614	0
5615	0
5616	0
5617	0
5618	0
5619	0
5620	0
5621	0
5622	0
5623	0
5624	0
5625	0
5626	0
5627	0
5628	0
5629	0
5630	0
5631	0
5632	0
5633	0
5634	0
5635	0
5636	0
5637	0
5638	0
5639	0
5640	0
5641	0
5642	0
5643	0
5644	0
5645	0
5646	1
5647	0
5648	0
5649	0
5650	0
5651	0
5652	0
5653	0
5654	1
5655	0
5656	0
5657	0
5658	0
5659	0
5660	0
5661	0
5662	0
5663	0
5664	0
5665	0
5666	0
5667	1
5668	0
5669	0
5670	0
5671	0
5672	0
5673	0
5674	0
5675	0
5676	0
5677	0
5678	0
5679	0
5680	0
5681	0
5682	0
5683	0
5684	0
5685	0
5686	0
5687	0
5688	0
5689	0
5690	0
5691	0
5692	0
5693	0
5694	0
5695	0
5696	0
5697	0
5698	0
5699	0
5700	0
5701	0
5702	0
5703	0
5704	0
5705	0
5706	0
5707	0
5708	0
5709	0
5710	0
5711	0
5712	0
5713	0
5714	1
5715	0
5716	0
5717	0
5718	0
5719	0
5720	0
5721	0
5722	0
5723	0
5724	0
5725	0
5726	0
5727	0
5728	0
5729	0
5730	0
5731	0
5732	0
5733	0
5734	0
5735	0
5736	0
5737	0
5738	0
5739	0
5740	0
5741	0
5742	0
5743	0
5744	0
5745	0
5746	0
5747	0
5748	0
5749	0
5750	0
5751	0
5752	0
5753	0
5754	0
5755	0
5756	0
5757	0
5758	0
5759	1
5760	0
5761	0
5762	0
5763	0
5764	0
5765	0
5766	0
5767	0
5768	0
5769	0
5770	0
5771	0
5772	0
5773	0
5774	0
5775	0
5776	0
5777	0
5778	0
5779	0
5780	0
5781	0
5782	0
5783	0
5784	0
5785	0
5786	0
5787	0
5788	0
5789	0
5790	0
5791	0
5792	0
5793	0
5794	0
5795	0
5796	0
5797	0
5798	0
5799	0
5800	0
5801	0
5802	0
5803	0
5804	0
5805	0
5806	0
5807	0
5808	0
5809	0
5810	0
5811	0
5812	0
5813	0
5814	0
5815	0
5816	0
5817	0
5818	0
5819	0
5820	0
5821	0
5822	0
5823	0
5824	0
5825	0
5826	0
5827	0
5828	0
5829	0
5830	0
5831	0
5832	0
5833	0
5834	0
5835	0
5836	0
5837	0
5838	0
5839	0
5840	0
5841	0
5842	0
5843	0
5844	0
5845	0
5846	0
5847	0
5848	0
5849	0
5850	0
5851	0
5852	0
5853	0
5854	1
5855	0
5856	0
5857	0
5858	0
5859	0
5860	0
5861	0
5862	0
5863	0
5864	0
5865	0
5866	0
5867	0
5868	0
5869	0
5870	0
5871	0
5872	0
5873	0
5874	0
5875	0
5876	0
5877	0
5878	0
5879	0
5880	0
5881	0
5882	0
5883	0
5884	0
5885	0
5886	0
5887	0
5888	0
5889	1
5890	0
5891	0
5892	0
5893	0
5894	0
5895	0
5896	0
5897	0
5898	0
5899	0
5900	0
5901	0
5902	0
5903	0
5904	0
5905	0
5906	0
5907	0
5908	0
5909	0
5910	0
5911	0
5912	0
5913	0
5914	0
5915	0
5916	1
5917	0
5918	0
5919	0
5920	1
5921	0
5922	0
5923	0
5924	0
5925	0
5926	0
5927	0
5928	1
5929	0
5930	0
5931	0
5932	0
5933	0
5934	0
5935	0
5936	0
5937	0
5938	0
5939	1
5940	0
5941	0
5942	0
5943	0
5944	0
5945	0
5946	0
5947	0
5948	0
5949	0
5950	0
5951	0
5952	0
5953	0
5954	0
5955	0
5956	0
5957	0
5958	0
5959	0
5960	0
5961	0
5962	0
5963	0
5964	0
5965	0
5966	0
5967	0
5968	0
5969	0
5970	0
5971	0
5972	0
5973	0
5974	0
5975	0
5976	0
5977	0
5978	0
5979	0
5980	0
5981	0
5982	0
5983	0
5984	0
5985	0
5986	0
5987	0
5988	0
5989	0
5990	0
5991	0
5992	0
5993	0
5994	0
5995	0
5996	0
5997	0
5998	0
5999	0
6000	0
6001	0
6002	0
6003	1
6004	0
6005	0
6006	0
6007	0
6008	0
6009	0
6010	0
6011	0
6012	0
6013	1
6014	0
6015	0
6016	0
6017	0
6018	0
6019	0
6020	0
6021	0
6022	0
6023	0
6024	0
6025	0
6026	0
6027	0
6028	0
6029	0
6030	0
6031	0
6032	0
6033	0
6034	0
6035	0
6036	0
6037	0
6038	0
6039	0
6040	0
6041	0
6042	0
6043	0
6044	0
6045	0
6046	0
6047	0
6048	0
6049	0
6050	0
6051	0
6052	0
6053	1
6054	0
6055	0
6056	0
6057	0
6058	0
6059	0
6060	0
6061	0
6062	0
6063	0
6064	0
6065	0
6066	0
6067	2
6068	0
6069	0
6070	0
6071	0
6072	0
6073	0
6074	0
6075	0
6076	0
6077	0
6078	0
6079	0
6080	0
6081	0
6082	0
6083	0
6084	0
6085	0
6086	0
6087	0
6088	0
6089	0
6090	0
6091	0
6092	1
6093	0
6094	0
6095	0
6096	0
6097	0
6098	0
6099	0
6100	0
6101	0
6102	0
6103	0
6104	0
6105	0
6106	0
6107	0
6108	0
6109	1
6110	0
6111	0
6112	0
6113	0
6114	0
6115	0
6116	0
6117	0
6118	0
6119	0
6120	0
6121	0
6122	0
6123	0
6124	0
6125	0
6126	0
6127	0
6128	0
6129	0
6130	0
6131	0
6132	0
6133	0
6134	0
6135	0
6136	0
6137	0
6138	0
6139	0
6140	0
6141	0
6142	0
6143	0
6144	0
6145	0
6146	1
6147	0
6148	0
6149	0
6150	0
6151	0
6152	0
6153	0
6154	0
6155	0
6156	0
6157	0
6158	0
6159	0
6160	0
6161	0
6162	1
6163	0
6164	0
6165	0
6166	0
6167	0
6168	0
6169	0
6170	0
6171	0
6172	0
6173	0
6174	0
6175	0
6176	0
6177	1
6178	0
6179	0
6180	0
6181	0
6182	0
6183	0
6184	0
6185	1
6186	0
6187	0
6188	1
6189	0
6190	0
6191	0
6192	0
6193	0
6194	0
6195	0
6196	0
6197	0
6198	0
6199	0
6200	0
6201	0
6202	0
6203	0
6204	0
6205	0
6206	1
6207	0
6208	0
6209	0
6210	0
6211	0
6212	0
6213	0
6214	0
6215	0
6216	0
6217	0
6218	0
6219	0
6220	0
6221	0
6222	0
6223	0
6224	0
6225	0
6226	0
6227	0
6228	0
6229	0
6230	0
6231	0
6232	0
6233	1
6234	0
6235	0
6236	0
6237	0
6238	0
6239	0
6240	0
6241	0
6242	0
6243	0
6244	0
6245	0
6246	0
6247	0
6248	0
6249	1
6250	0
6251	0
6252	0
6253	0
6254	0
6255	0
6256	0
6257	0
6258	0
6259	0
6260	0
6261	0
6262	0
6263	0
6264	0
6265	0
6266	0
6267	0
6268	0
6269	0
6270	0
6271	0
6272	0
6273	0
6274	0
6275	0
6276	0
6277	0
6278	0
6279	0
6280	0
6281	0
6282	0
6283	0
6284	0
6285	0
6286	0
6287	0
6288	0
6289	0
6290	0
6291	0
6292	0
6293	0
6294	0
6295	0
6296	0
6297	0
6298	0
6299	0
6300	0
6301	0
6302	0
6303	0
6304	0
6305	0
6306	0
6307	0
6308	0
6309	0
6310	0
6311	1
6312	0
6313	0
6314	0
6315	0
6316	0
6317	0
6318	0
6319	1
6320	0
6321	0
6322	0
6323	0
6324	0
6325	0
6326	0
6327	0
6328	0
6329	0
6330	0
6331	0
6332	0
6333	0
6334	0
6335	0
6336	0
6337	0
6338	0
6339	0
6340	0
6341	0
6342	0
6343	0
6344	0
6345	0
6346	0
6347	0
6348	0
6349	0
6350	0
6351	0
6352	0
6353	0
6354	1
6355	0
6356	0
6357	0
6358	0
6359	0
6360	0
6361	0
6362	0
6363	0
6364	0
6365	0
6366	0
6367	0
6368	0
6369	0
6370	0
6371	0
6372	0
6373	0
6374	0
6375	0
6376	0
6377	0
6378	0
6379	0
6380	0
6381	0
6382	0
6383	0
6384	0
6385	0
6386	0
6387	0
6388	0
6389	0
6390	1
6391	0
6392	0
6393	0
6394	0
6395	0
6396	0
6397	0
6398	0
6399	0
6400	0
6401	0
6402	0
6403	0
6404	0
6405	1
6406	0
6407	0
6408	0
6409	1
6410	0
6411	0
6412	0
6413	0
6414	0
6415	0
6416	0
6417	0
6418	0
6419	0
6420	0
6421	0
6422	0
6423	0
6424	0
6425	0
6426	0
6427	0
6428	0
6429	0
6430	0
6431	0
6432	0
6433	0
6434	0
6435	0
6436	0
6437	0
6438	2
6439	0
6440	0
6441	0
6442	0
6443	0
6444	0
6445	0
6446	0
6447	0
6448	0
6449	0
6450	0
6451	0
6452	0
6453	0
6454	0
6455	0
6456	0
6457	0
6458	0
6459	0
6460	0
6461	0
6462	0
6463	0
6464	0
6465	0
6466	0
6467	0
6468	0
6469	0
6470	0
6471	0
6472	0
6473	0
6474	0
6475	0
6476	0
6477	0
6478	0
6479	0
6480	0
6481	0
6482	0
6483	0
6484	0
6485	0
6486	0
6487	0
6488	1
6489	0
6490	0
6491	0
6492	0
6493	1
6494	0
6495	1
6496	0
6497	0
6498	0
6499	0
6500	0
6501	0
6502	0
6503	0
6504	0
6505	0
6506	0
6507	0
6508	0
6509	0
6510	1
6511	0
6512	0
6513	0
6514	0
6515	0
6516	0
6517	0
6518	0
6519	0
6520	0
6521	0
6522	0
6523	0
6524	0
6525	0
6526	0
6527	0
6528	0
6529	1
6530	0
6531	0
6532	0
6533	0
6534	0
6535	0
6536	0
6537	0
6538	0
6539	0
6540	0
6541	0
6542	0
6543	0
6544	0
6545	0
6546	0
6547	0
6548	0
6549	0
6550	0
6551	0
6552	0
6553	0
6554	0
6555	0
6556	0
6557	0
6558	0
6559	0
6560	0
6561	0
6562	0
6563	0
6564	0
6565	0
6566	0
6567	0
6568	0
6569	0
6570	0
6571	0
6572	0
6573	0
6574	0
6575	0
6576	0
6577	0
6578	0
6579	0
6580	0
6581	0
6582	0
6583	0
6584	0
6585	0
6586	0
6587	0
6588	0
6589	0
6590	0
6591	0
6592	1
6593	0
6594	0
6595	0
6596	0
6597	0
6598	0
6599	0
6600	0
6601	1
6602	0
6603	0
6604	0
6605	0
6606	0
6607	0
6608	0
6609	0
6610	0
6611	0
6612	0
6613	0
6614	0
6615	0
6616	0
6617	0
6618	0
6619	0
6620	0
6621	0
6622	0
6623	0
6624	0
6625	0
6626	0
6627	0
6628	0
6629	0
6630	0
6631	0
6632	0
6633	0
6634	0
6635	0
6636	0
6637	0
6638	1
6639	0
6640	0
6641	0
6642	0
6643	0
6644	0
6645	0
6646	0
6647	0
6648	0
6649	0
6650	0
6651	0
6652	0
6653	0
6654	1
6655	0
6656	0
6657	0
6658	0
6659	0
6660	0
6661	0
6662	0
6663	0
6664	0
6665	0
6666	0
6667	0
6668	0
6669	0
6670	0
6671	0
6672	0
6673	0
6674	0
6675	0
6676	0
6677	0
6678	0
6679	0
6680	1
6681	0
6682	0
6683	0
6684	1
6685	0
6686	0
6687	0
6688	0
6689	0
6690	0
6691	0
6692	0
6693	0
6694	0
6695	0
6696	0
6697	0
6698	0
6699	0
6700	0
6701	0
6702	0
6703	0
6704	0
6705	0
6706	0
6707	0
6708	0
6709	0
6710	0
6711	0
6712	0
6713	0
6714	0
6715	0
6716	0
6717	0
6718	0
6719	0
6720	0
6721	0
6722	0
6723	0
6724	0
6725	0
6726	1
6727	0
6728	0
6729	0
6730	0
6731	0
6732	0
6733	0
6734	0
6735	0
6736	0
6737	0
6738	0
6739	0
6740	0
6741	0
6742	0
6743	0
6744	0
6745	0
6746	0
6747	0
6748	0
6749	0
6750	0
6751	0
6752	0
6753	0
6754	0
6755	0
6756	0
6757	0
6758	0
6759	0
6760	0
6761	0
6762	0
6763	0
6764	0
6765	1
6766	0
6767	0
6768	0
6769	0
6770	0
6771	0
6772	0
6773	0
6774	0
6775	0
6776	0
6777	0
6778	0
6779	0
6780	0
6781	0
6782	0
6783	0
6784	0
6785	0
6786	0
6787	0
6788	0
6789	0
6790	0
6791	0
6792	0
6793	0
6794	0
6795	0
6796	0
6797	1
6798	0
6799	0
6800	0
6801	1
6802	0
6803	0
6804	0
6805	1
6806	0
6807	0
6808	0
6809	0
6810	0
6811	0
6812	0
6813	0
6814	0
6815	0
6816	1
6817	0
6818	0
6819	0
6820	0
6821	0
6822	0
6823	0
6824	0
6825	0
6826	0
6827	0
6828	1
6829	0
6830	0
6831	0
6832	0
6833	0
6834	0
6835	0
6836	0
6837	0
6838	0
6839	0
6840	0
6841	0
6842	0
6843	0
6844	1
6845	0
6846	0
6847	1
6848	0
6849	0
6850	0
6851	0
6852	1
6853	0
6854	0
6855	0
6856	0
6857	0
6858	0
6859	0
6860	0
6861	0
6862	0
6863	0
6864	0
6865	0
6866	0
6867	0
6868	0
6869	0
6870	0
6871	0
6872	0
6873	0
6874	0
6875	0
6876	0
6877	0
6878	0
6879	0
6880	0
6881	0
6882	0
6883	0
6884	0
6885	2
6886	0
6887	0
6888	0
6889	1
6890	0
6891	0
6892	0
6893	0
6894	0
6895	0
6896	0
6897	0
6898	0
6899	0
6900	0
6901	0
6902	0
6903	0
6904	0
6905	0
6906	0
6907	0
6908	0
6909	0
6910	0
6911	0
6912	0
6913	0
6914	0
6915	0
6916	0
6917	0
6918	0
6919	0
6920	0
6921	0
6922	0
6923	1
6924	0
6925	0
6926	0
6927	0
6928	0
6929	0
6930	0
6931	0
6932	0
6933	1
6934	0
6935	0
6936	0
6937	0
6938	0
6939	0
6940	0
6941	0
6942	0
6943	0
6944	0
6945	0
6946	0
6947	0
6948	0
6949	0
6950	0
6951	0
6952	0
6953	0
6954	0
6955	0
6956	0
6957	0
6958	0
6959	0
6960	0
6961	0
6962	0
6963	0
6964	0
6965	0
6966	0
6967	0
6968	1
6969	0
6970	0
6971	0
6972	0
6973	0
6974	0
6975	0
6976	0
6977	0
6978	0
6979	0
6980	0
6981	0
6982	0
6983	0
6984	0
6985	0
6986	0
6987	0
6988	0
6989	0
6990	0
6991	0
6992	0
6993	0
6994	1
6995	0
6996	0
6997	1
6998	1
6999	0
7000	0
7001	0
7002	0
7003	0
7004	0
7005	0
7006	0
7007	0
7008	0
7009	0
7010	1
7011	0
7012	1
7013	0
7014	0
7015	0
7016	1
7017	0
7018	0
7019	0
7020	0
7021	1
7022	0
7023	0
7024	0
7025	0
7026	0
7027	0
7028	0
7029	0
7030	0
7031	0
7032	0
7033	0
7034	0
7035	0
7036	0
7037	0
7038	0
7039	0
7040	0
7041	0
7042	0
7043	0
7044	0
7045	1
7046	0
7047	0
7048	0
7049	0
7050	0
7051	0
7052	0
7053	0
7054	0
7055	0
7056	0
7057	0
7058	0
7059	0
7060	0
7061	0
7062	0
7063	0
7064	0
7065	0
7066	0
7067	0
7068	0
7069	0
7070	0
7071	0
7072	0
7073	0
7074	2
7075	0
7076	0
7077	0
7078	0
7079	0
7080	0
7081	0
7082	0
7083	0
7084	0
7085	0
7086	0
7087	0
7088	0
7089	0
7090	0
7091	0
7092	0
7093	0
7094	0
7095	0
7096	0
7097	0
7098	0
7099	0
7100	0
7101	0
7102	0
7103	0
7104	0
7105	0
7106	0
7107	0
7108	0
7109	0
7110	0
7111	0
7112	0
7113	0
7114	0
7115	0
7116	0
7117	0
7118	0
7119	0
7120	0
7121	0
7122	0
7123	0
7124	0
7125	0
7126	0
7127	0
7128	0
7129	0
7130	0
7131	0
7132	0
7133	0
7134	0
7135	0
7136	0
7137	0
7138	0
7139	0
7140	0
7141	0
7142	0
7143	0
7144	0
7145	0
7146	0
7147	0
7148	0
7149	0
7150	0
7151	0
7152	0
7153	1
7154	0
7155	0
7156	0
7157	0
7158	0
7159	0
7160	0
7161	0
7162	0
7163	0
7164	0
7165	0
7166	0
7167	0
7168	0
7169	0
7170	0
7171	0
7172	0
7173	0
7174	0
7175	0
7176	0
7177	0
7178	0
7179	0
7180	0
7181	0
7182	0
7183	0
7184	0
7185	0
7186	0
7187	0
7188	0
7189	0
7190	0
7191	0
7192	0
7193	0
7194	0
7195	0
7196	0
7197	0
7198	0
7199	0
7200	0
7201	0
7202	0
7203	0
7204	0
7205	0
7206	0
7207	0
7208	0
7209	0
7210	0
7211	0
7212	0
7213	0
7214	0
7215	0
7216	0
7217	0
7218	0
7219	0
7220	0
7221	0
7222	0
7223	0
7224	0
7225	1
7226	0
7227	0
7228	0
7229	0
7230	0
7231	0
7232	0
7233	0
7234	0
7235	1
7236	0
7237	0
7238	0
7239	0
7240	0
7241	0
7242	0
7243	0
7244	0
7245	0
7246	0
7247	0
7248	0
7249	0
7250	0
7251	0
7252	0
7253	0
7254	0
7255	0
7256	0
7257	0
7258	0
7259	0
7260	0
7261	0
7262	0
7263	0
7264	0
7265	0
7266	0
7267	0
7268	1
7269	0
7270	0
7271	0
7272	0
7273	0
7274	0
7275	0
7276	0
7277	0
7278	0
7279	0
7280	0
7281	0
7282	0
7283	0
7284	0
7285	0
7286	0
7287	0
7288	0
7289	0
7290	0
7291	0
7292	0
7293	1
7294	0
7295	0
7296	0
7297	1
7298	0
7299	0
7300	0
7301	0
7302	0
7303	0
7304	0
7305	0
7306	0
7307	0
7308	0
7309	0
7310	0
7311	0
7312	0
7313	0
7314	0
7315	0
7316	1
7317	0
7318	0
7319	0
7320	0
7321	0
7322	0
7323	0
7324	0
7325	0
7326	0
7327	0
7328	0
7329	0
7330	0
7331	0
7332	0
7333	1
7334	0
7335	1
7336	0
7337	0
7338	0
7339	0
7340	0
7341	0
7342	0
7343	0
7344	1
7345	0
7346	0
7347	0
7348	0
7349	0
7350	1
7351	0
7352	0
7353	0
7354	0
7355	0
7356	0
7357	0
7358	0
7359	0
7360	0
7361	0
7362	0
7363	0
7364	0
7365	0
7366	0
7367	0
7368	0
7369	0
7370	0
7371	0
7372	0
7373	0
7374	0
7375	0
7376	0
7377	0
7378	0
7379	0
7380	0
7381	0
7382	0
7383	0
7384	0
7385	0
7386	0
7387	0
7388	0
7389	0
7390	0
7391	0
7392	0
7393	0
7394	0
7395	0
7396	0
7397	0
7398	0
7399	0
7400	0
7401	0
7402	0
7403	0
7404	0
7405	0
7406	0
7407	0
7408	0
7409	0
7410	0
7411	0
7412	0
7413	0
7414	0
7415	0
7416	0
7417	0
7418	0
7419	0
7420	0
7421	0
7422	1
7423	1
7424	0
7425	0
7426	0
7427	0
7428	0
7429	0
7430	0
7431	0
7432	0
7433	0
7434	0
7435	0
7436	0
7437	0
7438	1
7439	0
7440	0
7441	0
7442	0
7443	0
7444	0
7445	0
7446	0
7447	0
7448	0
7449	0
7450	0
7451	0
7452	0
7453	0
7454	0
7455	0
7456	0
7457	0
7458	0
7459	0
7460	0
7461	0
7462	0
7463	0
7464	0
7465	0
7466	0
7467	0
7468	0
7469	0
7470	0
7471	0
7472	0
7473	0
7474	0
7475	0
7476	0
7477	0
7478	0
7479	0
7480	0
7481	0
7482	0
7483	0
7484	0
7485	0
7486	0
7487	0
7488	0
7489	0
7490	0
7491	0
7492	0
7493	0
7494	0
7495	0
7496	0
7497	0
7498	0
7499	0
7500	0
7501	0
7502	0
7503	0
7504	0
7505	0
7506	0
7507	0
7508	0
7509	0
7510	0
7511	0
7512	0
7513	1
7514	0
7515	0
7516	0
7517	0
7518	0
7519	0
7520	0
7521	1
7522	0
7523	0
7524	0
7525	0
7526	0
7527	0
7528	0
7529	0
7530	0
7531	0
7532	0
7533	0
7534	0
7535	0
7536	0
7537	0
7538	0
7539	0
7540	0
7541	0
7542	0
7543	0
7544	0
7545	0
7546	0
7547	0
7548	0
7549	0
7550	0
7551	0
7552	0
7553	0
7554	0
7555	0
7556	0
7557	0
7558	0
7559	0
7560	0
7561	0
7562	0
7563	0
7564	0
7565	0
7566	0
7567	0
7568	0
7569	0
7570	0
7571	0
7572	0
7573	0
7574	0
7575	0
7576	0
7577	0
7578	0
7579	0
7580	1
7581	0
7582	0
7583	0
7584	0
7585	0
7586	0
7587	0
7588	0
7589	0
7590	0
7591	0
7592	1
7593	0
7594	0
7595	0
7596	0
7597	0
7598	0
7599	0
7600	0
7601	0
7602	0
7603	0
7604	0
7605	0
7606	0
7607	0
7608	0
7609	0
7610	0
7611	0
7612	0
7613	0
7614	0
7615	1
7616	0
7617	0
7618	0
7619	0
7620	0
7621	0
7622	0
7623	0
7624	0
7625	0
7626	0
7627	0
7628	0
7629	0
7630	0
7631	0
7632	0
7633	0
7634	0
7635	0
7636	0
7637	0
7638	0
7639	1
7640	0
7641	0
7642	0
7643	1
7644	0
7645	0
7646	0
7647	0
7648	0
7649	0
7650	0
7651	0
7652	0
7653	0
7654	0
7655	0
7656	0
7657	0
7658	0
7659	0
7660	0
7661	0
7662	0
7663	0
7664	0
7665	0
7666	0
7667	0
7668	0
7669	0
7670	0
7671	0
7672	0
7673	0
7674	0
7675	0
7676	0
7677	0
7678	0
7679	0
7680	0
7681	0
7682	0
7683	0
7684	0
7685	0
7686	0
7687	0
7688	0
7689	0
7690	0
7691	0
7692	0
7693	0
7694	0
7695	0
7696	0
7697	0
7698	0
7699	0
7700	0
7701	0
7702	0
7703	0
7704	0
7705	0
7706	0
7707	0
7708	0
7709	0
7710	0
7711	0
7712	0
7713	1
7714	0
7715	0
7716	0
7717	0
7718	0
7719	0
7720	0
7721	0
7722	0
7723	0
7724	0
7725	0
7726	0
7727	0
7728	0
7729	0
7730	0
7731	0
7732	0
7733	0
7734	0
7735	0
7736	0
7737	0
7738	0
7739	0
7740	0
7741	0
7742	0
7743	0
7744	0
7745	0
7746	0
7747	0
7748	0
7749	0
7750	0
7751	0
7752	0
7753	0
7754	0
7755	0
7756	0
7757	0
7758	0
7759	0
7760	0
7761	0
7762	0
7763	0
7764	1
7765	0
7766	0
7767	0
7768	0
7769	0
7770	0
7771	0
7772	0
7773	0
7774	0
7775	0
7776	0
7777	0
7778	0
7779	0
7780	0
7781	0
7782	0
7783	0
7784	1
7785	0
7786	0
7787	0
7788	1
7789	1
7790	0
7791	0
7792	0
7793	0
7794	0
7795	0
7796	0
7797	0
7798	0
7799	0
7800	0
7801	0
7802	0
7803	0
7804	0
7805	0
7806	0
7807	0
7808	0
7809	0
7810	1
7811	0
7812	0
7813	0
7814	0
7815	0
7816	0
7817	0
7818	0
7819	0
7820	0
7821	0
7822	1
7823	0
7824	0
7825	1
7826	0
7827	0
7828	0
7829	0
7830	0
7831	0
7832	0
7833	0
7834	0
7835	0
7836	0
7837	0
7838	0
7839	0
7840	0
7841	0
7842	0
7843	0
7844	0
7845	0
7846	0
7847	0
7848	0
7849	0
7850	0
7851	0
7852	0
7853	0
7854	0
7855	0
7856	0
7857	0
7858	0
7859	0
7860	0
7861	0
7862	0
7863	0
7864	0
7865	0
7866	0
7867	0
7868	0
7869	0
7870	0
7871	0
7872	0
7873	0
7874	0
7875	0
7876	0
7877	0
7878	0
7879	0
7880	0
7881	0
7882	0
7883	0
7884	0
7885	0
7886	0
7887	0
7888	0
7889	1
7890	0
7891	0
7892	0
7893	0
7894	0
7895	0
7896	0
7897	0
7898	0
7899	0
7900	0
7901	0
7902	0
7903	0
7904	0
7905	0
7906	0
7907	0
7908	0
7909	0
7910	0
7911	0
7912	0
7913	0
7914	0
7915	0
7916	0
7917	0
7918	0
7919	0
7920	0
7921	0
7922	0
7923	0
7924	0
7925	0
7926	0
7927	0
7928	0
7929	0
7930	0
7931	0
7932	0
7933	0
7934	0
7935	0
7936	0
7937	0
7938	0
7939	0
7940	0
7941	0
7942	1
7943	0
7944	0
7945	0
7946	0
7947	0
7948	0
7949	1
7950	0
7951	0
7952	0
7953	0
7954	0
7955	0
7956	0
7957	0
7958	0
7959	1
7960	0
7961	0
7962	0
7963	0
7964	0
7965	0
7966	0
7967	0
7968	0
7969	0
7970	0
7971	0
7972	0
7973	0
7974	0
7975	0
7976	0
7977	0
7978	0
7979	0
7980	0
7981	0
7982	0
7983	0
7984	0
7985	0
7986	0
7987	0
7988	0
7989	0
7990	0
7991	0
7992	0
7993	0
7994	0
7995	0
7996	0
7997	1
7998	0
7999	0
8000	0
8001	0
8002	0
8003	0
8004	0
8005	0
8006	0
8007	0
8008	0
8009	0
8010	0
8011	0
8012	0
8013	0
8014	0
8015	0
8016	0
8017	0
8018	0
8019	0
8020	0
8021	0
8022	0
8023	0
8024	0
8025	0
8026	0
8027	0
8028	0
8029	0
8030	0
8031	0
8032	0
8033	0
8034	0
8035	0
8036	0
8037	0
8038	0
8039	0
8040	0
8041	0
8042	0
8043	0
8044	0
8045	0
8046	0
8047	0
8048	0
8049	0
8050	1
8051	0
8052	0
8053	1
8054	0
8055	0
8056	0
8057	0
8058	0
8059	0
8060	0
8061	0
8062	0
8063	0
8064	0
8065	0
8066	0
8067	0
8068	0
8069	0
8070	1
8071	0
8072	0
8073	1
8074	0
8075	0
8076	0
8077	0
8078	0
8079	0
8080	0
8081	0
8082	0
8083	0
8084	0
8085	0
8086	0
8087	0
8088	0
8089	0
8090	0
8091	0
8092	0
8093	0
8094	1
8095	0
8096	0
8097	0
8098	0
8099	0
8100	0
8101	0
8102	0
8103	0
8104	0
8105	1
8106	0
8107	0
8108	0
8109	0
8110	0
8111	0
8112	0
8113	0
8114	0
8115	0
8116	0
8117	0
8118	0
8119	0
8120	0
8121	0
8122	0
8123	0
8124	0
8125	0
8126	0
8127	0
8128	0
8129	0
8130	0
8131	0
8132	0
8133	1
8134	0
8135	0
8136	0
8137	0
8138	0
8139	0
8140	0
8141	0
8142	0
8143	0
8144	0
8145	0
8146	0
8147	0
8148	0
8149	0
8150	0
8151	0
8152	0
8153	0
8154	0
8155	0
8156	0
8157	0
8158	0
8159	0
8160	0
8161	0
8162	0
8163	0
8164	0
8165	0
8166	0
8167	0
8168	0
8169	0
8170	0
8171	0
8172	0
8173	0
8174	0
8175	0
8176	0
8177	0
8178	0
8179	0
8180	0
8181	0
8182	0
8183	0
8184	0
8185	0
8186	0
8187	0
8188	0
8189	0
8190	0
8191	0
