0	0
1	0
2	0
3	0
4	0
5	0
6	0
7	0
8	0
9	0
10	0
11	0
12	0
13	0
14	0
15	0
16	0
17	0
18	0
19	0
20	0
21	0
22	0
23	0
24	0
25	0
26	0
27	0
28	0
29	0
30	0
31	0
32	0
33	0
34	0
35	0
36	0
37	0
38	0
39	0
40	0
41	0
42	0
43	0
44	0
45	0
46	0
47	0
48	0
49	0
50	0
51	0
52	0
53	0
54	0
55	0
56	0
57	0
58	0
59	0
60	0
61	0
62	0
63	0
64	0
65	0
66	0
67	0
68	0
69	0
70	0
71	0
72	0
73	0
74	0
75	0
76	0
77	0
78	0
79	0
80	0
81	0
82	0
83	0
84	0
85	0
86	0
87	0
88	0
89	0
90	0
91	0
92	0
93	0
94	0
95	0
96	0
97	0
98	0
99	0
100	0
101	0
102	0
103	0
104	0
105	0
106	0
107	0
108	0
109	0
110	0
111	0
112	0
113	0
114	0
115	0
116	0
117	0
118	0
119	0
120	0
121	0
122	0
123	0
124	0
125	0
126	0
127	0
128	0
129	0
130	0
131	0
132	0
133	0
134	0
135	0
136	0
137	0
138	0
139	0
140	0
141	0
142	0
143	0
144	0
145	0
146	0
147	0
148	0
149	0
150	0
151	0
152	0
153	0
154	0
155	0
156	0
157	0
158	0
159	0
160	0
161	0
162	0
163	0
164	0
165	0
166	0
167	0
168	0
169	0
170	0
171	0
172	0
173	0
174	0
175	0
176	0
177	0
178	0
179	0
180	0
181	0
182	0
183	0
184	0
185	0
186	0
187	0
188	0
189	0
190	0
191	0
192	0
193	0
194	0
195	0
196	0
197	0
198	0
199	0
200	0
201	0
202	0
203	0
204	0
205	0
206	0
207	0
208	0
209	0
210	0
211	0
212	0
213	0
214	0
215	0
216	0
217	0
218	0
219	0
220	0
221	0
222	0
223	0
224	0
225	0
226	0
227	0
228	0
229	0
230	0
231	0
232	0
233	0
234	0
235	0
236	0
237	0
238	0
239	0
240	0
241	0
242	0
243	0
244	0
245	0
246	0
247	0
248	0
249	0
250	0
251	0
252	0
253	0
254	0
255	0
256	0
257	0
258	0
259	0
260	0
261	0
262	0
263	0
264	0
265	0
266	0
267	0
268	0
269	0
270	0
271	0
272	0
273	0
274	0
275	0
276	0
277	0
278	0
279	0
280	0
281	0
282	0
283	0
284	0
285	0
286	0
287	0
288	0
289	0
290	0
291	0
292	0
293	0
294	0
295	0
296	0
297	0
298	0
299	0
300	0
301	0
302	0
303	0
304	0
305	0
306	0
307	0
308	0
309	0
310	0
311	0
312	0
313	0
314	0
315	0
316	0
317	0
318	0
319	0
320	0
321	0
322	0
323	0
324	0
325	0
326	0
327	0
328	0
329	0
330	0
331	0
332	0
333	0
334	0
335	0
336	0
337	0
338	0
339	0
340	0
341	0
342	0
343	0
344	0
345	0
346	0
347	0
348	0
349	0
350	0
351	0
352	0
353	0
354	0
355	0
356	0
357	0
358	0
359	0
360	0
361	0
362	0
363	0
364	0
365	0
366	0
367	0
368	0
369	0
370	0
371	0
372	0
373	0
374	0
375	0
376	0
377	0
378	0
379	0
380	0
381	0
382	0
383	0
384	0
385	0
386	0
387	0
388	0
389	0
390	0
391	0
392	0
393	0
394	0
395	0
396	0
397	0
398	0
399	0
400	0
401	0
402	0
403	0
404	0
405	0
406	0
407	0
408	0
409	0
410	0
411	0
412	0
413	0
414	0
415	0
416	0
417	0
418	0
419	0
420	0
421	0
422	0
423	0
424	0
425	0
426	0
427	0
428	0
429	0
430	0
431	0
432	0
433	0
434	0
435	0
436	0
437	0
438	0
439	0
440	0
441	0
442	0
443	0
444	0
445	0
446	0
447	0
448	0
449	0
450	0
451	0
452	0
453	0
454	0
455	0
456	0
457	0
458	0
459	0
460	0
461	0
462	0
463	0
464	0
465	0
466	0
467	0
468	0
469	0
470	0
471	0
472	0
473	0
474	0
475	0
476	0
477	0
478	0
479	0
480	0
481	0
482	0
483	0
484	0
485	0
486	0
487	0
488	0
489	0
490	0
491	0
492	0
493	0
494	0
495	0
496	0
497	0
498	0
499	0
500	0
501	0
502	0
503	0
504	0
505	0
506	0
507	0
508	0
509	0
510	0
511	0
512	0
513	0
514	0
515	0
516	0
517	0
518	0
519	0
520	0
521	0
522	0
523	0
524	0
525	0
526	0
527	0
528	0
529	0
530	0
531	0
532	0
533	0
534	0
535	0
536	0
537	0
538	0
539	0
540	0
541	0
542	0
543	0
544	0
545	0
546	0
547	0
548	0
549	0
550	0
551	0
552	0
553	0
554	0
555	0
556	0
557	0
558	0
559	0
560	0
561	0
562	0
563	0
564	0
565	0
566	0
567	0
568	0
569	0
570	0
571	0
572	0
573	0
574	0
575	0
576	0
577	0
578	0
579	0
580	0
581	0
582	0
583	0
584	0
585	0
586	0
587	0
588	0
589	0
590	0
591	0
592	0
593	0
594	0
595	0
596	0
597	0
598	0
599	0
600	0
601	0
602	0
603	0
604	0
605	0
606	0
607	0
608	0
609	0
610	1
611	1
612	0
613	1
614	0
615	0
616	0
617	0
618	0
619	1
620	1
621	2
622	0
623	1
624	0
625	0
626	0
627	0
628	1
629	0
630	0
631	0
632	1
633	1
634	0
635	0
636	0
637	2
638	1
639	0
640	0
641	0
642	0
643	0
644	0
645	1
646	0
647	0
648	1
649	0
650	0
651	1
652	1
653	0
654	0
655	0
656	0
657	1
658	0
659	1
660	1
661	0
662	1
663	0
664	1
665	1
666	1
667	1
668	0
669	2
670	0
671	0
672	0
673	0
674	0
675	1
676	0
677	0
678	0
679	0
680	0
681	0
682	0
683	1
684	0
685	2
686	0
687	0
688	0
689	1
690	0
691	0
692	0
693	0
694	1
695	0
696	0
697	2
698	0
699	1
700	0
701	0
702	1
703	0
704	0
705	0
706	1
707	0
708	0
709	1
710	0
711	0
712	0
713	0
714	0
715	1
716	2
717	0
718	1
719	0
720	0
721	2
722	0
723	0
724	1
725	0
726	0
727	1
728	0
729	1
730	1
731	1
732	0
733	0
734	0
735	1
736	0
737	0
738	0
739	1
740	0
741	0
742	0
743	0
744	1
745	0
746	0
747	0
748	0
749	0
750	1
751	1
752	1
753	1
754	2
755	2
756	0
757	0
758	0
759	0
760	1
761	0
762	0
763	0
764	0
765	0
766	1
767	1
768	0
769	2
770	0
771	0
772	0
773	0
774	2
775	0
776	0
777	0
778	0
779	1
780	0
781	0
782	1
783	1
784	1
785	1
786	2
787	0
788	0
789	2
790	1
791	0
792	0
793	0
794	0
795	0
796	1
797	0
798	0
799	0
800	2
801	2
802	0
803	1
804	0
805	1
806	1
807	0
808	0
809	2
810	1
811	0
812	0
813	0
814	3
815	0
816	0
817	0
818	0
819	1
820	0
821	1
822	0
823	1
824	0
825	1
826	1
827	0
828	0
829	0
830	0
831	1
832	2
833	0
834	1
835	1
836	1
837	2
838	1
839	0
840	0
841	1
842	0
843	1
844	1
845	1
846	0
847	0
848	1
849	1
850	1
851	0
852	2
853	0
854	0
855	0
856	1
857	0
858	0
859	1
860	0
861	1
862	1
863	1
864	0
865	0
866	0
867	0
868	1
869	0
870	0
871	3
872	1
873	1
874	0
875	1
876	1
877	0
878	0
879	1
880	0
881	0
882	1
883	0
884	0
885	1
886	1
887	0
888	0
889	0
890	0
891	0
892	0
893	0
894	1
895	3
896	1
897	1
898	0
899	3
900	1
901	0
902	2
903	0
904	0
905	0
906	0
907	1
908	1
909	3
910	2
911	1
912	0
913	1
914	0
915	0
916	2
917	0
918	1
919	0
920	1
921	2
922	1
923	0
924	3
925	0
926	0
927	0
928	3
929	0
930	0
931	0
932	1
933	1
934	0
935	1
936	0
937	2
938	1
939	2
940	0
941	1
942	1
943	0
944	1
945	2
946	1
947	0
948	0
949	1
950	0
951	2
952	1
953	1
954	4
955	4
956	1
957	0
958	0
959	0
960	0
961	1
962	0
963	1
964	2
965	2
966	0
967	1
968	0
969	0
970	2
971	0
972	1
973	1
974	1
975	1
976	1
977	1
978	1
979	1
980	0
981	1
982	0
983	0
984	1
985	0
986	1
987	0
988	3
989	0
990	2
991	0
992	0
993	1
994	1
995	1
996	0
997	0
998	0
999	1
1000	0
1001	0
1002	0
1003	1
1004	0
1005	2
1006	2
1007	0
1008	0
1009	2
1010	2
1011	1
1012	0
1013	0
1014	1
1015	1
1016	2
1017	2
1018	1
1019	1
1020	1
1021	1
1022	0
1023	0
1024	1
1025	0
1026	1
1027	1
1028	1
1029	2
1030	1
1031	3
1032	2
1033	1
1034	0
1035	1
1036	1
1037	1
1038	2
1039	1
1040	1
1041	1
1042	2
1043	1
1044	2
1045	1
1046	3
1047	1
1048	1
1049	4
1050	2
1051	0
1052	1
1053	0
1054	1
1055	0
1056	3
1057	0
1058	2
1059	4
1060	3
1061	1
1062	1
1063	3
1064	3
1065	2
1066	1
1067	2
1068	2
1069	1
1070	0
1071	5
1072	2
1073	1
1074	2
1075	1
1076	3
1077	2
1078	1
1079	0
1080	3
1081	3
1082	0
1083	1
1084	2
1085	0
1086	1
1087	3
1088	4
1089	5
1090	0
1091	4
1092	0
1093	1
1094	2
1095	1
1096	4
1097	0
1098	6
1099	3
1100	1
1101	1
1102	1
1103	1
1104	2
1105	3
1106	3
1107	3
1108	1
1109	0
1110	3
1111	3
1112	1
1113	7
1114	3
1115	6
1116	1
1117	1
1118	0
1119	1
1120	4
1121	1
1122	2
1123	1
1124	5
1125	4
1126	4
1127	3
1128	7
1129	4
1130	5
1131	4
1132	3
1133	1
1134	2
1135	3
1136	4
1137	4
1138	3
1139	3
1140	2
1141	4
1142	7
1143	5
1144	6
1145	5
1146	6
1147	7
1148	4
1149	6
1150	5
1151	4
1152	5
1153	6
1154	5
1155	5
1156	12
1157	11
1158	6
1159	5
1160	5
1161	4
1162	5
1163	7
1164	11
1165	8
1166	3
1167	12
1168	9
1169	8
1170	5
1171	12
1172	7
1173	5
1174	14
1175	5
1176	14
1177	8
1178	12
1179	7
1180	12
1181	8
1182	11
1183	13
1184	4
1185	17
1186	13
1187	11
1188	13
1189	14
1190	12
1191	19
1192	16
1193	14
1194	16
1195	10
1196	17
1197	20
1198	19
1199	23
1200	23
1201	17
1202	22
1203	16
1204	19
1205	19
1206	19
1207	19
1208	11
1209	23
1210	17
1211	30
1212	16
1213	35
1214	30
1215	23
1216	19
1217	27
1218	30
1219	28
1220	30
1221	32
1222	34
1223	27
1224	43
1225	22
1226	26
1227	35
1228	40
1229	28
1230	34
1231	29
1232	46
1233	34
1234	47
1235	41
1236	47
1237	32
1238	33
1239	55
1240	45
1241	44
1242	47
1243	48
1244	58
1245	43
1246	61
1247	54
1248	70
1249	49
1250	76
1251	64
1252	68
1253	64
1254	76
1255	60
1256	87
1257	69
1258	67
1259	82
1260	78
1261	58
1262	72
1263	98
1264	86
1265	82
1266	82
1267	90
1268	85
1269	99
1270	94
1271	98
1272	123
1273	103
1274	101
1275	106
1276	104
1277	112
1278	102
1279	115
1280	113
1281	150
1282	118
1283	129
1284	140
1285	120
1286	121
1287	138
1288	111
1289	121
1290	163
1291	132
1292	123
1293	141
1294	151
1295	146
1296	138
1297	137
1298	160
1299	168
1300	165
1301	145
1302	179
1303	172
1304	169
1305	173
1306	182
1307	181
1308	182
1309	190
1310	177
1311	209
1312	197
1313	193
1314	200
1315	164
1316	197
1317	178
1318	180
1319	217
1320	203
1321	194
1322	238
1323	198
1324	230
1325	196
1326	219
1327	192
1328	216
1329	218
1330	213
1331	236
1332	238
1333	225
1334	206
1335	231
1336	231
1337	207
1338	242
1339	237
1340	228
1341	231
1342	233
1343	238
1344	207
1345	251
1346	233
1347	220
1348	243
1349	223
1350	232
1351	245
1352	227
1353	241
1354	242
1355	251
1356	249
1357	258
1358	239
1359	249
1360	267
1361	238
1362	270
1363	275
1364	231
1365	248
1366	234
1367	250
1368	262
1369	244
1370	240
1371	232
1372	261
1373	248
1374	221
1375	238
1376	222
1377	235
1378	250
1379	245
1380	219
1381	246
1382	234
1383	228
1384	232
1385	248
1386	246
1387	215
1388	238
1389	219
1390	245
1391	237
1392	220
1393	235
1394	229
1395	226
1396	233
1397	221
1398	216
1399	191
1400	231
1401	233
1402	187
1403	216
1404	218
1405	195
1406	219
1407	216
1408	202
1409	205
1410	211
1411	232
1412	217
1413	194
1414	201
1415	194
1416	188
1417	186
1418	194
1419	181
1420	197
1421	161
1422	181
1423	196
1424	205
1425	196
1426	176
1427	176
1428	196
1429	173
1430	168
1431	176
1432	168
1433	147
1434	172
1435	167
1436	148
1437	166
1438	176
1439	168
1440	168
1441	168
1442	159
1443	164
1444	178
1445	159
1446	143
1447	164
1448	156
1449	117
1450	149
1451	139
1452	151
1453	135
1454	154
1455	135
1456	154
1457	146
1458	137
1459	152
1460	138
1461	127
1462	128
1463	117
1464	135
1465	134
1466	140
1467	124
1468	137
1469	116
1470	126
1471	129
1472	112
1473	135
1474	108
1475	114
1476	115
1477	120
1478	113
1479	96
1480	111
1481	132
1482	129
1483	97
1484	110
1485	97
1486	118
1487	84
1488	97
1489	109
1490	111
1491	90
1492	109
1493	104
1494	118
1495	98
1496	114
1497	94
1498	89
1499	103
1500	101
1501	89
1502	108
1503	75
1504	97
1505	107
1506	94
1507	104
1508	87
1509	74
1510	74
1511	81
1512	86
1513	89
1514	71
1515	94
1516	66
1517	88
1518	79
1519	90
1520	84
1521	81
1522	66
1523	74
1524	87
1525	72
1526	75
1527	74
1528	77
1529	68
1530	66
1531	63
1532	80
1533	65
1534	78
1535	80
1536	55
1537	51
1538	70
1539	71
1540	58
1541	50
1542	58
1543	53
1544	64
1545	64
1546	56
1547	55
1548	48
1549	66
1550	55
1551	57
1552	47
1553	49
1554	71
1555	57
1556	56
1557	35
1558	49
1559	45
1560	52
1561	41
1562	47
1563	47
1564	37
1565	46
1566	29
1567	45
1568	48
1569	42
1570	46
1571	43
1572	32
1573	50
1574	45
1575	47
1576	43
1577	42
1578	34
1579	38
1580	45
1581	36
1582	38
1583	29
1584	46
1585	37
1586	41
1587	23
1588	38
1589	30
1590	27
1591	29
1592	42
1593	22
1594	27
1595	30
1596	26
1597	37
1598	30
1599	26
1600	29
1601	32
1602	27
1603	32
1604	32
1605	26
1606	27
1607	25
1608	24
1609	32
1610	26
1611	25
1612	27
1613	31
1614	29
1615	25
1616	29
1617	15
1618	23
1619	33
1620	16
1621	15
1622	22
1623	22
1624	17
1625	24
1626	18
1627	19
1628	19
1629	24
1630	13
1631	21
1632	20
1633	18
1634	22
1635	25
1636	17
1637	26
1638	12
1639	23
1640	21
1641	25
1642	13
1643	18
1644	9
1645	16
1646	20
1647	19
1648	20
1649	17
1650	7
1651	13
1652	13
1653	14
1654	11
1655	17
1656	23
1657	15
1658	18
1659	8
1660	13
1661	10
1662	14
1663	6
1664	15
1665	10
1666	9
1667	13
1668	11
1669	12
1670	12
1671	15
1672	21
1673	12
1674	9
1675	15
1676	4
1677	9
1678	8
1679	7
1680	12
1681	7
1682	5
1683	14
1684	6
1685	6
1686	10
1687	9
1688	10
1689	8
1690	9
1691	6
1692	5
1693	8
1694	12
1695	7
1696	8
1697	10
1698	7
1699	8
1700	9
1701	6
1702	5
1703	4
1704	10
1705	5
1706	3
1707	13
1708	7
1709	8
1710	6
1711	10
1712	8
1713	8
1714	9
1715	7
1716	8
1717	10
1718	14
1719	7
1720	12
1721	5
1722	9
1723	9
1724	11
1725	8
1726	3
1727	7
1728	8
1729	5
1730	7
1731	7
1732	7
1733	4
1734	7
1735	4
1736	9
1737	7
1738	5
1739	2
1740	6
1741	8
1742	8
1743	3
1744	5
1745	4
1746	6
1747	5
1748	1
1749	4
1750	8
1751	9
1752	4
1753	5
1754	6
1755	5
1756	5
1757	6
1758	4
1759	11
1760	4
1761	4
1762	6
1763	7
1764	9
1765	7
1766	8
1767	3
1768	10
1769	0
1770	9
1771	5
1772	4
1773	9
1774	14
1775	9
1776	4
1777	7
1778	11
1779	5
1780	14
1781	6
1782	8
1783	18
1784	13
1785	8
1786	3
1787	12
1788	10
1789	8
1790	8
1791	7
1792	14
1793	11
1794	10
1795	12
1796	13
1797	8
1798	15
1799	14
1800	11
1801	14
1802	11
1803	14
1804	16
1805	12
1806	9
1807	14
1808	17
1809	14
1810	21
1811	19
1812	23
1813	20
1814	22
1815	13
1816	20
1817	26
1818	19
1819	23
1820	24
1821	21
1822	32
1823	17
1824	18
1825	22
1826	25
1827	23
1828	30
1829	35
1830	32
1831	24
1832	24
1833	31
1834	23
1835	31
1836	18
1837	23
1838	27
1839	32
1840	39
1841	29
1842	28
1843	32
1844	39
1845	44
1846	41
1847	51
1848	42
1849	42
1850	42
1851	38
1852	35
1853	43
1854	63
1855	47
1856	46
1857	47
1858	47
1859	47
1860	54
1861	66
1862	54
1863	49
1864	51
1865	59
1866	57
1867	70
1868	72
1869	73
1870	81
1871	77
1872	59
1873	70
1874	77
1875	76
1876	69
1877	59
1878	98
1879	85
1880	77
1881	76
1882	98
1883	85
1884	69
1885	94
1886	104
1887	108
1888	103
1889	104
1890	112
1891	97
1892	97
1893	117
1894	118
1895	117
1896	111
1897	133
1898	125
1899	110
1900	114
1901	139
1902	117
1903	136
1904	147
1905	129
1906	129
1907	150
1908	146
1909	144
1910	140
1911	178
1912	147
1913	148
1914	153
1915	147
1916	156
1917	143
1918	147
1919	165
1920	139
1921	149
1922	165
1923	177
1924	173
1925	186
1926	201
1927	173
1928	182
1929	185
1930	181
1931	184
1932	183
1933	188
1934	176
1935	188
1936	195
1937	201
1938	211
1939	206
1940	226
1941	195
1942	225
1943	212
1944	219
1945	195
1946	188
1947	217
1948	205
1949	231
1950	223
1951	227
1952	212
1953	247
1954	212
1955	278
1956	228
1957	223
1958	248
1959	232
1960	217
1961	247
1962	211
1963	250
1964	257
1965	244
1966	216
1967	220
1968	243
1969	234
1970	220
1971	257
1972	245
1973	230
1974	245
1975	267
1976	266
1977	253
1978	257
1979	238
1980	236
1981	266
1982	253
1983	240
1984	240
1985	267
1986	243
1987	230
1988	235
1989	250
1990	246
1991	250
1992	243
1993	273
1994	253
1995	238
1996	250
1997	232
1998	230
1999	243
2000	204
2001	240
2002	254
2003	203
2004	234
2005	230
2006	259
2007	230
2008	220
2009	215
2010	235
2011	213
2012	219
2013	230
2014	235
2015	216
2016	207
2017	201
2018	209
2019	230
2020	189
2021	191
2022	211
2023	196
2024	187
2025	195
2026	202
2027	205
2028	193
2029	203
2030	197
2031	205
2032	194
2033	209
2034	182
2035	194
2036	185
2037	206
2038	183
2039	175
2040	212
2041	156
2042	178
2043	161
2044	169
2045	158
2046	205
2047	182
2048	178
2049	177
2050	164
2051	172
2052	156
2053	169
2054	170
2055	172
2056	174
2057	146
2058	177
2059	166
2060	133
2061	187
2062	162
2063	136
2064	162
2065	141
2066	160
2067	144
2068	140
2069	148
2070	112
2071	154
2072	139
2073	136
2074	128
2075	149
2076	135
2077	129
2078	119
2079	133
2080	135
2081	123
2082	124
2083	127
2084	110
2085	117
2086	142
2087	121
2088	137
2089	136
2090	128
2091	113
2092	118
2093	107
2094	108
2095	115
2096	134
2097	93
2098	113
2099	110
2100	125
2101	100
2102	111
2103	98
2104	105
2105	87
2106	94
2107	109
2108	104
2109	110
2110	97
2111	100
2112	99
2113	114
2114	101
2115	77
2116	86
2117	91
2118	92
2119	117
2120	90
2121	75
2122	106
2123	96
2124	84
2125	83
2126	85
2127	101
2128	97
2129	84
2130	75
2131	95
2132	72
2133	92
2134	67
2135	76
2136	68
2137	71
2138	84
2139	87
2140	66
2141	71
2142	76
2143	60
2144	69
2145	77
2146	71
2147	62
2148	67
2149	62
2150	74
2151	73
2152	47
2153	62
2154	71
2155	66
2156	66
2157	67
2158	53
2159	70
2160	59
2161	53
2162	62
2163	44
2164	54
2165	59
2166	61
2167	56
2168	52
2169	60
2170	54
2171	61
2172	52
2173	55
2174	42
2175	50
2176	46
2177	63
2178	49
2179	44
2180	55
2181	43
2182	39
2183	41
2184	51
2185	46
2186	31
2187	48
2188	53
2189	41
2190	65
2191	39
2192	38
2193	49
2194	36
2195	35
2196	42
2197	33
2198	36
2199	32
2200	36
2201	41
2202	28
2203	29
2204	33
2205	23
2206	31
2207	31
2208	35
2209	24
2210	27
2211	34
2212	25
2213	23
2214	31
2215	31
2216	24
2217	22
2218	12
2219	17
2220	27
2221	29
2222	20
2223	31
2224	20
2225	30
2226	30
2227	24
2228	26
2229	24
2230	16
2231	28
2232	19
2233	31
2234	21
2235	22
2236	19
2237	28
2238	26
2239	20
2240	29
2241	15
2242	19
2243	22
2244	21
2245	21
2246	14
2247	14
2248	14
2249	16
2250	16
2251	20
2252	17
2253	21
2254	14
2255	20
2256	13
2257	12
2258	14
2259	13
2260	18
2261	13
2262	13
2263	21
2264	15
2265	19
2266	24
2267	16
2268	13
2269	13
2270	17
2271	12
2272	14
2273	16
2274	16
2275	19
2276	13
2277	13
2278	13
2279	12
2280	9
2281	11
2282	14
2283	10
2284	12
2285	12
2286	6
2287	13
2288	9
2289	11
2290	12
2291	9
2292	12
2293	6
2294	16
2295	11
2296	12
2297	7
2298	14
2299	8
2300	4
2301	12
2302	16
2303	11
2304	13
2305	12
2306	6
2307	10
2308	4
2309	15
2310	6
2311	10
2312	8
2313	8
2314	5
2315	6
2316	12
2317	7
2318	12
2319	15
2320	10
2321	9
2322	9
2323	9
2324	6
2325	4
2326	7
2327	7
2328	5
2329	7
2330	10
2331	9
2332	4
2333	6
2334	4
2335	7
2336	9
2337	4
2338	4
2339	3
2340	5
2341	2
2342	8
2343	4
2344	3
2345	11
2346	4
2347	12
2348	5
2349	5
2350	5
2351	8
2352	4
2353	6
2354	3
2355	4
2356	3
2357	7
2358	4
2359	3
2360	8
2361	5
2362	6
2363	2
2364	9
2365	4
2366	6
2367	2
2368	7
2369	7
2370	6
2371	4
2372	7
2373	6
2374	7
2375	6
2376	6
2377	11
2378	4
2379	10
2380	10
2381	6
2382	9
2383	5
2384	8
2385	3
2386	8
2387	9
2388	6
2389	10
2390	2
2391	3
2392	10
2393	7
2394	9
2395	9
2396	5
2397	6
2398	7
2399	5
2400	3
2401	4
2402	4
2403	6
2404	11
2405	11
2406	5
2407	8
2408	8
2409	10
2410	9
2411	11
2412	13
2413	7
2414	13
2415	4
2416	9
2417	8
2418	9
2419	12
2420	13
2421	9
2422	12
2423	6
2424	14
2425	12
2426	17
2427	12
2428	17
2429	9
2430	14
2431	11
2432	14
2433	20
2434	15
2435	17
2436	13
2437	14
2438	16
2439	12
2440	18
2441	14
2442	19
2443	13
2444	17
2445	18
2446	20
2447	18
2448	18
2449	16
2450	24
2451	25
2452	19
2453	11
2454	21
2455	19
2456	22
2457	25
2458	28
2459	18
2460	25
2461	36
2462	20
2463	25
2464	23
2465	21
2466	35
2467	33
2468	27
2469	35
2470	34
2471	26
2472	25
2473	36
2474	30
2475	34
2476	43
2477	40
2478	29
2479	39
2480	36
2481	46
2482	36
2483	45
2484	47
2485	57
2486	42
2487	50
2488	56
2489	44
2490	41
2491	58
2492	51
2493	47
2494	55
2495	61
2496	58
2497	58
2498	59
2499	59
2500	52
2501	70
2502	80
2503	68
2504	67
2505	81
2506	80
2507	66
2508	79
2509	77
2510	83
2511	76
2512	83
2513	87
2514	102
2515	75
2516	89
2517	95
2518	87
2519	83
2520	92
2521	105
2522	94
2523	108
2524	86
2525	110
2526	123
2527	107
2528	117
2529	93
2530	101
2531	107
2532	100
2533	106
2534	139
2535	150
2536	138
2537	153
2538	155
2539	133
2540	133
2541	150
2542	147
2543	146
2544	144
2545	136
2546	155
2547	157
2548	163
2549	164
2550	168
2551	177
2552	168
2553	176
2554	183
2555	167
2556	173
2557	190
2558	189
2559	220
2560	186
2561	198
2562	164
2563	194
2564	171
2565	201
2566	193
2567	198
2568	189
2569	195
2570	207
2571	172
2572	216
2573	229
2574	227
2575	204
2576	238
2577	223
2578	230
2579	215
2580	214
2581	207
2582	216
2583	222
2584	218
2585	205
2586	223
2587	237
2588	219
2589	234
2590	263
2591	209
2592	226
2593	234
2594	278
2595	225
2596	258
2597	248
2598	242
2599	246
2600	263
2601	272
2602	253
2603	285
2604	219
2605	247
2606	270
2607	251
2608	254
2609	252
2610	231
2611	228
2612	262
2613	262
2614	249
2615	268
2616	251
2617	247
2618	281
2619	236
2620	263
2621	277
2622	231
2623	245
2624	243
2625	259
2626	252
2627	232
2628	240
2629	255
2630	253
2631	270
2632	228
2633	261
2634	220
2635	272
2636	239
2637	268
2638	249
2639	238
2640	255
2641	244
2642	251
2643	236
2644	263
2645	219
2646	230
2647	247
2648	248
2649	227
2650	245
2651	267
2652	249
2653	246
2654	238
2655	220
2656	232
2657	239
2658	234
2659	222
2660	209
2661	217
2662	215
2663	222
2664	226
2665	226
2666	198
2667	203
2668	216
2669	221
2670	228
2671	221
2672	181
2673	204
2674	192
2675	230
2676	190
2677	202
2678	198
2679	203
2680	191
2681	198
2682	184
2683	180
2684	162
2685	192
2686	209
2687	177
2688	207
2689	165
2690	151
2691	168
2692	176
2693	160
2694	181
2695	152
2696	167
2697	158
2698	173
2699	179
2700	157
2701	153
2702	172
2703	177
2704	156
2705	139
2706	175
2707	150
2708	172
2709	159
2710	138
2711	158
2712	140
2713	159
2714	159
2715	160
2716	145
2717	132
2718	152
2719	140
2720	127
2721	122
2722	119
2723	127
2724	154
2725	137
2726	146
2727	120
2728	159
2729	134
2730	126
2731	129
2732	119
2733	126
2734	130
2735	130
2736	125
2737	105
2738	102
2739	126
2740	112
2741	114
2742	101
2743	116
2744	117
2745	115
2746	105
2747	109
2748	91
2749	104
2750	94
2751	111
2752	90
2753	95
2754	113
2755	109
2756	79
2757	102
2758	118
2759	106
2760	108
2761	94
2762	101
2763	94
2764	82
2765	91
2766	88
2767	93
2768	90
2769	78
2770	65
2771	61
2772	84
2773	78
2774	91
2775	85
2776	79
2777	83
2778	86
2779	73
2780	75
2781	87
2782	73
2783	64
2784	68
2785	85
2786	75
2787	69
2788	65
2789	65
2790	73
2791	61
2792	71
2793	64
2794	55
2795	68
2796	62
2797	60
2798	77
2799	64
2800	68
2801	57
2802	58
2803	72
2804	55
2805	58
2806	54
2807	44
2808	41
2809	56
2810	49
2811	51
2812	56
2813	40
2814	53
2815	53
2816	39
2817	52
2818	51
2819	55
2820	41
2821	40
2822	47
2823	50
2824	40
2825	47
2826	42
2827	44
2828	46
2829	41
2830	36
2831	46
2832	40
2833	45
2834	36
2835	36
2836	47
2837	43
2838	47
2839	39
2840	36
2841	36
2842	30
2843	28
2844	37
2845	38
2846	27
2847	37
2848	35
2849	28
2850	31
2851	36
2852	21
2853	33
2854	23
2855	35
2856	36
2857	28
2858	28
2859	41
2860	38
2861	31
2862	28
2863	18
2864	26
2865	22
2866	23
2867	26
2868	23
2869	24
2870	30
2871	21
2872	33
2873	18
2874	30
2875	18
2876	24
2877	23
2878	19
2879	21
2880	21
2881	23
2882	22
2883	20
2884	27
2885	20
2886	15
2887	24
2888	26
2889	18
2890	19
2891	19
2892	18
2893	24
2894	20
2895	26
2896	12
2897	18
2898	15
2899	20
2900	20
2901	25
2902	28
2903	16
2904	10
2905	14
2906	17
2907	9
2908	17
2909	22
2910	16
2911	22
2912	18
2913	16
2914	20
2915	18
2916	18
2917	13
2918	21
2919	13
2920	12
2921	10
2922	11
2923	15
2924	13
2925	11
2926	17
2927	10
2928	7
2929	19
2930	6
2931	8
2932	10
2933	13
2934	14
2935	13
2936	15
2937	6
2938	12
2939	11
2940	9
2941	18
2942	14
2943	14
2944	16
2945	8
2946	14
2947	13
2948	7
2949	9
2950	7
2951	5
2952	12
2953	5
2954	12
2955	7
2956	12
2957	8
2958	8
2959	10
2960	10
2961	13
2962	11
2963	7
2964	9
2965	9
2966	8
2967	12
2968	13
2969	9
2970	13
2971	7
2972	8
2973	6
2974	6
2975	9
2976	5
2977	8
2978	8
2979	5
2980	5
2981	9
2982	7
2983	10
2984	10
2985	7
2986	7
2987	7
2988	11
2989	15
2990	7
2991	13
2992	7
2993	8
2994	7
2995	10
2996	7
2997	14
2998	13
2999	6
3000	11
3001	19
3002	17
3003	11
3004	4
3005	16
3006	12
3007	12
3008	11
3009	10
3010	18
3011	10
3012	10
3013	3
3014	10
3015	19
3016	16
3017	8
3018	12
3019	13
3020	8
3021	7
3022	14
3023	11
3024	14
3025	15
3026	14
3027	16
3028	14
3029	9
3030	16
3031	20
3032	14
3033	23
3034	15
3035	19
3036	16
3037	18
3038	10
3039	9
3040	21
3041	15
3042	22
3043	20
3044	22
3045	20
3046	26
3047	13
3048	27
3049	9
3050	12
3051	21
3052	28
3053	24
3054	30
3055	19
3056	22
3057	24
3058	30
3059	27
3060	29
3061	31
3062	30
3063	24
3064	30
3065	36
3066	27
3067	32
3068	21
3069	32
3070	24
3071	37
3072	26
3073	45
3074	35
3075	36
3076	34
3077	31
3078	40
3079	42
3080	40
3081	38
3082	45
3083	37
3084	40
3085	48
3086	64
3087	45
3088	52
3089	50
3090	55
3091	62
3092	51
3093	44
3094	67
3095	49
3096	66
3097	60
3098	65
3099	73
3100	63
3101	56
3102	66
3103	69
3104	85
3105	71
3106	82
3107	75
3108	83
3109	84
3110	82
3111	72
3112	83
3113	80
3114	98
3115	86
3116	89
3117	92
3118	94
3119	83
3120	95
3121	98
3122	101
3123	112
3124	113
3125	83
3126	102
3127	133
3128	135
3129	123
3130	123
3131	117
3132	144
3133	127
3134	108
3135	154
3136	154
3137	146
3138	151
3139	127
3140	141
3141	152
3142	142
3143	151
3144	157
3145	133
3146	144
3147	153
3148	137
3149	147
3150	143
3151	175
3152	171
3153	177
3154	156
3155	175
3156	148
3157	175
3158	178
3159	171
3160	198
3161	182
3162	188
3163	192
3164	205
3165	177
3166	212
3167	183
3168	187
3169	186
3170	220
3171	210
3172	194
3173	191
3174	230
3175	198
3176	223
3177	196
3178	196
3179	186
3180	226
3181	230
3182	214
3183	200
3184	228
3185	206
3186	228
3187	240
3188	243
3189	222
3190	231
3191	253
3192	222
3193	247
3194	229
3195	216
3196	218
3197	223
3198	270
3199	250
3200	250
3201	226
3202	216
3203	250
3204	226
3205	228
3206	226
3207	232
3208	243
3209	265
3210	283
3211	249
3212	226
3213	233
3214	248
3215	222
3216	255
3217	244
3218	243
3219	244
3220	268
3221	248
3222	279
3223	254
3224	235
3225	259
3226	278
3227	260
3228	234
3229	249
3230	258
3231	262
3232	243
3233	248
3234	252
3235	238
3236	257
3237	236
3238	237
3239	269
3240	236
3241	261
3242	233
3243	237
3244	236
3245	245
3246	218
3247	246
3248	228
3249	242
3250	246
3251	228
3252	215
3253	210
3254	246
3255	244
3256	233
3257	233
3258	216
3259	202
3260	220
3261	221
3262	202
3263	217
3264	230
3265	200
3266	234
3267	212
3268	209
3269	199
3270	218
3271	203
3272	197
3273	191
3274	211
3275	192
3276	214
3277	187
3278	184
3279	186
3280	171
3281	196
3282	186
3283	183
3284	174
3285	211
3286	174
3287	199
3288	169
3289	168
3290	202
3291	188
3292	177
3293	192
3294	173
3295	156
3296	167
3297	164
3298	169
3299	168
3300	158
3301	153
3302	168
3303	162
3304	147
3305	170
3306	155
3307	159
3308	149
3309	144
3310	138
3311	158
3312	158
3313	153
3314	154
3315	154
3316	147
3317	165
3318	161
3319	139
3320	121
3321	131
3322	139
3323	141
3324	125
3325	119
3326	123
3327	144
3328	120
3329	157
3330	141
3331	122
3332	138
3333	116
3334	109
3335	123
3336	121
3337	131
3338	128
3339	109
3340	119
3341	122
3342	97
3343	117
3344	95
3345	106
3346	119
3347	118
3348	102
3349	116
3350	97
3351	103
3352	114
3353	110
3354	80
3355	90
3356	115
3357	97
3358	106
3359	94
3360	99
3361	99
3362	83
3363	85
3364	95
3365	71
3366	108
3367	77
3368	75
3369	88
3370	100
3371	69
3372	99
3373	78
3374	92
3375	81
3376	97
3377	73
3378	90
3379	86
3380	75
3381	77
3382	83
3383	91
3384	80
3385	78
3386	61
3387	73
3388	76
3389	83
3390	70
3391	71
3392	57
3393	63
3394	77
3395	70
3396	80
3397	63
3398	71
3399	71
3400	56
3401	70
3402	68
3403	69
3404	48
3405	55
3406	64
3407	58
3408	67
3409	52
3410	55
3411	55
3412	39
3413	68
3414	62
3415	51
3416	45
3417	52
3418	52
3419	55
3420	57
3421	49
3422	56
3423	46
3424	37
3425	65
3426	46
3427	41
3428	37
3429	44
3430	39
3431	41
3432	41
3433	34
3434	41
3435	50
3436	40
3437	46
3438	38
3439	43
3440	46
3441	30
3442	33
3443	39
3444	30
3445	46
3446	43
3447	34
3448	37
3449	22
3450	32
3451	40
3452	30
3453	34
3454	36
3455	30
3456	28
3457	35
3458	32
3459	28
3460	31
3461	25
3462	32
3463	30
3464	33
3465	28
3466	29
3467	19
3468	24
3469	19
3470	28
3471	41
3472	34
3473	36
3474	29
3475	27
3476	25
3477	27
3478	22
3479	16
3480	20
3481	30
3482	21
3483	32
3484	20
3485	19
3486	20
3487	18
3488	21
3489	19
3490	24
3491	27
3492	23
3493	19
3494	19
3495	21
3496	22
3497	23
3498	11
3499	22
3500	14
3501	20
3502	23
3503	17
3504	15
3505	20
3506	16
3507	17
3508	16
3509	16
3510	17
3511	11
3512	22
3513	19
3514	13
3515	17
3516	12
3517	21
3518	16
3519	15
3520	13
3521	13
3522	12
3523	14
3524	9
3525	6
3526	14
3527	14
3528	12
3529	15
3530	14
3531	17
3532	16
3533	13
3534	7
3535	11
3536	15
3537	5
3538	10
3539	12
3540	10
3541	13
3542	16
3543	7
3544	16
3545	11
3546	10
3547	11
3548	15
3549	10
3550	7
3551	10
3552	9
3553	11
3554	8
3555	10
3556	12
3557	9
3558	15
3559	7
3560	10
3561	4
3562	9
3563	9
3564	12
3565	11
3566	9
3567	9
3568	12
3569	9
3570	8
3571	5
3572	7
3573	11
3574	8
3575	9
3576	6
3577	7
3578	11
3579	4
3580	5
3581	12
3582	6
3583	6
3584	7
3585	4
3586	9
3587	7
3588	6
3589	7
3590	5
3591	6
3592	7
3593	3
3594	11
3595	11
3596	14
3597	5
3598	11
3599	7
3600	9
3601	6
3602	12
3603	8
3604	11
3605	8
3606	3
3607	7
3608	5
3609	11
3610	3
3611	8
3612	10
3613	7
3614	10
3615	7
3616	10
3617	11
3618	1
3619	7
3620	12
3621	8
3622	7
3623	12
3624	9
3625	12
3626	10
3627	9
3628	7
3629	9
3630	6
3631	10
3632	14
3633	7
3634	10
3635	10
3636	11
3637	8
3638	8
3639	8
3640	9
3641	11
3642	8
3643	9
3644	12
3645	11
3646	8
3647	12
3648	15
3649	16
3650	16
3651	11
3652	7
3653	12
3654	9
3655	11
3656	13
3657	9
3658	17
3659	10
3660	10
3661	16
3662	14
3663	13
3664	9
3665	17
3666	16
3667	19
3668	16
3669	18
3670	11
3671	20
3672	20
3673	15
3674	15
3675	20
3676	22
3677	17
3678	22
3679	19
3680	19
3681	18
3682	29
3683	28
3684	30
3685	25
3686	21
3687	27
3688	24
3689	23
3690	25
3691	28
3692	32
3693	37
3694	22
3695	29
3696	27
3697	33
3698	30
3699	35
3700	27
3701	28
3702	37
3703	40
3704	37
3705	24
3706	49
3707	32
3708	41
3709	44
3710	42
3711	39
3712	40
3713	41
3714	42
3715	48
3716	51
3717	41
3718	54
3719	56
3720	58
3721	56
3722	66
3723	70
3724	63
3725	50
3726	57
3727	69
3728	65
3729	75
3730	63
3731	71
3732	69
3733	57
3734	84
3735	71
3736	74
3737	63
3738	75
3739	75
3740	83
3741	73
3742	89
3743	83
3744	91
3745	95
3746	95
3747	91
3748	104
3749	89
3750	89
3751	101
3752	108
3753	114
3754	122
3755	118
3756	110
3757	123
3758	133
3759	118
3760	134
3761	142
3762	142
3763	142
3764	154
3765	125
3766	124
3767	143
3768	123
3769	145
3770	139
3771	154
3772	155
3773	126
3774	149
3775	184
3776	167
3777	165
3778	209
3779	158
3780	177
3781	150
3782	176
3783	173
3784	165
3785	189
3786	185
3787	165
3788	188
3789	190
3790	181
3791	208
3792	208
3793	205
3794	179
3795	192
3796	212
3797	211
3798	204
3799	215
3800	215
3801	223
3802	215
3803	216
3804	238
3805	204
3806	234
3807	199
3808	219
3809	242
3810	238
3811	227
3812	230
3813	228
3814	230
3815	234
3816	264
3817	229
3818	272
3819	257
3820	247
3821	249
3822	237
3823	258
3824	252
3825	273
3826	250
3827	242
3828	239
3829	217
3830	266
3831	234
3832	249
3833	234
3834	243
3835	278
3836	237
3837	263
3838	251
3839	249
3840	235
3841	248
3842	242
3843	271
3844	231
3845	238
3846	253
3847	240
3848	226
3849	241
3850	224
3851	273
3852	258
3853	263
3854	220
3855	272
3856	243
3857	260
3858	255
3859	232
3860	235
3861	273
3862	265
3863	248
3864	267
3865	268
3866	263
3867	233
3868	220
3869	236
3870	241
3871	234
3872	245
3873	252
3874	248
3875	241
3876	206
3877	234
3878	242
3879	251
3880	218
3881	238
3882	232
3883	228
3884	215
3885	206
3886	215
3887	225
3888	219
3889	231
3890	218
3891	214
3892	203
3893	223
3894	202
3895	235
3896	186
3897	187
3898	200
3899	219
3900	175
3901	190
3902	193
3903	187
3904	187
3905	183
3906	200
3907	195
3908	203
3909	202
3910	179
3911	190
3912	175
3913	159
3914	206
3915	195
3916	170
3917	213
3918	196
3919	144
3920	193
3921	199
3922	159
3923	175
3924	160
3925	178
3926	138
3927	151
3928	159
3929	146
3930	191
3931	154
3932	145
3933	147
3934	164
3935	138
3936	185
3937	146
3938	139
3939	167
3940	154
3941	142
3942	143
3943	139
3944	158
3945	133
3946	128
3947	117
3948	145
3949	149
3950	162
3951	131
3952	110
3953	121
3954	126
3955	130
3956	126
3957	128
3958	120
3959	111
3960	138
3961	115
3962	107
3963	122
3964	127
3965	118
3966	129
3967	117
3968	111
3969	138
3970	110
3971	107
3972	105
3973	106
3974	114
3975	123
3976	113
3977	106
3978	96
3979	93
3980	99
3981	97
3982	114
3983	97
3984	99
3985	88
3986	80
3987	94
3988	93
3989	78
3990	84
3991	92
3992	97
3993	81
3994	78
3995	101
3996	102
3997	78
3998	77
3999	85
4000	87
4001	98
4002	95
4003	86
4004	78
4005	81
4006	75
4007	77
4008	70
4009	76
4010	79
4011	72
4012	83
4013	55
4014	87
4015	83
4016	66
4017	56
4018	59
4019	71
4020	77
4021	64
4022	56
4023	57
4024	59
4025	62
4026	76
4027	74
4028	63
4029	55
4030	52
4031	59
4032	75
4033	55
4034	52
4035	68
4036	49
4037	49
4038	53
4039	42
4040	54
4041	37
4042	47
4043	31
4044	47
4045	40
4046	51
4047	46
4048	47
4049	44
4050	46
4051	36
4052	56
4053	49
4054	52
4055	40
4056	51
4057	46
4058	41
4059	42
4060	44
4061	26
4062	37
4063	41
4064	36
4065	37
4066	35
4067	28
4068	38
4069	30
4070	47
4071	30
4072	37
4073	45
4074	30
4075	32
4076	25
4077	35
4078	33
4079	37
4080	33
4081	43
4082	33
4083	30
4084	34
4085	29
4086	22
4087	31
4088	26
4089	31
4090	25
4091	25
4092	38
4093	15
4094	39
4095	26
4096	22
4097	34
4098	30
4099	22
4100	21
4101	17
4102	22
4103	19
4104	25
4105	24
4106	29
4107	13
4108	22
4109	26
4110	20
4111	23
4112	20
4113	20
4114	18
4115	16
4116	15
4117	22
4118	18
4119	23
4120	22
4121	9
4122	20
4123	15
4124	17
4125	19
4126	17
4127	19
4128	20
4129	21
4130	16
4131	21
4132	15
4133	16
4134	16
4135	16
4136	8
4137	16
4138	22
4139	16
4140	4
4141	16
4142	10
4143	15
4144	8
4145	20
4146	17
4147	15
4148	10
4149	11
4150	7
4151	13
4152	13
4153	9
4154	7
4155	16
4156	12
4157	10
4158	16
4159	13
4160	8
4161	10
4162	13
4163	21
4164	4
4165	10
4166	7
4167	11
4168	14
4169	6
4170	4
4171	11
4172	13
4173	13
4174	12
4175	7
4176	9
4177	5
4178	10
4179	6
4180	6
4181	11
4182	8
4183	8
4184	5
4185	6
4186	7
4187	10
4188	5
4189	9
4190	11
4191	10
4192	8
4193	7
4194	13
4195	7
4196	11
4197	8
4198	8
4199	8
4200	6
4201	8
4202	7
4203	6
4204	5
4205	5
4206	12
4207	2
4208	6
4209	9
4210	10
4211	6
4212	8
4213	11
4214	12
4215	8
4216	6
4217	9
4218	11
4219	5
4220	8
4221	5
4222	10
4223	8
4224	6
4225	5
4226	5
4227	3
4228	10
4229	12
4230	6
4231	11
4232	9
4233	9
4234	6
4235	5
4236	7
4237	11
4238	8
4239	6
4240	6
4241	5
4242	15
4243	12
4244	7
4245	3
4246	9
4247	8
4248	16
4249	9
4250	9
4251	7
4252	3
4253	8
4254	11
4255	9
4256	9
4257	9
4258	10
4259	8
4260	4
4261	11
4262	10
4263	12
4264	6
4265	5
4266	15
4267	5
4268	12
4269	12
4270	12
4271	14
4272	13
4273	10
4274	14
4275	12
4276	13
4277	13
4278	14
4279	19
4280	8
4281	15
4282	15
4283	10
4284	12
4285	17
4286	10
4287	14
4288	13
4289	26
4290	15
4291	14
4292	11
4293	16
4294	17
4295	17
4296	15
4297	16
4298	23
4299	15
4300	27
4301	17
4302	16
4303	18
4304	19
4305	32
4306	20
4307	21
4308	22
4309	16
4310	17
4311	21
4312	25
4313	22
4314	37
4315	26
4316	28
4317	20
4318	25
4319	25
4320	31
4321	29
4322	33
4323	42
4324	36
4325	37
4326	37
4327	54
4328	38
4329	41
4330	62
4331	45
4332	36
4333	46
4334	51
4335	51
4336	47
4337	50
4338	37
4339	50
4340	50
4341	51
4342	47
4343	59
4344	54
4345	58
4346	52
4347	49
4348	62
4349	55
4350	58
4351	70
4352	51
4353	53
4354	71
4355	79
4356	59
4357	73
4358	66
4359	88
4360	78
4361	75
4362	85
4363	82
4364	80
4365	76
4366	95
4367	101
4368	94
4369	98
4370	100
4371	106
4372	115
4373	121
4374	92
4375	107
4376	121
4377	120
4378	112
4379	112
4380	118
4381	127
4382	110
4383	132
4384	127
4385	155
4386	140
4387	122
4388	115
4389	121
4390	163
4391	131
4392	151
4393	135
4394	182
4395	165
4396	145
4397	159
4398	166
4399	163
4400	145
4401	151
4402	167
4403	177
4404	176
4405	154
4406	175
4407	174
4408	176
4409	175
4410	182
4411	159
4412	190
4413	167
4414	178
4415	160
4416	176
4417	230
4418	189
4419	200
4420	220
4421	192
4422	199
4423	213
4424	232
4425	197
4426	243
4427	204
4428	205
4429	238
4430	214
4431	211
4432	256
4433	222
4434	249
4435	253
4436	222
4437	198
4438	230
4439	253
4440	241
4441	248
4442	254
4443	245
4444	243
4445	227
4446	226
4447	234
4448	275
4449	246
4450	234
4451	223
4452	244
4453	257
4454	251
4455	251
4456	255
4457	279
4458	275
4459	244
4460	253
4461	238
4462	235
4463	245
4464	233
4465	225
4466	260
4467	273
4468	239
4469	257
4470	267
4471	240
4472	229
4473	250
4474	237
4475	215
4476	238
4477	237
4478	236
4479	244
4480	256
4481	249
4482	207
4483	238
4484	226
4485	256
4486	237
4487	230
4488	213
4489	243
4490	204
4491	242
4492	227
4493	215
4494	230
4495	220
4496	220
4497	251
4498	223
4499	222
4500	245
4501	227
4502	239
4503	231
4504	192
4505	237
4506	197
4507	206
4508	218
4509	207
4510	211
4511	195
4512	212
4513	204
4514	211
4515	189
4516	206
4517	215
4518	194
4519	175
4520	186
4521	202
4522	202
4523	220
4524	181
4525	185
4526	220
4527	175
4528	196
4529	176
4530	206
4531	187
4532	163
4533	188
4534	154
4535	191
4536	174
4537	207
4538	182
4539	193
4540	187
4541	167
4542	163
4543	163
4544	161
4545	167
4546	163
4547	164
4548	142
4549	161
4550	155
4551	151
4552	153
4553	144
4554	138
4555	142
4556	138
4557	156
4558	150
4559	152
4560	144
4561	144
4562	147
4563	120
4564	154
4565	136
4566	154
4567	118
4568	142
4569	131
4570	134
4571	133
4572	117
4573	138
4574	127
4575	127
4576	116
4577	129
4578	119
4579	122
4580	120
4581	87
4582	135
4583	129
4584	134
4585	112
4586	102
4587	117
4588	99
4589	104
4590	101
4591	95
4592	113
4593	100
4594	116
4595	123
4596	131
4597	106
4598	81
4599	110
4600	106
4601	107
4602	92
4603	89
4604	85
4605	95
4606	80
4607	108
4608	91
4609	101
4610	87
4611	83
4612	79
4613	84
4614	83
4615	80
4616	84
4617	92
4618	66
4619	91
4620	91
4621	65
4622	73
4623	73
4624	76
4625	104
4626	77
4627	90
4628	79
4629	72
4630	71
4631	71
4632	75
4633	59
4634	87
4635	73
4636	63
4637	77
4638	71
4639	66
4640	68
4641	79
4642	59
4643	82
4644	66
4645	54
4646	63
4647	59
4648	55
4649	55
4650	75
4651	54
4652	66
4653	62
4654	63
4655	55
4656	57
4657	61
4658	62
4659	48
4660	49
4661	59
4662	48
4663	53
4664	55
4665	59
4666	68
4667	33
4668	37
4669	46
4670	53
4671	50
4672	63
4673	36
4674	57
4675	48
4676	48
4677	41
4678	51
4679	47
4680	40
4681	46
4682	37
4683	35
4684	47
4685	31
4686	35
4687	36
4688	36
4689	42
4690	40
4691	44
4692	47
4693	48
4694	34
4695	31
4696	36
4697	36
4698	38
4699	38
4700	38
4701	44
4702	38
4703	33
4704	34
4705	32
4706	30
4707	35
4708	28
4709	21
4710	30
4711	30
4712	23
4713	22
4714	24
4715	22
4716	23
4717	30
4718	23
4719	30
4720	24
4721	21
4722	25
4723	16
4724	24
4725	25
4726	34
4727	21
4728	32
4729	21
4730	23
4731	19
4732	19
4733	21
4734	28
4735	20
4736	20
4737	14
4738	25
4739	24
4740	18
4741	19
4742	8
4743	18
4744	20
4745	17
4746	21
4747	17
4748	21
4749	17
4750	16
4751	11
4752	11
4753	15
4754	19
4755	18
4756	19
4757	15
4758	17
4759	18
4760	22
4761	12
4762	8
4763	12
4764	12
4765	15
4766	17
4767	13
4768	14
4769	22
4770	8
4771	14
4772	9
4773	11
4774	17
4775	11
4776	8
4777	8
4778	15
4779	8
4780	17
4781	9
4782	10
4783	20
4784	15
4785	17
4786	14
4787	7
4788	9
4789	8
4790	11
4791	11
4792	11
4793	17
4794	10
4795	6
4796	4
4797	11
4798	11
4799	9
4800	7
4801	8
4802	10
4803	5
4804	8
4805	10
4806	9
4807	5
4808	10
4809	16
4810	6
4811	12
4812	7
4813	10
4814	6
4815	10
4816	6
4817	6
4818	9
4819	11
4820	10
4821	9
4822	8
4823	8
4824	9
4825	5
4826	7
4827	11
4828	7
4829	12
4830	7
4831	6
4832	8
4833	11
4834	6
4835	11
4836	7
4837	4
4838	8
4839	6
4840	10
4841	7
4842	5
4843	10
4844	4
4845	6
4846	6
4847	7
4848	6
4849	8
4850	5
4851	9
4852	4
4853	9
4854	6
4855	10
4856	6
4857	9
4858	6
4859	5
4860	5
4861	7
4862	8
4863	10
4864	15
4865	9
4866	7
4867	7
4868	9
4869	3
4870	7
4871	4
4872	8
4873	8
4874	10
4875	6
4876	4
4877	13
4878	5
4879	4
4880	11
4881	6
4882	10
4883	5
4884	10
4885	8
4886	7
4887	12
4888	6
4889	9
4890	14
4891	15
4892	8
4893	5
4894	11
4895	10
4896	11
4897	8
4898	6
4899	11
4900	12
4901	9
4902	17
4903	19
4904	9
4905	8
4906	6
4907	4
4908	14
4909	6
4910	9
4911	6
4912	8
4913	13
4914	15
4915	6
4916	13
4917	17
4918	10
4919	13
4920	15
4921	10
4922	9
4923	15
4924	12
4925	14
4926	16
4927	7
4928	19
4929	16
4930	11
4931	14
4932	23
4933	18
4934	14
4935	23
4936	20
4937	26
4938	22
4939	23
4940	18
4941	21
4942	19
4943	22
4944	19
4945	31
4946	19
4947	22
4948	30
4949	25
4950	31
4951	30
4952	29
4953	24
4954	18
4955	28
4956	29
4957	32
4958	29
4959	25
4960	27
4961	28
4962	24
4963	37
4964	41
4965	36
4966	37
4967	48
4968	28
4969	32
4970	50
4971	45
4972	43
4973	43
4974	42
4975	39
4976	52
4977	41
4978	57
4979	50
4980	63
4981	45
4982	52
4983	67
4984	47
4985	61
4986	60
4987	77
4988	60
4989	56
4990	77
4991	51
4992	63
4993	67
4994	75
4995	63
4996	64
4997	78
4998	81
4999	74
5000	72
5001	86
5002	84
5003	89
5004	95
5005	93
5006	111
5007	104
5008	106
5009	96
5010	98
5011	92
5012	107
5013	100
5014	95
5015	109
5016	100
5017	114
5018	120
5019	106
5020	108
5021	118
5022	126
5023	135
5024	137
5025	141
5026	146
5027	123
5028	149
5029	142
5030	138
5031	145
5032	144
5033	162
5034	168
5035	154
5036	156
5037	166
5038	147
5039	161
5040	182
5041	152
5042	160
5043	145
5044	167
5045	171
5046	183
5047	168
5048	157
5049	213
5050	192
5051	198
5052	195
5053	201
5054	178
5055	201
5056	201
5057	206
5058	196
5059	205
5060	234
5061	187
5062	206
5063	182
5064	200
5065	191
5066	237
5067	232
5068	235
5069	214
5070	217
5071	233
5072	212
5073	218
5074	223
5075	222
5076	240
5077	235
5078	229
5079	248
5080	242
5081	265
5082	218
5083	235
5084	253
5085	286
5086	243
5087	221
5088	243
5089	256
5090	237
5091	246
5092	245
5093	269
5094	222
5095	268
5096	268
5097	251
5098	230
5099	227
5100	293
5101	250
5102	224
5103	249
5104	267
5105	257
5106	250
5107	270
5108	244
5109	270
5110	243
5111	248
5112	249
5113	220
5114	252
5115	239
5116	242
5117	256
5118	232
5119	251
5120	240
5121	273
5122	264
5123	269
5124	267
5125	210
5126	234
5127	272
5128	232
5129	234
5130	250
5131	250
5132	259
5133	258
5134	222
5135	231
5136	239
5137	241
5138	233
5139	231
5140	200
5141	234
5142	226
5143	215
5144	221
5145	218
5146	220
5147	208
5148	242
5149	213
5150	233
5151	237
5152	207
5153	188
5154	203
5155	214
5156	224
5157	217
5158	220
5159	223
5160	186
5161	220
5162	217
5163	241
5164	178
5165	183
5166	176
5167	222
5168	187
5169	204
5170	204
5171	221
5172	191
5173	192
5174	181
5175	195
5176	172
5177	180
5178	181
5179	213
5180	176
5181	151
5182	162
5183	157
5184	161
5185	158
5186	159
5187	189
5188	151
5189	162
5190	171
5191	165
5192	170
5193	162
5194	146
5195	150
5196	126
5197	159
5198	150
5199	153
5200	163
5201	144
5202	153
5203	172
5204	163
5205	155
5206	164
5207	143
5208	152
5209	138
5210	130
5211	133
5212	129
5213	136
5214	150
5215	140
5216	103
5217	126
5218	132
5219	120
5220	138
5221	127
5222	121
5223	106
5224	107
5225	141
5226	114
5227	125
5228	122
5229	130
5230	123
5231	102
5232	115
5233	114
5234	111
5235	107
5236	107
5237	92
5238	126
5239	99
5240	112
5241	99
5242	116
5243	100
5244	98
5245	105
5246	107
5247	90
5248	97
5249	104
5250	112
5251	80
5252	95
5253	96
5254	97
5255	88
5256	100
5257	84
5258	98
5259	86
5260	92
5261	78
5262	81
5263	72
5264	85
5265	79
5266	73
5267	83
5268	80
5269	72
5270	98
5271	69
5272	67
5273	57
5274	78
5275	76
5276	67
5277	84
5278	73
5279	62
5280	74
5281	86
5282	62
5283	72
5284	71
5285	52
5286	77
5287	68
5288	67
5289	72
5290	45
5291	67
5292	57
5293	69
5294	65
5295	54
5296	44
5297	58
5298	50
5299	58
5300	57
5301	55
5302	55
5303	59
5304	54
5305	51
5306	61
5307	58
5308	46
5309	47
5310	57
5311	62
5312	55
5313	41
5314	42
5315	49
5316	51
5317	50
5318	42
5319	38
5320	58
5321	39
5322	38
5323	39
5324	46
5325	40
5326	38
5327	33
5328	41
5329	45
5330	33
5331	39
5332	39
5333	37
5334	32
5335	33
5336	35
5337	40
5338	49
5339	36
5340	38
5341	40
5342	32
5343	39
5344	35
5345	37
5346	44
5347	27
5348	25
5349	31
5350	28
5351	14
5352	38
5353	19
5354	35
5355	31
5356	30
5357	29
5358	25
5359	19
5360	29
5361	30
5362	26
5363	33
5364	24
5365	28
5366	20
5367	19
5368	27
5369	20
5370	29
5371	18
5372	20
5373	22
5374	22
5375	22
5376	14
5377	29
5378	29
5379	25
5380	25
5381	20
5382	25
5383	18
5384	19
5385	24
5386	16
5387	13
5388	23
5389	13
5390	19
5391	17
5392	19
5393	17
5394	15
5395	18
5396	18
5397	20
5398	24
5399	18
5400	20
5401	12
5402	20
5403	14
5404	12
5405	14
5406	24
5407	16
5408	10
5409	13
5410	16
5411	13
5412	16
5413	13
5414	19
5415	16
5416	16
5417	20
5418	26
5419	6
5420	10
5421	11
5422	11
5423	9
5424	12
5425	15
5426	11
5427	9
5428	11
5429	10
5430	11
5431	14
5432	11
5433	7
5434	18
5435	9
5436	13
5437	5
5438	10
5439	22
5440	13
5441	7
5442	16
5443	10
5444	18
5445	10
5446	9
5447	6
5448	12
5449	17
5450	10
5451	11
5452	6
5453	11
5454	10
5455	9
5456	18
5457	13
5458	15
5459	17
5460	18
5461	15
5462	14
5463	5
5464	8
5465	5
5466	10
5467	10
5468	8
5469	15
5470	15
5471	13
5472	8
5473	10
5474	17
5475	2
5476	17
5477	13
5478	17
5479	12
5480	12
5481	6
5482	17
5483	16
5484	13
5485	15
5486	10
5487	16
5488	20
5489	13
5490	19
5491	11
5492	16
5493	19
5494	9
5495	17
5496	19
5497	17
5498	20
5499	18
5500	14
5501	17
5502	14
5503	22
5504	14
5505	16
5506	18
5507	7
5508	18
5509	21
5510	16
5511	19
5512	22
5513	19
5514	12
5515	23
5516	17
5517	27
5518	28
5519	18
5520	19
5521	17
5522	28
5523	28
5524	27
5525	31
5526	25
5527	18
5528	27
5529	34
5530	28
5531	30
5532	25
5533	22
5534	36
5535	29
5536	31
5537	36
5538	24
5539	35
5540	32
5541	26
5542	38
5543	36
5544	42
5545	28
5546	34
5547	45
5548	40
5549	40
5550	30
5551	41
5552	47
5553	47
5554	53
5555	49
5556	49
5557	65
5558	58
5559	44
5560	51
5561	46
5562	54
5563	57
5564	56
5565	74
5566	72
5567	86
5568	66
5569	80
5570	84
5571	76
5572	98
5573	72
5574	71
5575	100
5576	68
5577	86
5578	87
5579	107
5580	84
5581	106
5582	101
5583	94
5584	109
5585	106
5586	100
5587	111
5588	109
5589	100
5590	112
5591	135
5592	122
5593	103
5594	123
5595	131
5596	151
5597	138
5598	147
5599	137
5600	155
5601	165
5602	156
5603	180
5604	182
5605	213
5606	187
5607	163
5608	165
5609	195
5610	186
5611	189
5612	186
5613	187
5614	210
5615	215
5616	214
5617	201
5618	244
5619	215
5620	261
5621	225
5622	248
5623	269
5624	237
5625	247
5626	226
5627	283
5628	272
5629	254
5630	256
5631	318
5632	263
5633	282
5634	310
5635	303
5636	296
5637	356
5638	321
5639	318
5640	307
5641	320
5642	362
5643	372
5644	289
5645	345
5646	390
5647	362
5648	339
5649	368
5650	404
5651	391
5652	385
5653	360
5654	382
5655	393
5656	427
5657	436
5658	415
5659	373
5660	422
5661	414
5662	452
5663	440
5664	477
5665	483
5666	440
5667	451
5668	490
5669	479
5670	493
5671	478
5672	464
5673	484
5674	517
5675	514
5676	485
5677	472
5678	519
5679	513
5680	484
5681	526
5682	559
5683	566
5684	543
5685	538
5686	546
5687	544
5688	588
5689	554
5690	558
5691	511
5692	607
5693	570
5694	555
5695	604
5696	562
5697	586
5698	599
5699	571
5700	566
5701	545
5702	560
5703	611
5704	586
5705	657
5706	596
5707	611
5708	560
5709	577
5710	583
5711	545
5712	549
5713	620
5714	570
5715	574
5716	596
5717	562
5718	569
5719	632
5720	595
5721	594
5722	559
5723	624
5724	557
5725	547
5726	576
5727	607
5728	556
5729	626
5730	594
5731	572
5732	567
5733	533
5734	533
5735	594
5736	539
5737	537
5738	578
5739	552
5740	573
5741	597
5742	547
5743	513
5744	562
5745	563
5746	548
5747	547
5748	563
5749	544
5750	524
5751	537
5752	513
5753	519
5754	505
5755	468
5756	522
5757	490
5758	485
5759	500
5760	528
5761	537
5762	509
5763	507
5764	467
5765	508
5766	485
5767	458
5768	411
5769	442
5770	453
5771	489
5772	455
5773	499
5774	447
5775	443
5776	462
5777	442
5778	458
5779	463
5780	437
5781	427
5782	452
5783	469
5784	411
5785	416
5786	401
5787	410
5788	412
5789	406
5790	401
5791	401
5792	405
5793	441
5794	416
5795	406
5796	364
5797	354
5798	386
5799	387
5800	357
5801	360
5802	403
5803	357
5804	339
5805	371
5806	369
5807	374
5808	337
5809	355
5810	337
5811	321
5812	324
5813	333
5814	358
5815	323
5816	346
5817	346
5818	335
5819	332
5820	298
5821	303
5822	310
5823	314
5824	307
5825	285
5826	294
5827	286
5828	304
5829	284
5830	292
5831	297
5832	264
5833	291
5834	289
5835	292
5836	254
5837	259
5838	264
5839	264
5840	266
5841	237
5842	264
5843	258
5844	243
5845	267
5846	245
5847	262
5848	236
5849	209
5850	280
5851	249
5852	255
5853	225
5854	210
5855	233
5856	245
5857	199
5858	224
5859	211
5860	213
5861	205
5862	204
5863	195
5864	229
5865	221
5866	210
5867	201
5868	202
5869	198
5870	187
5871	181
5872	186
5873	196
5874	199
5875	192
5876	164
5877	153
5878	188
5879	186
5880	169
5881	193
5882	190
5883	195
5884	157
5885	150
5886	188
5887	168
5888	175
5889	138
5890	150
5891	133
5892	157
5893	128
5894	137
5895	153
5896	160
5897	148
5898	146
5899	122
5900	162
5901	157
5902	138
5903	133
5904	154
5905	135
5906	112
5907	103
5908	108
5909	132
5910	120
5911	131
5912	108
5913	105
5914	128
5915	135
5916	134
5917	121
5918	118
5919	121
5920	97
5921	121
5922	102
5923	124
5924	109
5925	93
5926	99
5927	91
5928	90
5929	88
5930	99
5931	84
5932	91
5933	104
5934	82
5935	85
5936	92
5937	88
5938	87
5939	84
5940	87
5941	66
5942	89
5943	78
5944	83
5945	71
5946	89
5947	77
5948	71
5949	69
5950	78
5951	64
5952	84
5953	71
5954	70
5955	83
5956	61
5957	64
5958	72
5959	55
5960	66
5961	68
5962	57
5963	74
5964	59
5965	55
5966	58
5967	62
5968	61
5969	66
5970	59
5971	67
5972	47
5973	46
5974	41
5975	46
5976	49
5977	63
5978	55
5979	54
5980	55
5981	21
5982	59
5983	45
5984	53
5985	47
5986	45
5987	46
5988	51
5989	50
5990	44
5991	39
5992	39
5993	43
5994	45
5995	32
5996	55
5997	45
5998	35
5999	33
6000	31
6001	29
6002	50
6003	36
6004	26
6005	36
6006	34
6007	40
6008	32
6009	37
6010	38
6011	32
6012	30
6013	40
6014	28
6015	33
6016	35
6017	32
6018	33
6019	24
6020	30
6021	21
6022	41
6023	25
6024	29
6025	33
6026	21
6027	20
6028	26
6029	36
6030	22
6031	22
6032	31
6033	24
6034	20
6035	19
6036	22
6037	22
6038	24
6039	24
6040	31
6041	21
6042	15
6043	20
6044	22
6045	22
6046	30
6047	17
6048	11
6049	21
6050	23
6051	24
6052	13
6053	21
6054	16
6055	27
6056	18
6057	24
6058	23
6059	22
6060	17
6061	15
6062	10
6063	14
6064	17
6065	15
6066	13
6067	10
6068	12
6069	17
6070	13
6071	15
6072	15
6073	20
6074	9
6075	16
6076	12
6077	9
6078	7
6079	25
6080	14
6081	16
6082	21
6083	12
6084	23
6085	11
6086	15
6087	15
6088	12
6089	16
6090	12
6091	14
6092	10
6093	13
6094	17
6095	15
6096	16
6097	12
6098	10
6099	8
6100	14
6101	8
6102	22
6103	11
6104	12
6105	8
6106	12
6107	13
6108	5
6109	16
6110	13
6111	11
6112	12
6113	8
6114	11
6115	13
6116	8
6117	12
6118	15
6119	12
6120	5
6121	7
6122	11
6123	14
6124	10
6125	12
6126	12
6127	9
6128	10
6129	13
6130	14
6131	9
6132	19
6133	13
6134	12
6135	16
6136	11
6137	20
6138	11
6139	12
6140	10
6141	20
6142	13
6143	17
6144	16
6145	12
6146	13
6147	11
6148	13
6149	13
6150	13
6151	15
6152	16
6153	12
6154	6
6155	11
6156	13
6157	11
6158	12
6159	11
6160	11
6161	8
6162	13
6163	15
6164	17
6165	15
6166	12
6167	22
6168	7
6169	18
6170	19
6171	18
6172	17
6173	15
6174	5
6175	22
6176	14
6177	11
6178	15
6179	15
6180	17
6181	18
6182	16
6183	24
6184	34
6185	14
6186	35
6187	22
6188	27
6189	33
6190	19
6191	22
6192	24
6193	25
6194	26
6195	27
6196	39
6197	29
6198	36
6199	35
6200	26
6201	35
6202	34
6203	35
6204	53
6205	28
6206	40
6207	42
6208	29
6209	40
6210	34
6211	34
6212	45
6213	33
6214	44
6215	38
6216	42
6217	41
6218	41
6219	46
6220	44
6221	65
6222	54
6223	50
6224	54
6225	47
6226	65
6227	51
6228	53
6229	67
6230	62
6231	66
6232	53
6233	70
6234	69
6235	84
6236	77
6237	65
6238	67
6239	79
6240	69
6241	65
6242	64
6243	63
6244	74
6245	86
6246	83
6247	87
6248	89
6249	102
6250	95
6251	88
6252	92
6253	109
6254	106
6255	89
6256	101
6257	111
6258	115
6259	107
6260	118
6261	129
6262	120
6263	113
6264	134
6265	119
6266	105
6267	129
6268	104
6269	146
6270	155
6271	138
6272	139
6273	152
6274	137
6275	143
6276	164
6277	156
6278	160
6279	167
6280	138
6281	159
6282	160
6283	151
6284	169
6285	172
6286	172
6287	205
6288	164
6289	174
6290	158
6291	177
6292	168
6293	202
6294	189
6295	191
6296	162
6297	174
6298	210
6299	203
6300	196
6301	214
6302	198
6303	204
6304	209
6305	206
6306	219
6307	219
6308	195
6309	233
6310	238
6311	218
6312	229
6313	213
6314	228
6315	223
6316	248
6317	242
6318	202
6319	227
6320	235
6321	247
6322	232
6323	264
6324	212
6325	238
6326	222
6327	255
6328	240
6329	232
6330	234
6331	247
6332	232
6333	231
6334	230
6335	243
6336	243
6337	260
6338	214
6339	236
6340	233
6341	241
6342	233
6343	238
6344	228
6345	231
6346	235
6347	231
6348	248
6349	246
6350	229
6351	264
6352	233
6353	250
6354	236
6355	237
6356	228
6357	240
6358	223
6359	231
6360	255
6361	250
6362	246
6363	222
6364	224
6365	234
6366	225
6367	232
6368	241
6369	250
6370	222
6371	247
6372	252
6373	231
6374	220
6375	207
6376	244
6377	268
6378	233
6379	216
6380	229
6381	240
6382	233
6383	222
6384	233
6385	217
6386	212
6387	231
6388	229
6389	189
6390	182
6391	181
6392	210
6393	214
6394	191
6395	200
6396	202
6397	233
6398	196
6399	203
6400	172
6401	199
6402	221
6403	202
6404	208
6405	191
6406	203
6407	171
6408	187
6409	188
6410	219
6411	167
6412	174
6413	183
6414	190
6415	182
6416	169
6417	194
6418	171
6419	180
6420	144
6421	195
6422	160
6423	163
6424	148
6425	157
6426	149
6427	155
6428	158
6429	178
6430	137
6431	165
6432	158
6433	138
6434	133
6435	149
6436	139
6437	148
6438	148
6439	144
6440	145
6441	144
6442	110
6443	156
6444	153
6445	109
6446	122
6447	138
6448	116
6449	123
6450	120
6451	131
6452	131
6453	142
6454	124
6455	124
6456	130
6457	129
6458	97
6459	110
6460	127
6461	117
6462	124
6463	106
6464	109
6465	113
6466	123
6467	114
6468	103
6469	118
6470	123
6471	96
6472	88
6473	106
6474	105
6475	95
6476	108
6477	100
6478	95
6479	111
6480	126
6481	109
6482	97
6483	103
6484	81
6485	89
6486	90
6487	87
6488	98
6489	92
6490	96
6491	76
6492	87
6493	88
6494	88
6495	94
6496	91
6497	82
6498	82
6499	93
6500	72
6501	84
6502	79
6503	79
6504	78
6505	74
6506	77
6507	75
6508	84
6509	73
6510	81
6511	76
6512	62
6513	73
6514	73
6515	64
6516	67
6517	89
6518	61
6519	58
6520	73
6521	75
6522	82
6523	61
6524	54
6525	54
6526	72
6527	60
6528	61
6529	61
6530	59
6531	53
6532	57
6533	60
6534	59
6535	54
6536	52
6537	61
6538	61
6539	52
6540	43
6541	39
6542	55
6543	50
6544	44
6545	45
6546	63
6547	44
6548	52
6549	54
6550	60
6551	48
6552	32
6553	44
6554	39
6555	38
6556	36
6557	52
6558	35
6559	43
6560	48
6561	40
6562	32
6563	53
6564	37
6565	34
6566	27
6567	35
6568	33
6569	54
6570	30
6571	38
6572	29
6573	42
6574	35
6575	21
6576	37
6577	50
6578	27
6579	28
6580	25
6581	36
6582	28
6583	31
6584	30
6585	30
6586	32
6587	36
6588	23
6589	17
6590	33
6591	30
6592	41
6593	22
6594	19
6595	25
6596	30
6597	22
6598	24
6599	15
6600	25
6601	25
6602	18
6603	25
6604	26
6605	27
6606	24
6607	25
6608	20
6609	18
6610	24
6611	17
6612	30
6613	17
6614	19
6615	25
6616	13
6617	18
6618	26
6619	11
6620	17
6621	15
6622	16
6623	19
6624	20
6625	27
6626	17
6627	17
6628	19
6629	17
6630	19
6631	14
6632	16
6633	11
6634	20
6635	24
6636	13
6637	15
6638	14
6639	18
6640	15
6641	24
6642	12
6643	14
6644	21
6645	19
6646	18
6647	8
6648	8
6649	17
6650	17
6651	14
6652	13
6653	17
6654	8
6655	14
6656	11
6657	15
6658	21
6659	12
6660	16
6661	11
6662	10
6663	10
6664	9
6665	15
6666	9
6667	14
6668	14
6669	7
6670	8
6671	18
6672	14
6673	11
6674	14
6675	5
6676	7
6677	7
6678	9
6679	10
6680	8
6681	12
6682	6
6683	9
6684	6
6685	7
6686	14
6687	7
6688	7
6689	11
6690	15
6691	8
6692	10
6693	15
6694	8
6695	11
6696	6
6697	11
6698	10
6699	8
6700	10
6701	7
6702	17
6703	6
6704	9
6705	11
6706	4
6707	7
6708	8
6709	9
6710	8
6711	10
6712	6
6713	11
6714	9
6715	9
6716	11
6717	10
6718	14
6719	4
6720	7
6721	9
6722	12
6723	10
6724	6
6725	7
6726	13
6727	8
6728	5
6729	12
6730	6
6731	10
6732	11
6733	6
6734	9
6735	10
6736	10
6737	10
6738	12
6739	15
6740	15
6741	9
6742	11
6743	9
6744	2
6745	12
6746	8
6747	10
6748	11
6749	12
6750	7
6751	7
6752	11
6753	9
6754	15
6755	11
6756	16
6757	11
6758	10
6759	16
6760	13
6761	9
6762	11
6763	11
6764	12
6765	12
6766	16
6767	11
6768	16
6769	16
6770	12
6771	17
6772	15
6773	8
6774	10
6775	18
6776	10
6777	13
6778	14
6779	10
6780	11
6781	20
6782	19
6783	14
6784	15
6785	13
6786	18
6787	26
6788	23
6789	27
6790	16
6791	15
6792	25
6793	16
6794	20
6795	20
6796	18
6797	24
6798	26
6799	30
6800	25
6801	24
6802	24
6803	22
6804	31
6805	38
6806	30
6807	31
6808	35
6809	37
6810	43
6811	27
6812	34
6813	43
6814	36
6815	34
6816	51
6817	27
6818	40
6819	44
6820	37
6821	46
6822	47
6823	39
6824	36
6825	41
6826	54
6827	54
6828	54
6829	42
6830	45
6831	55
6832	59
6833	48
6834	60
6835	46
6836	67
6837	58
6838	60
6839	83
6840	54
6841	78
6842	78
6843	69
6844	68
6845	66
6846	74
6847	58
6848	87
6849	84
6850	80
6851	85
6852	89
6853	103
6854	85
6855	91
6856	93
6857	101
6858	111
6859	104
6860	92
6861	109
6862	99
6863	127
6864	125
6865	130
6866	121
6867	118
6868	133
6869	143
6870	114
6871	123
6872	127
6873	153
6874	143
6875	131
6876	158
6877	169
6878	152
6879	163
6880	130
6881	156
6882	176
6883	153
6884	171
6885	183
6886	168
6887	176
6888	187
6889	204
6890	180
6891	190
6892	200
6893	185
6894	189
6895	199
6896	202
6897	206
6898	227
6899	209
6900	215
6901	210
6902	253
6903	205
6904	228
6905	245
6906	258
6907	238
6908	219
6909	243
6910	253
6911	249
6912	261
6913	257
6914	277
6915	254
6916	302
6917	277
6918	265
6919	292
6920	280
6921	271
6922	302
6923	293
6924	288
6925	285
6926	292
6927	301
6928	339
6929	280
6930	336
6931	324
6932	339
6933	345
6934	308
6935	341
6936	345
6937	333
6938	354
6939	331
6940	349
6941	319
6942	365
6943	333
6944	329
6945	381
6946	345
6947	358
6948	347
6949	330
6950	376
6951	379
6952	338
6953	321
6954	328
6955	357
6956	387
6957	368
6958	400
6959	365
6960	382
6961	378
6962	382
6963	343
6964	374
6965	347
6966	350
6967	346
6968	340
6969	369
6970	369
6971	347
6972	413
6973	359
6974	372
6975	390
6976	377
6977	342
6978	356
6979	367
6980	385
6981	359
6982	363
6983	363
6984	338
6985	354
6986	369
6987	359
6988	342
6989	329
6990	373
6991	319
6992	352
6993	311
6994	351
6995	331
6996	340
6997	358
6998	323
6999	353
7000	335
7001	329
7002	323
7003	367
7004	320
7005	323
7006	329
7007	325
7008	320
7009	305
7010	344
7011	336
7012	302
7013	338
7014	287
7015	325
7016	289
7017	302
7018	324
7019	295
7020	269
7021	286
7022	268
7023	292
7024	282
7025	305
7026	277
7027	264
7028	267
7029	267
7030	262
7031	250
7032	266
7033	261
7034	262
7035	261
7036	275
7037	265
7038	253
7039	259
7040	294
7041	260
7042	273
7043	261
7044	245
7045	261
7046	231
7047	221
7048	243
7049	223
7050	226
7051	237
7052	247
7053	243
7054	202
7055	232
7056	226
7057	207
7058	221
7059	208
7060	207
7061	217
7062	225
7063	202
7064	207
7065	205
7066	204
7067	206
7068	203
7069	206
7070	214
7071	204
7072	180
7073	179
7074	185
7075	164
7076	192
7077	187
7078	188
7079	170
7080	175
7081	167
7082	209
7083	169
7084	177
7085	181
7086	169
7087	174
7088	173
7089	172
7090	185
7091	147
7092	139
7093	161
7094	178
7095	142
7096	154
7097	133
7098	161
7099	120
7100	144
7101	171
7102	155
7103	145
7104	154
7105	136
7106	146
7107	121
7108	132
7109	140
7110	136
7111	147
7112	140
7113	126
7114	121
7115	127
7116	126
7117	141
7118	143
7119	109
7120	125
7121	124
7122	152
7123	103
7124	121
7125	108
7126	121
7127	98
7128	107
7129	108
7130	116
7131	126
7132	119
7133	91
7134	100
7135	120
7136	108
7137	103
7138	89
7139	93
7140	115
7141	87
7142	108
7143	100
7144	96
7145	110
7146	93
7147	89
7148	85
7149	93
7150	94
7151	84
7152	87
7153	89
7154	75
7155	74
7156	82
7157	72
7158	77
7159	79
7160	70
7161	86
7162	75
7163	60
7164	74
7165	65
7166	74
7167	64
7168	88
7169	75
7170	61
7171	71
7172	74
7173	69
7174	57
7175	61
7176	63
7177	70
7178	54
7179	53
7180	69
7181	65
7182	48
7183	66
7184	51
7185	41
7186	51
7187	54
7188	49
7189	45
7190	47
7191	46
7192	53
7193	48
7194	54
7195	43
7196	56
7197	55
7198	43
7199	46
7200	38
7201	51
7202	41
7203	42
7204	47
7205	46
7206	44
7207	47
7208	41
7209	35
7210	37
7211	39
7212	41
7213	40
7214	45
7215	36
7216	38
7217	40
7218	38
7219	30
7220	34
7221	32
7222	32
7223	34
7224	33
7225	39
7226	37
7227	32
7228	34
7229	32
7230	26
7231	31
7232	30
7233	27
7234	36
7235	39
7236	29
7237	27
7238	32
7239	22
7240	25
7241	31
7242	22
7243	28
7244	31
7245	21
7246	24
7247	31
7248	27
7249	24
7250	23
7251	17
7252	11
7253	22
7254	29
7255	19
7256	34
7257	14
7258	18
7259	26
7260	18
7261	23
7262	21
7263	24
7264	20
7265	28
7266	18
7267	22
7268	15
7269	19
7270	15
7271	18
7272	17
7273	18
7274	18
7275	20
7276	17
7277	16
7278	16
7279	11
7280	14
7281	22
7282	10
7283	16
7284	15
7285	9
7286	14
7287	8
7288	17
7289	10
7290	19
7291	14
7292	16
7293	15
7294	17
7295	14
7296	16
7297	8
7298	17
7299	10
7300	13
7301	8
7302	15
7303	7
7304	18
7305	8
7306	20
7307	11
7308	11
7309	10
7310	11
7311	9
7312	12
7313	5
7314	15
7315	7
7316	14
7317	9
7318	7
7319	3
7320	12
7321	8
7322	10
7323	15
7324	6
7325	7
7326	15
7327	16
7328	9
7329	8
7330	6
7331	8
7332	14
7333	11
7334	14
7335	9
7336	4
7337	6
7338	9
7339	6
7340	8
7341	7
7342	7
7343	7
7344	11
7345	6
7346	12
7347	9
7348	9
7349	7
7350	3
7351	5
7352	7
7353	6
7354	9
7355	8
7356	6
7357	8
7358	8
7359	7
7360	12
7361	5
7362	7
7363	5
7364	8
7365	11
7366	4
7367	9
7368	5
7369	7
7370	7
7371	8
7372	8
7373	6
7374	10
7375	9
7376	6
7377	11
7378	10
7379	4
7380	5
7381	6
7382	3
7383	3
7384	4
7385	5
7386	10
7387	4
7388	9
7389	10
7390	9
7391	4
7392	9
7393	9
7394	7
7395	9
7396	10
7397	9
7398	17
7399	5
7400	3
7401	9
7402	11
7403	12
7404	14
7405	9
7406	6
7407	14
7408	9
7409	9
7410	13
7411	8
7412	9
7413	9
7414	15
7415	8
7416	7
7417	8
7418	13
7419	14
7420	8
7421	5
7422	17
7423	12
7424	14
7425	11
7426	8
7427	17
7428	15
7429	8
7430	8
7431	15
7432	15
7433	9
7434	10
7435	12
7436	10
7437	10
7438	16
7439	23
7440	10
7441	12
7442	18
7443	13
7444	29
7445	23
7446	28
7447	18
7448	18
7449	18
7450	26
7451	13
7452	10
7453	23
7454	21
7455	21
7456	18
7457	25
7458	23
7459	30
7460	27
7461	24
7462	21
7463	33
7464	22
7465	36
7466	35
7467	36
7468	37
7469	31
7470	24
7471	34
7472	32
7473	46
7474	34
7475	43
7476	37
7477	29
7478	49
7479	43
7480	37
7481	40
7482	43
7483	41
7484	63
7485	49
7486	38
7487	41
7488	43
7489	55
7490	57
7491	60
7492	55
7493	57
7494	55
7495	62
7496	82
7497	58
7498	62
7499	63
7500	67
7501	66
7502	68
7503	85
7504	75
7505	82
7506	78
7507	98
7508	80
7509	80
7510	87
7511	78
7512	79
7513	86
7514	80
7515	83
7516	94
7517	95
7518	97
7519	114
7520	105
7521	105
7522	122
7523	110
7524	108
7525	107
7526	94
7527	124
7528	105
7529	108
7530	128
7531	131
7532	118
7533	134
7534	100
7535	133
7536	122
7537	147
7538	133
7539	134
7540	149
7541	163
7542	136
7543	124
7544	165
7545	155
7546	169
7547	140
7548	179
7549	161
7550	173
7551	147
7552	171
7553	154
7554	176
7555	178
7556	161
7557	183
7558	167
7559	178
7560	203
7561	185
7562	204
7563	181
7564	159
7565	203
7566	192
7567	180
7568	188
7569	181
7570	200
7571	208
7572	199
7573	222
7574	202
7575	217
7576	233
7577	199
7578	198
7579	182
7580	211
7581	216
7582	204
7583	230
7584	182
7585	218
7586	208
7587	226
7588	199
7589	214
7590	202
7591	221
7592	228
7593	236
7594	220
7595	213
7596	214
7597	195
7598	234
7599	206
7600	204
7601	226
7602	235
7603	230
7604	238
7605	192
7606	220
7607	214
7608	218
7609	228
7610	224
7611	235
7612	215
7613	232
7614	224
7615	202
7616	232
7617	225
7618	213
7619	246
7620	269
7621	203
7622	202
7623	201
7624	219
7625	222
7626	212
7627	195
7628	250
7629	213
7630	190
7631	213
7632	189
7633	182
7634	212
7635	228
7636	218
7637	210
7638	215
7639	235
7640	214
7641	205
7642	191
7643	191
7644	196
7645	206
7646	207
7647	193
7648	205
7649	191
7650	206
7651	189
7652	185
7653	192
7654	183
7655	200
7656	183
7657	185
7658	205
7659	173
7660	181
7661	192
7662	179
7663	168
7664	155
7665	164
7666	141
7667	159
7668	158
7669	164
7670	159
7671	159
7672	165
7673	160
7674	144
7675	161
7676	156
7677	180
7678	161
7679	173
7680	179
7681	150
7682	119
7683	145
7684	138
7685	175
7686	136
7687	135
7688	147
7689	140
7690	135
7691	135
7692	129
7693	144
7694	140
7695	143
7696	122
7697	118
7698	124
7699	137
7700	122
7701	124
7702	109
7703	133
7704	128
7705	116
7706	119
7707	127
7708	119
7709	103
7710	128
7711	101
7712	110
7713	112
7714	96
7715	98
7716	110
7717	109
7718	124
7719	105
7720	112
7721	102
7722	115
7723	102
7724	130
7725	119
7726	103
7727	113
7728	109
7729	99
7730	84
7731	105
7732	87
7733	83
7734	98
7735	93
7736	97
7737	95
7738	114
7739	76
7740	104
7741	83
7742	77
7743	70
7744	91
7745	76
7746	77
7747	84
7748	65
7749	78
7750	95
7751	79
7752	66
7753	74
7754	82
7755	71
7756	78
7757	76
7758	75
7759	72
7760	88
7761	81
7762	73
7763	68
7764	67
7765	62
7766	65
7767	67
7768	75
7769	67
7770	62
7771	72
7772	57
7773	60
7774	68
7775	59
7776	52
7777	60
7778	66
7779	67
7780	69
7781	57
7782	58
7783	70
7784	59
7785	49
7786	55
7787	65
7788	58
7789	50
7790	50
7791	46
7792	59
7793	54
7794	46
7795	46
7796	56
7797	45
7798	47
7799	60
7800	51
7801	54
7802	43
7803	48
7804	52
7805	47
7806	40
7807	46
7808	45
7809	59
7810	34
7811	36
7812	40
7813	46
7814	34
7815	51
7816	29
7817	35
7818	32
7819	33
7820	34
7821	39
7822	36
7823	31
7824	24
7825	47
7826	38
7827	27
7828	33
7829	36
7830	32
7831	22
7832	35
7833	33
7834	30
7835	30
7836	22
7837	27
7838	28
7839	26
7840	26
7841	28
7842	40
7843	38
7844	33
7845	24
7846	24
7847	23
7848	29
7849	28
7850	28
7851	23
7852	27
7853	21
7854	21
7855	27
7856	19
7857	13
7858	29
7859	19
7860	17
7861	21
7862	16
7863	18
7864	18
7865	16
7866	23
7867	14
7868	23
7869	11
7870	14
7871	20
7872	22
7873	20
7874	13
7875	24
7876	12
7877	16
7878	15
7879	9
7880	19
7881	14
7882	25
7883	24
7884	11
7885	18
7886	8
7887	15
7888	20
7889	20
7890	22
7891	14
7892	10
7893	11
7894	15
7895	16
7896	14
7897	12
7898	12
7899	15
7900	8
7901	12
7902	10
7903	18
7904	18
7905	15
7906	11
7907	8
7908	14
7909	13
7910	11
7911	12
7912	14
7913	11
7914	12
7915	14
7916	14
7917	11
7918	9
7919	8
7920	11
7921	10
7922	13
7923	10
7924	9
7925	13
7926	12
7927	12
7928	7
7929	11
7930	4
7931	6
7932	10
7933	10
7934	10
7935	8
7936	5
7937	10
7938	10
7939	6
7940	8
7941	5
7942	7
7943	5
7944	10
7945	4
7946	10
7947	7
7948	10
7949	6
7950	10
7951	7
7952	6
7953	6
7954	7
7955	5
7956	10
7957	9
7958	13
7959	5
7960	8
7961	11
7962	5
7963	7
7964	11
7965	7
7966	12
7967	5
7968	6
7969	9
7970	4
7971	11
7972	7
7973	6
7974	4
7975	7
7976	7
7977	9
7978	4
7979	4
7980	6
7981	5
7982	8
7983	11
7984	6
7985	5
7986	6
7987	10
7988	11
7989	5
7990	5
7991	4
7992	3
7993	9
7994	7
7995	6
7996	5
7997	4
7998	7
7999	6
8000	8
8001	8
8002	4
8003	10
8004	7
8005	3
8006	9
8007	6
8008	8
8009	10
8010	3
8011	3
8012	3
8013	11
8014	10
8015	0
8016	4
8017	9
8018	12
8019	4
8020	10
8021	8
8022	5
8023	10
8024	5
8025	6
8026	8
8027	14
8028	16
8029	10
8030	7
8031	13
8032	9
8033	7
8034	7
8035	8
8036	12
8037	7
8038	6
8039	7
8040	3
8041	10
8042	10
8043	13
8044	6
8045	10
8046	11
8047	11
8048	9
8049	9
8050	10
8051	8
8052	6
8053	10
8054	19
8055	11
8056	18
8057	6
8058	18
8059	14
8060	16
8061	17
8062	10
8063	10
8064	14
8065	21
8066	15
8067	17
8068	20
8069	12
8070	14
8071	19
8072	20
8073	28
8074	27
8075	16
8076	32
8077	22
8078	12
8079	19
8080	19
8081	21
8082	16
8083	27
8084	25
8085	24
8086	31
8087	27
8088	28
8089	29
8090	31
8091	24
8092	27
8093	35
8094	30
8095	35
8096	34
8097	32
8098	39
8099	33
8100	40
8101	32
8102	50
8103	42
8104	45
8105	37
8106	51
8107	42
8108	53
8109	50
8110	50
8111	37
8112	77
8113	60
8114	65
8115	53
8116	45
8117	45
8118	56
8119	40
8120	50
8121	70
8122	52
8123	62
8124	79
8125	53
8126	66
8127	66
8128	77
8129	66
8130	72
8131	75
8132	73
8133	68
8134	80
8135	56
8136	59
8137	45
8138	15
8139	12
8140	2
8141	1
8142	0
8143	0
8144	0
8145	0
8146	0
8147	0
8148	0
8149	0
8150	0
8151	0
8152	0
8153	0
8154	0
8155	0
8156	0
8157	0
8158	0
8159	0
8160	0
8161	0
8162	0
8163	0
8164	0
8165	0
8166	0
8167	0
8168	0
8169	0
8170	0
8171	0
8172	0
8173	0
8174	0
8175	0
8176	0
8177	0
8178	0
8179	0
8180	0
8181	0
8182	0
8183	0
8184	0
8185	0
8186	0
8187	0
8188	0
8189	0
8190	0
8191	0
