0	0
1	0
2	0
3	0
4	0
5	0
6	0
7	0
8	0
9	0
10	0
11	0
12	0
13	0
14	0
15	0
16	0
17	0
18	0
19	0
20	1
21	0
22	0
23	0
24	0
25	0
26	0
27	0
28	2
29	2
30	21
31	128
32	308
33	576
34	901
35	1310
36	1683
37	1816
38	1943
39	1954
40	1893
41	1948
42	1943
43	1936
44	1913
45	2022
46	2006
47	1940
48	1953
49	1964
50	1927
51	2082
52	2019
53	2018
54	2097
55	2075
56	2116
57	2093
58	2079
59	2112
60	2170
61	2097
62	2099
63	2151
64	2137
65	2153
66	2080
67	2147
68	2162
69	2151
70	2194
71	2173
72	2221
73	2182
74	2167
75	2255
76	2315
77	2241
78	2217
79	2224
80	2250
81	2307
82	2287
83	2254
84	2330
85	2316
86	2224
87	2306
88	2376
89	2390
90	2400
91	2349
92	2453
93	2283
94	2405
95	2408
96	2304
97	2356
98	2412
99	2407
100	2424
101	2391
102	2431
103	2410
104	2445
105	2471
106	2448
107	2463
108	2485
109	2526
110	2474
111	2472
112	2527
113	2549
114	2434
115	2559
116	2552
117	2589
118	2673
119	2577
120	2592
121	2636
122	2584
123	2608
124	2566
125	2642
126	2637
127	2770
128	2564
129	2595
130	2695
131	2592
132	2641
133	2744
134	2705
135	2620
136	2719
137	2707
138	2775
139	2680
140	2743
141	2875
142	2864
143	2805
144	2863
145	2843
146	2820
147	2770
148	2844
149	2797
150	2779
151	2887
152	2847
153	2959
154	2851
155	2854
156	2832
157	2801
158	2893
159	2879
160	2992
161	2907
162	2968
163	2896
164	2786
165	2951
166	3064
167	3056
168	3054
169	3066
170	2997
171	3096
172	2981
173	3078
174	3108
175	2947
176	3104
177	3033
178	3060
179	3174
180	3121
181	3267
182	3157
183	3063
184	3065
185	3090
186	3197
187	3138
188	3211
189	3248
190	3073
191	3300
192	3212
193	3199
194	3241
195	3254
196	3224
197	3237
198	3249
199	3330
200	3322
201	3370
202	3222
203	3278
204	3373
205	3303
206	3369
207	3348
208	3469
209	3460
210	3461
211	3334
212	3317
213	3383
214	3447
215	3471
216	3452
217	3461
218	3500
219	3496
220	3436
221	3518
222	3617
223	3543
224	3509
225	3677
226	3648
227	3603
228	3723
229	3759
230	3601
231	3741
232	3716
233	3677
234	3696
235	3755
236	3792
237	3665
238	3703
239	3683
240	3807
241	3903
242	3883
243	3926
244	3861
245	3849
246	3831
247	3885
248	3902
249	3869
250	3778
251	3958
252	3998
253	3917
254	3966
255	3997
256	3903
257	3851
258	4010
259	3864
260	3938
261	4100
262	4042
263	4160
264	4033
265	4078
266	4041
267	4028
268	3982
269	3931
270	4045
271	3945
272	4093
273	3943
274	4031
275	4094
276	4097
277	4039
278	4100
279	4162
280	4187
281	4115
282	4034
283	4043
284	4230
285	4065
286	4059
287	4209
288	4288
289	4131
290	4119
291	4170
292	4208
293	4130
294	4151
295	4113
296	4127
297	4240
298	4168
299	4219
300	4305
301	4354
302	4368
303	4333
304	4323
305	4282
306	4357
307	4320
308	4349
309	4286
310	4415
311	4434
312	4312
313	4401
314	4459
315	4506
316	4453
317	4372
318	4447
319	4325
320	4467
321	4342
322	4312
323	4441
324	4478
325	4371
326	4509
327	4454
328	4367
329	4435
330	4528
331	4502
332	4562
333	4433
334	4488
335	4309
336	4639
337	4558
338	4477
339	4536
340	4560
341	4471
342	4566
343	4641
344	4579
345	4622
346	4566
347	4587
348	4531
349	4616
350	4537
351	4709
352	4658
353	4705
354	4603
355	4754
356	4587
357	4768
358	4707
359	4690
360	4715
361	4732
362	4631
363	4709
364	4689
365	4619
366	4694
367	4666
368	4690
369	4617
370	4711
371	4635
372	4764
373	4684
374	4680
375	4713
376	4765
377	4804
378	4867
379	4673
380	4833
381	4705
382	4712
383	4711
384	4789
385	4706
386	4820
387	4633
388	4818
389	4860
390	4797
391	4812
392	4820
393	4776
394	4866
395	4774
396	4785
397	4817
398	4574
399	4647
400	4955
401	4691
402	4757
403	4866
404	4812
405	4825
406	4827
407	4772
408	4818
409	4808
410	4714
411	4747
412	4795
413	4733
414	4811
415	4909
416	4929
417	4896
418	4738
419	4832
420	5013
421	4867
422	4775
423	4801
424	4871
425	4958
426	4785
427	4763
428	4845
429	4920
430	4878
431	4812
432	4990
433	4864
434	4792
435	4963
436	4861
437	4841
438	4980
439	4905
440	4907
441	4804
442	4873
443	4733
444	5016
445	4710
446	4832
447	4799
448	4836
449	4761
450	4769
451	4952
452	4960
453	4800
454	4863
455	4849
456	4795
457	4781
458	4824
459	4745
460	4796
461	4748
462	4789
463	4849
464	4787
465	4681
466	4730
467	4776
468	4842
469	4801
470	4875
471	4865
472	4729
473	4773
474	4933
475	4883
476	4744
477	4716
478	4756
479	4716
480	4842
481	4762
482	4721
483	4806
484	4866
485	4605
486	4904
487	4837
488	4728
489	4716
490	4693
491	4754
492	4777
493	4788
494	4684
495	4750
496	4607
497	4600
498	4728
499	4629
500	4554
501	4713
502	4664
503	4804
504	4749
505	4634
506	4690
507	4804
508	4761
509	4616
510	4686
511	4626
512	4759
513	4640
514	4690
515	4723
516	4643
517	4646
518	4588
519	4650
520	4651
521	4647
522	4667
523	4648
524	4698
525	4644
526	4532
527	4635
528	4595
529	4592
530	4699
531	4667
532	4655
533	4589
534	4666
535	4413
536	4628
537	4561
538	4615
539	4531
540	4430
541	4530
542	4631
543	4493
544	4593
545	4632
546	4548
547	4561
548	4515
549	4499
550	4503
551	4573
552	4482
553	4406
554	4422
555	4427
556	4422
557	4442
558	4485
559	4375
560	4472
561	4488
562	4350
563	4472
564	4460
565	4476
566	4407
567	4396
568	4411
569	4385
570	4374
571	4459
572	4438
573	4384
574	4418
575	4564
576	4415
577	4372
578	4291
579	4233
580	4337
581	4335
582	4350
583	4380
584	4408
585	4432
586	4296
587	4373
588	4357
589	4433
590	4366
591	4338
592	4284
593	4257
594	4257
595	4353
596	4287
597	4257
598	4293
599	4282
600	4289
601	4259
602	4192
603	4341
604	4239
605	4204
606	4263
607	4216
608	4154
609	4234
610	4279
611	4129
612	4235
613	4141
614	4132
615	4166
616	4267
617	4029
618	4099
619	4130
620	4161
621	4071
622	4014
623	4186
624	4216
625	4102
626	4135
627	4061
628	4196
629	4289
630	4058
631	4122
632	4179
633	4090
634	4087
635	4084
636	3946
637	4026
638	3998
639	3974
640	4091
641	4071
642	4120
643	4068
644	4086
645	4083
646	4037
647	4017
648	4038
649	3969
650	4075
651	4039
652	3945
653	3999
654	3908
655	4096
656	3911
657	3930
658	3826
659	3925
660	4028
661	3860
662	3938
663	3920
664	3908
665	3829
666	4071
667	3889
668	3839
669	3891
670	3757
671	3892
672	3875
673	3826
674	3787
675	3784
676	3824
677	3900
678	3823
679	3799
680	3876
681	3853
682	3842
683	3839
684	3780
685	3806
686	3706
687	3853
688	3905
689	3776
690	3765
691	3715
692	3712
693	3825
694	3761
695	3842
696	3704
697	3905
698	3812
699	3735
700	3696
701	3733
702	3824
703	3753
704	3682
705	3752
706	3750
707	3862
708	3786
709	3614
710	3734
711	3667
712	3606
713	3657
714	3754
715	3719
716	3705
717	3654
718	3656
719	3609
720	3612
721	3642
722	3567
723	3712
724	3611
725	3612
726	3572
727	3612
728	3610
729	3704
730	3538
731	3474
732	3678
733	3481
734	3593
735	3716
736	3511
737	3657
738	3596
739	3368
740	3537
741	3480
742	3604
743	3543
744	3578
745	3525
746	3553
747	3468
748	3568
749	3520
750	3478
751	3496
752	3558
753	3568
754	3446
755	3508
756	3355
757	3434
758	3510
759	3514
760	3482
761	3537
762	3491
763	3441
764	3448
765	3412
766	3371
767	3480
768	3379
769	3297
770	3533
771	3406
772	3456
773	3439
774	3432
775	3311
776	3451
777	3407
778	3413
779	3400
780	3453
781	3379
782	3466
783	3411
784	3461
785	3306
786	3400
787	3441
788	3385
789	3313
790	3397
791	3346
792	3358
793	3298
794	3321
795	3182
796	3257
797	3303
798	3256
799	3329
800	3322
801	3227
802	3271
803	3288
804	3338
805	3307
806	3256
807	3305
808	3298
809	3244
810	3260
811	3359
812	3206
813	3183
814	3248
815	3190
816	3256
817	3327
818	3179
819	3294
820	3234
821	3114
822	3232
823	3312
824	3218
825	3162
826	3295
827	3215
828	3233
829	3215
830	3216
831	3165
832	3228
833	3187
834	3237
835	3171
836	3280
837	3221
838	3187
839	3114
840	3137
841	3243
842	3078
843	3131
844	3116
845	3170
846	3076
847	3230
848	3081
849	3107
850	3185
851	3145
852	3130
853	3149
854	3173
855	3101
856	3087
857	3146
858	3085
859	3113
860	3137
861	3035
862	3109
863	3106
864	3054
865	3094
866	3058
867	3145
868	3114
869	3181
870	3085
871	3073
872	3094
873	3119
874	3030
875	3113
876	3073
877	3117
878	3104
879	3069
880	3070
881	2979
882	3195
883	3106
884	3147
885	3057
886	3102
887	3036
888	3049
889	3060
890	3054
891	3009
892	3024
893	3099
894	3117
895	3050
896	3132
897	2990
898	3105
899	3133
900	3053
901	3095
902	3052
903	3085
904	3049
905	3010
906	2994
907	2962
908	3042
909	3048
910	3068
911	3063
912	3090
913	3015
914	3077
915	3121
916	3148
917	3078
918	3054
919	3059
920	3190
921	3141
922	2920
923	2991
924	3103
925	3060
926	3039
927	3047
928	3048
929	3064
930	3029
931	3038
932	3112
933	3126
934	3006
935	3061
936	3051
937	3093
938	3061
939	2986
940	3086
941	3015
942	3137
943	3022
944	3172
945	3040
946	3071
947	3053
948	3035
949	3055
950	3006
951	2997
952	3193
953	2989
954	3142
955	3101
956	3097
957	3043
958	3094
959	3052
960	3097
961	3004
962	3108
963	3130
964	3010
965	3103
966	3144
967	3079
968	3080
969	3091
970	3089
971	3080
972	3128
973	3020
974	3138
975	3157
976	3103
977	3151
978	3030
979	3220
980	3114
981	3048
982	3039
983	3089
984	3199
985	3124
986	3234
987	3174
988	3147
989	3155
990	3126
991	3050
992	3107
993	3134
994	3132
995	3152
996	3208
997	3184
998	3105
999	3214
1000	3101
1001	3220
1002	3154
1003	3203
1004	3125
1005	3174
1006	3213
1007	3284
1008	3169
1009	3157
1010	3273
1011	3203
1012	3171
1013	3245
1014	3151
1015	3348
1016	3247
1017	3227
1018	3189
1019	3353
1020	3342
1021	3318
1022	3275
1023	3275
1024	3272
1025	3323
1026	3340
1027	3248
1028	3229
1029	3397
1030	3344
1031	3339
1032	3358
1033	3385
1034	3382
1035	3368
1036	3316
1037	3290
1038	3346
1039	3372
1040	3410
1041	3308
1042	3414
1043	3429
1044	3431
1045	3408
1046	3457
1047	3496
1048	3339
1049	3374
1050	3458
1051	3568
1052	3436
1053	3405
1054	3374
1055	3453
1056	3453
1057	3318
1058	3480
1059	3471
1060	3455
1061	3425
1062	3453
1063	3500
1064	3541
1065	3617
1066	3614
1067	3543
1068	3700
1069	3677
1070	3558
1071	3576
1072	3624
1073	3655
1074	3528
1075	3607
1076	3584
1077	3501
1078	3580
1079	3609
1080	3680
1081	3623
1082	3737
1083	3584
1084	3752
1085	3692
1086	3778
1087	3712
1088	3672
1089	3723
1090	3713
1091	3778
1092	3756
1093	3801
1094	3766
1095	3804
1096	3753
1097	3773
1098	3746
1099	3819
1100	3783
1101	3971
1102	3899
1103	3865
1104	3884
1105	3801
1106	3880
1107	3953
1108	3874
1109	3998
1110	3855
1111	3986
1112	3931
1113	3997
1114	3988
1115	4042
1116	3975
1117	3921
1118	3957
1119	4070
1120	4048
1121	4055
1122	4039
1123	4151
1124	4067
1125	4114
1126	4137
1127	4120
1128	4238
1129	4109
1130	4125
1131	3992
1132	4183
1133	4097
1134	4178
1135	4285
1136	4112
1137	4306
1138	4297
1139	4087
1140	4174
1141	4197
1142	4236
1143	4189
1144	4264
1145	4307
1146	4266
1147	4302
1148	4312
1149	4232
1150	4324
1151	4342
1152	4314
1153	4388
1154	4313
1155	4410
1156	4503
1157	4405
1158	4399
1159	4476
1160	4433
1161	4434
1162	4377
1163	4526
1164	4531
1165	4493
1166	4391
1167	4535
1168	4463
1169	4623
1170	4465
1171	4587
1172	4544
1173	4589
1174	4607
1175	4556
1176	4477
1177	4589
1178	4651
1179	4653
1180	4701
1181	4660
1182	4735
1183	4642
1184	4681
1185	4628
1186	4760
1187	4811
1188	4671
1189	4702
1190	4795
1191	4819
1192	4842
1193	4818
1194	4864
1195	4821
1196	4821
1197	4831
1198	4800
1199	4903
1200	4873
1201	4968
1202	4822
1203	4987
1204	4921
1205	4907
1206	4995
1207	4998
1208	4917
1209	5083
1210	4837
1211	4848
1212	5033
1213	5047
1214	5106
1215	5000
1216	5029
1217	5197
1218	5017
1219	5130
1220	4967
1221	4971
1222	5116
1223	5107
1224	5251
1225	5197
1226	5153
1227	5163
1228	5201
1229	5267
1230	5216
1231	5214
1232	5307
1233	5209
1234	5184
1235	5271
1236	5291
1237	5308
1238	5250
1239	5206
1240	5409
1241	5238
1242	5366
1243	5275
1244	5202
1245	5339
1246	5429
1247	5330
1248	5310
1249	5459
1250	5381
1251	5398
1252	5472
1253	5438
1254	5418
1255	5356
1256	5547
1257	5527
1258	5438
1259	5512
1260	5592
1261	5424
1262	5559
1263	5456
1264	5633
1265	5486
1266	5476
1267	5454
1268	5677
1269	5688
1270	5521
1271	5406
1272	5557
1273	5671
1274	5732
1275	5722
1276	5441
1277	5592
1278	5739
1279	5698
1280	5634
1281	5626
1282	5728
1283	5722
1284	5730
1285	5746
1286	5757
1287	5720
1288	5692
1289	5819
1290	5597
1291	5842
1292	5765
1293	5788
1294	5917
1295	5856
1296	5878
1297	5902
1298	5794
1299	5953
1300	5934
1301	5961
1302	5885
1303	5671
1304	5777
1305	5856
1306	5887
1307	5861
1308	5816
1309	5889
1310	5758
1311	5925
1312	5839
1313	6025
1314	5882
1315	5921
1316	5980
1317	6016
1318	5986
1319	5890
1320	5963
1321	6147
1322	5932
1323	5873
1324	6002
1325	5986
1326	6083
1327	5966
1328	6006
1329	5920
1330	5803
1331	5940
1332	6052
1333	6008
1334	5844
1335	6063
1336	5951
1337	6012
1338	5941
1339	5932
1340	6220
1341	6007
1342	6119
1343	6015
1344	6057
1345	5990
1346	6067
1347	5976
1348	5989
1349	6085
1350	6250
1351	6227
1352	6070
1353	6117
1354	6240
1355	6195
1356	6101
1357	5919
1358	6132
1359	6121
1360	5983
1361	6116
1362	6175
1363	6097
1364	6259
1365	6136
1366	6152
1367	6194
1368	6065
1369	6217
1370	6033
1371	6222
1372	6015
1373	6223
1374	6183
1375	6064
1376	6182
1377	6170
1378	6230
1379	6040
1380	6122
1381	6040
1382	6125
1383	6128
1384	6262
1385	6086
1386	6145
1387	6229
1388	6262
1389	6089
1390	6171
1391	6121
1392	6076
1393	6123
1394	6159
1395	6103
1396	6141
1397	6022
1398	6054
1399	6021
1400	6182
1401	6080
1402	6089
1403	6230
1404	6210
1405	6021
1406	6178
1407	6037
1408	6273
1409	5966
1410	6178
1411	6080
1412	6127
1413	6061
1414	6168
1415	6127
1416	6190
1417	5944
1418	6157
1419	6091
1420	6038
1421	6143
1422	5978
1423	6241
1424	6154
1425	6087
1426	6112
1427	6114
1428	6132
1429	6001
1430	6069
1431	6059
1432	6098
1433	6076
1434	6131
1435	6119
1436	6019
1437	6114
1438	5992
1439	5910
1440	6021
1441	6003
1442	5990
1443	5892
1444	5963
1445	6072
1446	6050
1447	5913
1448	6003
1449	6005
1450	6043
1451	5984
1452	5975
1453	5891
1454	5736
1455	6065
1456	6078
1457	5820
1458	5828
1459	5887
1460	5870
1461	5788
1462	5892
1463	5816
1464	5692
1465	5844
1466	5948
1467	5942
1468	5870
1469	5808
1470	5757
1471	5819
1472	5710
1473	5771
1474	5864
1475	5745
1476	5676
1477	5815
1478	5848
1479	5732
1480	5692
1481	5734
1482	5631
1483	5670
1484	5773
1485	5832
1486	5609
1487	5779
1488	5553
1489	5693
1490	5611
1491	5603
1492	5759
1493	5587
1494	5573
1495	5461
1496	5551
1497	5720
1498	5578
1499	5517
1500	5437
1501	5669
1502	5513
1503	5521
1504	5487
1505	5525
1506	5494
1507	5484
1508	5402
1509	5431
1510	5509
1511	5499
1512	5487
1513	5554
1514	5394
1515	5391
1516	5337
1517	5296
1518	5415
1519	5407
1520	5317
1521	5328
1522	5328
1523	5289
1524	5294
1525	5352
1526	5246
1527	5369
1528	5339
1529	5161
1530	5281
1531	5305
1532	5216
1533	5201
1534	5170
1535	5238
1536	5096
1537	5127
1538	5095
1539	5114
1540	5202
1541	4993
1542	5169
1543	5188
1544	5171
1545	5125
1546	5089
1547	5186
1548	5009
1549	5091
1550	4906
1551	4927
1552	4974
1553	4921
1554	4918
1555	4973
1556	4927
1557	4866
1558	4824
1559	4950
1560	4889
1561	4781
1562	4923
1563	4897
1564	4784
1565	4820
1566	4780
1567	4853
1568	4821
1569	4792
1570	4725
1571	4854
1572	4832
1573	4700
1574	4747
1575	4744
1576	4655
1577	4654
1578	4560
1579	4518
1580	4594
1581	4617
1582	4613
1583	4408
1584	4579
1585	4397
1586	4550
1587	4448
1588	4583
1589	4555
1590	4435
1591	4463
1592	4452
1593	4338
1594	4525
1595	4465
1596	4301
1597	4427
1598	4414
1599	4388
1600	4457
1601	4344
1602	4355
1603	4331
1604	4321
1605	4340
1606	4329
1607	4154
1608	4373
1609	4223
1610	4189
1611	4230
1612	4306
1613	4106
1614	4117
1615	4089
1616	4207
1617	4266
1618	4058
1619	4074
1620	4014
1621	4167
1622	4096
1623	3988
1624	4036
1625	4103
1626	4147
1627	4037
1628	3974
1629	3919
1630	3932
1631	3931
1632	4000
1633	4015
1634	4021
1635	3959
1636	4043
1637	3887
1638	3810
1639	3888
1640	3733
1641	3767
1642	3775
1643	3773
1644	3825
1645	3747
1646	3744
1647	3818
1648	3708
1649	3797
1650	3812
1651	3748
1652	3796
1653	3691
1654	3567
1655	3646
1656	3574
1657	3517
1658	3601
1659	3655
1660	3631
1661	3679
1662	3610
1663	3492
1664	3601
1665	3466
1666	3480
1667	3439
1668	3428
1669	3384
1670	3345
1671	3464
1672	3461
1673	3392
1674	3358
1675	3331
1676	3305
1677	3310
1678	3339
1679	3407
1680	3262
1681	3293
1682	3396
1683	3434
1684	3207
1685	3219
1686	3268
1687	3261
1688	3211
1689	3169
1690	3240
1691	3256
1692	3205
1693	3138
1694	3151
1695	3061
1696	3111
1697	3154
1698	3130
1699	3065
1700	3102
1701	3160
1702	3114
1703	3080
1704	3049
1705	3019
1706	3058
1707	3014
1708	2966
1709	3050
1710	3069
1711	2851
1712	2879
1713	2741
1714	2955
1715	2902
1716	2928
1717	2901
1718	2893
1719	2995
1720	2895
1721	2794
1722	2862
1723	2822
1724	2746
1725	2838
1726	2862
1727	2755
1728	2725
1729	2738
1730	2712
1731	2756
1732	2740
1733	2700
1734	2670
1735	2706
1736	2678
1737	2734
1738	2630
1739	2671
1740	2576
1741	2609
1742	2584
1743	2647
1744	2596
1745	2503
1746	2574
1747	2602
1748	2534
1749	2501
1750	2523
1751	2552
1752	2576
1753	2351
1754	2501
1755	2486
1756	2474
1757	2375
1758	2536
1759	2496
1760	2472
1761	2323
1762	2450
1763	2438
1764	2389
1765	2340
1766	2378
1767	2360
1768	2511
1769	2269
1770	2303
1771	2217
1772	2347
1773	2289
1774	2229
1775	2262
1776	2307
1777	2227
1778	2220
1779	2281
1780	2219
1781	2305
1782	2328
1783	2135
1784	2264
1785	2090
1786	2144
1787	2096
1788	2162
1789	2163
1790	2158
1791	2168
1792	2124
1793	2123
1794	2165
1795	2098
1796	2084
1797	2021
1798	2093
1799	2048
1800	2034
1801	2009
1802	1990
1803	2023
1804	2008
1805	1972
1806	1967
1807	2018
1808	2017
1809	1929
1810	1838
1811	1944
1812	1921
1813	1891
1814	1960
1815	1941
1816	1965
1817	1890
1818	1897
1819	1843
1820	1793
1821	1910
1822	1897
1823	1870
1824	1953
1825	1866
1826	1869
1827	1841
1828	1784
1829	1825
1830	1787
1831	1854
1832	1741
1833	1779
1834	1808
1835	1860
1836	1796
1837	1718
1838	1745
1839	1727
1840	1722
1841	1770
1842	1649
1843	1722
1844	1699
1845	1672
1846	1702
1847	1634
1848	1712
1849	1646
1850	1652
1851	1639
1852	1651
1853	1689
1854	1643
1855	1708
1856	1552
1857	1697
1858	1600
1859	1584
1860	1557
1861	1608
1862	1588
1863	1576
1864	1582
1865	1646
1866	1608
1867	1537
1868	1588
1869	1582
1870	1566
1871	1540
1872	1576
1873	1581
1874	1570
1875	1438
1876	1564
1877	1478
1878	1547
1879	1438
1880	1482
1881	1493
1882	1534
1883	1446
1884	1512
1885	1463
1886	1483
1887	1434
1888	1498
1889	1433
1890	1452
1891	1402
1892	1407
1893	1362
1894	1450
1895	1457
1896	1431
1897	1360
1898	1423
1899	1376
1900	1369
1901	1389
1902	1385
1903	1368
1904	1372
1905	1303
1906	1414
1907	1349
1908	1349
1909	1344
1910	1351
1911	1301
1912	1364
1913	1292
1914	1349
1915	1279
1916	1221
1917	1333
1918	1309
1919	1287
1920	1308
1921	1237
1922	1215
1923	1321
1924	1308
1925	1270
1926	1282
1927	1233
1928	1260
1929	1226
1930	1148
1931	1268
1932	1263
1933	1307
1934	1206
1935	1226
1936	1143
1937	1205
1938	1221
1939	1193
1940	1254
1941	1245
1942	1235
1943	1159
1944	1177
1945	1212
1946	1211
1947	1193
1948	1147
1949	1127
1950	1120
1951	1181
1952	1150
1953	1194
1954	1119
1955	1096
1956	1137
1957	1180
1958	1178
1959	1100
1960	1063
1961	1104
1962	1179
1963	1137
1964	1099
1965	1117
1966	1117
1967	1106
1968	1153
1969	1146
1970	1116
1971	1165
1972	1173
1973	1138
1974	1061
1975	1089
1976	1060
1977	1064
1978	1097
1979	1035
1980	1078
1981	1105
1982	1045
1983	1074
1984	1061
1985	1058
1986	980
1987	1097
1988	1078
1989	1095
1990	1013
1991	1018
1992	1013
1993	1010
1994	1099
1995	1028
1996	1037
1997	1051
1998	1061
1999	1022
2000	1027
2001	959
2002	1048
2003	968
2004	1014
2005	1024
2006	995
2007	992
2008	952
2009	1013
2010	988
2011	1002
2012	957
2013	1019
2014	1039
2015	1007
2016	948
2017	1010
2018	972
2019	942
2020	966
2021	941
2022	1023
2023	920
2024	921
2025	977
2026	948
2027	980
2028	937
2029	968
2030	996
2031	970
2032	975
2033	931
2034	890
2035	959
2036	1013
2037	915
2038	945
2039	978
2040	930
2041	945
2042	928
2043	934
2044	896
2045	923
2046	941
2047	852
2048	927
2049	895
2050	915
2051	926
2052	901
2053	897
2054	915
2055	946
2056	891
2057	908
2058	843
2059	921
2060	890
2061	893
2062	887
2063	885
2064	894
2065	875
2066	921
2067	893
2068	895
2069	892
2070	822
2071	885
2072	837
2073	872
2074	859
2075	844
2076	921
2077	894
2078	881
2079	861
2080	899
2081	837
2082	876
2083	895
2084	880
2085	861
2086	829
2087	869
2088	883
2089	876
2090	812
2091	797
2092	818
2093	857
2094	813
2095	837
2096	830
2097	857
2098	822
2099	813
2100	836
2101	850
2102	837
2103	840
2104	818
2105	805
2106	863
2107	809
2108	840
2109	820
2110	809
2111	799
2112	793
2113	809
2114	854
2115	825
2116	850
2117	840
2118	766
2119	786
2120	769
2121	815
2122	770
2123	747
2124	797
2125	819
2126	750
2127	830
2128	764
2129	818
2130	758
2131	778
2132	821
2133	809
2134	796
2135	816
2136	773
2137	797
2138	787
2139	785
2140	816
2141	737
2142	750
2143	802
2144	790
2145	748
2146	749
2147	760
2148	731
2149	772
2150	785
2151	753
2152	761
2153	769
2154	795
2155	708
2156	808
2157	769
2158	770
2159	801
2160	789
2161	754
2162	722
2163	779
2164	749
2165	830
2166	711
2167	712
2168	739
2169	761
2170	785
2171	792
2172	771
2173	745
2174	740
2175	740
2176	707
2177	693
2178	727
2179	769
2180	755
2181	707
2182	757
2183	723
2184	697
2185	709
2186	745
2187	780
2188	756
2189	732
2190	696
2191	724
2192	748
2193	746
2194	767
2195	724
2196	779
2197	753
2198	693
2199	730
2200	733
2201	684
2202	740
2203	691
2204	736
2205	758
2206	733
2207	736
2208	708
2209	735
2210	736
2211	714
2212	799
2213	711
2214	771
2215	718
2216	752
2217	697
2218	721
2219	697
2220	657
2221	720
2222	771
2223	715
2224	738
2225	703
2226	669
2227	743
2228	715
2229	711
2230	723
2231	715
2232	709
2233	739
2234	711
2235	745
2236	697
2237	729
2238	710
2239	716
2240	738
2241	721
2242	708
2243	735
2244	708
2245	681
2246	753
2247	695
2248	654
2249	668
2250	673
2251	663
2252	713
2253	739
2254	719
2255	704
2256	685
2257	736
2258	703
2259	714
2260	708
2261	719
2262	709
2263	672
2264	715
2265	641
2266	735
2267	711
2268	670
2269	696
2270	664
2271	683
2272	698
2273	725
2274	703
2275	721
2276	664
2277	712
2278	688
2279	629
2280	664
2281	670
2282	697
2283	673
2284	661
2285	733
2286	720
2287	684
2288	707
2289	661
2290	751
2291	708
2292	679
2293	690
2294	691
2295	715
2296	673
2297	670
2298	695
2299	703
2300	656
2301	699
2302	684
2303	669
2304	687
2305	698
2306	633
2307	759
2308	697
2309	703
2310	694
2311	679
2312	691
2313	663
2314	679
2315	666
2316	715
2317	657
2318	670
2319	673
2320	661
2321	693
2322	669
2323	729
2324	656
2325	680
2326	636
2327	716
2328	669
2329	675
2330	657
2331	728
2332	655
2333	725
2334	662
2335	713
2336	679
2337	687
2338	678
2339	669
2340	724
2341	670
2342	636
2343	673
2344	699
2345	664
2346	679
2347	669
2348	648
2349	711
2350	697
2351	679
2352	653
2353	609
2354	659
2355	634
2356	634
2357	633
2358	652
2359	640
2360	627
2361	676
2362	690
2363	677
2364	645
2365	619
2366	668
2367	629
2368	636
2369	669
2370	664
2371	633
2372	626
2373	642
2374	616
2375	695
2376	655
2377	630
2378	662
2379	655
2380	626
2381	715
2382	668
2383	664
2384	618
2385	604
2386	649
2387	661
2388	681
2389	639
2390	671
2391	609
2392	634
2393	670
2394	638
2395	653
2396	637
2397	604
2398	615
2399	661
2400	617
2401	623
2402	631
2403	665
2404	619
2405	604
2406	647
2407	632
2408	614
2409	669
2410	636
2411	689
2412	667
2413	634
2414	625
2415	598
2416	619
2417	658
2418	630
2419	653
2420	642
2421	673
2422	646
2423	659
2424	641
2425	638
2426	629
2427	617
2428	701
2429	635
2430	619
2431	627
2432	638
2433	637
2434	562
2435	644
2436	657
2437	612
2438	614
2439	659
2440	607
2441	656
2442	638
2443	622
2444	657
2445	668
2446	614
2447	644
2448	619
2449	625
2450	638
2451	596
2452	656
2453	667
2454	658
2455	647
2456	682
2457	646
2458	673
2459	635
2460	614
2461	675
2462	671
2463	637
2464	627
2465	638
2466	610
2467	554
2468	652
2469	601
2470	605
2471	639
2472	631
2473	637
2474	630
2475	634
2476	653
2477	637
2478	628
2479	651
2480	650
2481	666
2482	603
2483	600
2484	595
2485	613
2486	613
2487	624
2488	656
2489	623
2490	670
2491	665
2492	618
2493	643
2494	586
2495	646
2496	621
2497	618
2498	638
2499	595
2500	637
2501	574
2502	668
2503	639
2504	646
2505	627
2506	655
2507	665
2508	684
2509	623
2510	631
2511	611
2512	620
2513	592
2514	661
2515	627
2516	640
2517	625
2518	625
2519	653
2520	611
2521	553
2522	621
2523	615
2524	640
2525	622
2526	599
2527	641
2528	618
2529	582
2530	613
2531	605
2532	604
2533	637
2534	591
2535	575
2536	603
2537	651
2538	669
2539	628
2540	597
2541	626
2542	636
2543	612
2544	616
2545	627
2546	629
2547	619
2548	614
2549	616
2550	613
2551	649
2552	658
2553	614
2554	662
2555	634
2556	571
2557	646
2558	653
2559	613
2560	644
2561	561
2562	605
2563	618
2564	586
2565	636
2566	573
2567	578
2568	586
2569	584
2570	648
2571	575
2572	608
2573	614
2574	621
2575	583
2576	663
2577	606
2578	595
2579	603
2580	597
2581	639
2582	591
2583	643
2584	627
2585	629
2586	609
2587	617
2588	589
2589	590
2590	592
2591	624
2592	563
2593	630
2594	593
2595	592
2596	564
2597	558
2598	614
2599	550
2600	624
2601	587
2602	614
2603	567
2604	572
2605	660
2606	577
2607	605
2608	602
2609	641
2610	595
2611	533
2612	653
2613	640
2614	635
2615	636
2616	584
2617	597
2618	619
2619	584
2620	599
2621	592
2622	637
2623	585
2624	678
2625	591
2626	579
2627	624
2628	568
2629	613
2630	634
2631	609
2632	569
2633	619
2634	619
2635	616
2636	613
2637	622
2638	573
2639	643
2640	601
2641	587
2642	579
2643	635
2644	603
2645	570
2646	600
2647	600
2648	638
2649	605
2650	619
2651	601
2652	600
2653	620
2654	589
2655	609
2656	581
2657	629
2658	563
2659	640
2660	610
2661	621
2662	553
2663	623
2664	613
2665	615
2666	582
2667	612
2668	592
2669	607
2670	577
2671	620
2672	582
2673	631
2674	599
2675	640
2676	578
2677	611
2678	585
2679	623
2680	653
2681	637
2682	566
2683	654
2684	600
2685	587
2686	630
2687	615
2688	607
2689	571
2690	613
2691	600
2692	602
2693	580
2694	605
2695	606
2696	644
2697	623
2698	619
2699	557
2700	609
2701	629
2702	632
2703	588
2704	603
2705	638
2706	592
2707	604
2708	608
2709	669
2710	643
2711	578
2712	624
2713	597
2714	565
2715	596
2716	597
2717	602
2718	627
2719	599
2720	584
2721	604
2722	598
2723	601
2724	605
2725	588
2726	577
2727	600
2728	608
2729	597
2730	612
2731	624
2732	595
2733	600
2734	596
2735	577
2736	561
2737	616
2738	624
2739	574
2740	624
2741	573
2742	593
2743	603
2744	626
2745	650
2746	637
2747	559
2748	589
2749	577
2750	571
2751	569
2752	622
2753	560
2754	632
2755	633
2756	591
2757	569
2758	619
2759	578
2760	583
2761	612
2762	626
2763	599
2764	590
2765	623
2766	616
2767	585
2768	621
2769	611
2770	599
2771	621
2772	623
2773	626
2774	639
2775	592
2776	586
2777	612
2778	572
2779	591
2780	535
2781	644
2782	633
2783	603
2784	560
2785	597
2786	612
2787	624
2788	602
2789	554
2790	555
2791	598
2792	576
2793	600
2794	618
2795	596
2796	590
2797	601
2798	614
2799	647
2800	617
2801	587
2802	575
2803	594
2804	579
2805	590
2806	588
2807	576
2808	589
2809	584
2810	602
2811	594
2812	571
2813	569
2814	603
2815	588
2816	637
2817	593
2818	576
2819	565
2820	568
2821	586
2822	568
2823	597
2824	589
2825	599
2826	601
2827	585
2828	600
2829	560
2830	630
2831	573
2832	571
2833	584
2834	597
2835	614
2836	585
2837	553
2838	544
2839	554
2840	587
2841	588
2842	569
2843	594
2844	568
2845	569
2846	628
2847	617
2848	568
2849	573
2850	624
2851	551
2852	583
2853	588
2854	600
2855	570
2856	557
2857	599
2858	555
2859	589
2860	598
2861	594
2862	620
2863	579
2864	589
2865	594
2866	587
2867	617
2868	573
2869	584
2870	602
2871	604
2872	617
2873	613
2874	551
2875	560
2876	607
2877	602
2878	625
2879	543
2880	559
2881	578
2882	540
2883	597
2884	611
2885	578
2886	628
2887	607
2888	574
2889	595
2890	582
2891	554
2892	581
2893	594
2894	628
2895	559
2896	595
2897	598
2898	580
2899	586
2900	591
2901	563
2902	597
2903	579
2904	594
2905	558
2906	563
2907	583
2908	580
2909	583
2910	615
2911	621
2912	583
2913	582
2914	581
2915	578
2916	622
2917	579
2918	551
2919	595
2920	607
2921	549
2922	587
2923	609
2924	594
2925	573
2926	589
2927	609
2928	557
2929	572
2930	600
2931	564
2932	568
2933	590
2934	560
2935	607
2936	553
2937	564
2938	586
2939	560
2940	599
2941	552
2942	581
2943	554
2944	631
2945	550
2946	623
2947	589
2948	547
2949	600
2950	545
2951	539
2952	561
2953	570
2954	550
2955	575
2956	574
2957	585
2958	573
2959	638
2960	596
2961	588
2962	551
2963	583
2964	564
2965	596
2966	562
2967	591
2968	549
2969	577
2970	577
2971	547
2972	548
2973	576
2974	524
2975	574
2976	567
2977	598
2978	541
2979	540
2980	563
2981	552
2982	575
2983	579
2984	559
2985	591
2986	588
2987	574
2988	590
2989	547
2990	592
2991	598
2992	594
2993	545
2994	578
2995	593
2996	590
2997	584
2998	544
2999	564
3000	599
3001	553
3002	568
3003	558
3004	589
3005	618
3006	617
3007	547
3008	574
3009	590
3010	575
3011	611
3012	565
3013	607
3014	585
3015	558
3016	561
3017	605
3018	577
3019	589
3020	567
3021	592
3022	557
3023	538
3024	555
3025	567
3026	537
3027	593
3028	544
3029	539
3030	553
3031	557
3032	617
3033	536
3034	575
3035	553
3036	579
3037	554
3038	547
3039	643
3040	556
3041	580
3042	563
3043	518
3044	602
3045	564
3046	537
3047	563
3048	607
3049	543
3050	577
3051	566
3052	543
3053	583
3054	574
3055	584
3056	606
3057	545
3058	594
3059	556
3060	519
3061	609
3062	558
3063	483
3064	540
3065	556
3066	612
3067	543
3068	564
3069	579
3070	548
3071	588
3072	587
3073	529
3074	605
3075	573
3076	554
3077	582
3078	585
3079	542
3080	593
3081	578
3082	570
3083	615
3084	536
3085	534
3086	570
3087	608
3088	567
3089	628
3090	513
3091	533
3092	570
3093	601
3094	554
3095	563
3096	617
3097	551
3098	609
3099	548
3100	572
3101	578
3102	540
3103	572
3104	588
3105	560
3106	586
3107	568
3108	574
3109	575
3110	555
3111	591
3112	561
3113	560
3114	551
3115	564
3116	565
3117	538
3118	576
3119	565
3120	587
3121	553
3122	560
3123	573
3124	583
3125	568
3126	590
3127	540
3128	554
3129	538
3130	525
3131	569
3132	596
3133	553
3134	569
3135	589
3136	606
3137	546
3138	564
3139	571
3140	525
3141	568
3142	575
3143	570
3144	583
3145	558
3146	495
3147	533
3148	540
3149	571
3150	573
3151	586
3152	549
3153	607
3154	551
3155	563
3156	518
3157	509
3158	618
3159	536
3160	565
3161	643
3162	568
3163	556
3164	570
3165	579
3166	556
3167	598
3168	617
3169	536
3170	558
3171	575
3172	574
3173	551
3174	568
3175	536
3176	529
3177	578
3178	537
3179	549
3180	567
3181	542
3182	555
3183	549
3184	568
3185	603
3186	567
3187	560
3188	583
3189	605
3190	536
3191	573
3192	573
3193	570
3194	586
3195	576
3196	541
3197	533
3198	568
3199	541
3200	593
3201	575
3202	572
3203	544
3204	515
3205	554
3206	564
3207	597
3208	598
3209	562
3210	550
3211	582
3212	606
3213	571
3214	563
3215	538
3216	575
3217	556
3218	572
3219	608
3220	555
3221	532
3222	558
3223	565
3224	531
3225	555
3226	526
3227	568
3228	500
3229	585
3230	561
3231	549
3232	618
3233	548
3234	584
3235	580
3236	580
3237	579
3238	537
3239	561
3240	546
3241	541
3242	541
3243	589
3244	597
3245	572
3246	575
3247	626
3248	564
3249	600
3250	558
3251	560
3252	529
3253	543
3254	597
3255	574
3256	571
3257	582
3258	521
3259	567
3260	571
3261	564
3262	577
3263	550
3264	546
3265	598
3266	558
3267	578
3268	544
3269	579
3270	570
3271	590
3272	512
3273	628
3274	607
3275	531
3276	551
3277	557
3278	557
3279	565
3280	589
3281	562
3282	577
3283	596
3284	576
3285	564
3286	583
3287	552
3288	600
3289	552
3290	591
3291	563
3292	598
3293	571
3294	571
3295	565
3296	583
3297	577
3298	607
3299	533
3300	551
3301	548
3302	589
3303	578
3304	575
3305	544
3306	602
3307	610
3308	590
3309	595
3310	608
3311	542
3312	523
3313	542
3314	579
3315	556
3316	626
3317	600
3318	592
3319	585
3320	606
3321	623
3322	581
3323	569
3324	585
3325	594
3326	568
3327	621
3328	600
3329	595
3330	580
3331	600
3332	573
3333	592
3334	578
3335	596
3336	587
3337	617
3338	544
3339	598
3340	558
3341	623
3342	587
3343	623
3344	607
3345	566
3346	565
3347	602
3348	629
3349	593
3350	617
3351	629
3352	558
3353	630
3354	592
3355	581
3356	646
3357	597
3358	644
3359	582
3360	564
3361	632
3362	594
3363	620
3364	603
3365	592
3366	604
3367	653
3368	591
3369	606
3370	610
3371	616
3372	565
3373	601
3374	616
3375	584
3376	597
3377	600
3378	604
3379	614
3380	637
3381	569
3382	585
3383	596
3384	564
3385	632
3386	602
3387	587
3388	630
3389	627
3390	612
3391	604
3392	613
3393	596
3394	639
3395	615
3396	625
3397	638
3398	591
3399	545
3400	601
3401	601
3402	631
3403	633
3404	653
3405	576
3406	610
3407	588
3408	596
3409	661
3410	600
3411	610
3412	631
3413	635
3414	593
3415	579
3416	624
3417	600
3418	612
3419	661
3420	581
3421	614
3422	597
3423	616
3424	565
3425	679
3426	652
3427	586
3428	637
3429	630
3430	621
3431	712
3432	615
3433	628
3434	669
3435	623
3436	644
3437	618
3438	655
3439	650
3440	641
3441	616
3442	642
3443	644
3444	600
3445	641
3446	665
3447	597
3448	609
3449	668
3450	646
3451	638
3452	628
3453	653
3454	659
3455	647
3456	677
3457	648
3458	653
3459	641
3460	644
3461	657
3462	639
3463	642
3464	667
3465	684
3466	669
3467	635
3468	676
3469	675
3470	616
3471	629
3472	658
3473	599
3474	660
3475	642
3476	642
3477	675
3478	647
3479	649
3480	683
3481	681
3482	684
3483	665
3484	660
3485	689
3486	682
3487	620
3488	675
3489	694
3490	658
3491	687
3492	691
3493	661
3494	691
3495	684
3496	666
3497	677
3498	667
3499	700
3500	615
3501	640
3502	671
3503	662
3504	630
3505	691
3506	707
3507	650
3508	672
3509	687
3510	635
3511	635
3512	636
3513	718
3514	667
3515	641
3516	669
3517	702
3518	657
3519	643
3520	641
3521	676
3522	651
3523	698
3524	686
3525	673
3526	669
3527	698
3528	673
3529	666
3530	657
3531	655
3532	708
3533	660
3534	710
3535	655
3536	640
3537	685
3538	735
3539	707
3540	695
3541	673
3542	770
3543	715
3544	725
3545	727
3546	690
3547	705
3548	772
3549	708
3550	704
3551	701
3552	669
3553	705
3554	698
3555	694
3556	704
3557	718
3558	739
3559	677
3560	687
3561	702
3562	727
3563	659
3564	698
3565	762
3566	683
3567	696
3568	725
3569	767
3570	732
3571	728
3572	742
3573	735
3574	706
3575	751
3576	734
3577	766
3578	735
3579	726
3580	719
3581	716
3582	726
3583	705
3584	721
3585	748
3586	736
3587	789
3588	770
3589	749
3590	766
3591	727
3592	730
3593	705
3594	731
3595	757
3596	746
3597	730
3598	705
3599	753
3600	763
3601	739
3602	770
3603	770
3604	739
3605	722
3606	782
3607	787
3608	754
3609	797
3610	735
3611	715
3612	724
3613	730
3614	749
3615	762
3616	785
3617	782
3618	697
3619	729
3620	786
3621	770
3622	714
3623	791
3624	769
3625	794
3626	753
3627	785
3628	758
3629	754
3630	731
3631	744
3632	772
3633	734
3634	806
3635	784
3636	808
3637	771
3638	814
3639	807
3640	761
3641	818
3642	815
3643	805
3644	756
3645	762
3646	796
3647	780
3648	797
3649	787
3650	753
3651	800
3652	797
3653	765
3654	807
3655	767
3656	793
3657	733
3658	798
3659	801
3660	802
3661	757
3662	812
3663	771
3664	811
3665	803
3666	779
3667	804
3668	832
3669	867
3670	788
3671	747
3672	777
3673	823
3674	822
3675	788
3676	795
3677	822
3678	774
3679	809
3680	818
3681	822
3682	802
3683	807
3684	780
3685	847
3686	779
3687	779
3688	769
3689	793
3690	845
3691	899
3692	850
3693	842
3694	796
3695	783
3696	827
3697	827
3698	839
3699	832
3700	837
3701	821
3702	775
3703	836
3704	823
3705	792
3706	790
3707	820
3708	822
3709	867
3710	782
3711	846
3712	826
3713	820
3714	801
3715	904
3716	872
3717	879
3718	863
3719	832
3720	873
3721	840
3722	875
3723	824
3724	840
3725	839
3726	816
3727	844
3728	846
3729	853
3730	860
3731	851
3732	828
3733	880
3734	863
3735	871
3736	871
3737	841
3738	854
3739	861
3740	888
3741	830
3742	817
3743	843
3744	871
3745	838
3746	853
3747	877
3748	866
3749	908
3750	844
3751	913
3752	878
3753	884
3754	873
3755	876
3756	888
3757	824
3758	870
3759	872
3760	899
3761	848
3762	918
3763	864
3764	846
3765	844
3766	933
3767	851
3768	854
3769	851
3770	861
3771	912
3772	870
3773	858
3774	888
3775	869
3776	866
3777	890
3778	893
3779	839
3780	871
3781	903
3782	891
3783	831
3784	886
3785	836
3786	883
3787	871
3788	824
3789	884
3790	910
3791	936
3792	850
3793	907
3794	883
3795	859
3796	908
3797	842
3798	911
3799	904
3800	843
3801	920
3802	958
3803	925
3804	895
3805	859
3806	862
3807	897
3808	901
3809	918
3810	926
3811	903
3812	857
3813	893
3814	893
3815	874
3816	894
3817	842
3818	875
3819	906
3820	926
3821	912
3822	900
3823	906
3824	918
3825	941
3826	853
3827	895
3828	916
3829	928
3830	919
3831	909
3832	895
3833	886
3834	809
3835	856
3836	982
3837	858
3838	943
3839	864
3840	926
3841	880
3842	925
3843	925
3844	951
3845	930
3846	945
3847	883
3848	869
3849	889
3850	855
3851	969
3852	885
3853	917
3854	907
3855	913
3856	878
3857	873
3858	920
3859	933
3860	927
3861	927
3862	894
3863	891
3864	952
3865	869
3866	874
3867	942
3868	904
3869	907
3870	930
3871	844
3872	874
3873	882
3874	917
3875	952
3876	914
3877	942
3878	872
3879	906
3880	881
3881	886
3882	875
3883	930
3884	977
3885	896
3886	865
3887	932
3888	910
3889	926
3890	895
3891	905
3892	926
3893	961
3894	925
3895	915
3896	852
3897	923
3898	938
3899	946
3900	898
3901	910
3902	898
3903	909
3904	868
3905	920
3906	924
3907	878
3908	942
3909	914
3910	886
3911	860
3912	936
3913	958
3914	901
3915	967
3916	893
3917	948
3918	910
3919	933
3920	894
3921	929
3922	951
3923	869
3924	885
3925	953
3926	962
3927	959
3928	919
3929	898
3930	920
3931	912
3932	849
3933	905
3934	919
3935	945
3936	892
3937	905
3938	885
3939	930
3940	892
3941	949
3942	921
3943	864
3944	954
3945	942
3946	890
3947	912
3948	843
3949	840
3950	961
3951	947
3952	864
3953	916
3954	940
3955	904
3956	923
3957	957
3958	911
3959	915
3960	919
3961	896
3962	864
3963	913
3964	897
3965	949
3966	918
3967	920
3968	920
3969	872
3970	961
3971	904
3972	865
3973	929
3974	891
3975	906
3976	902
3977	909
3978	978
3979	950
3980	953
3981	916
3982	936
3983	905
3984	846
3985	908
3986	872
3987	890
3988	856
3989	891
3990	880
3991	921
3992	887
3993	895
3994	919
3995	880
3996	899
3997	869
3998	843
3999	923
4000	875
4001	908
4002	857
4003	839
4004	934
4005	929
4006	973
4007	885
4008	885
4009	941
4010	899
4011	875
4012	908
4013	880
4014	923
4015	917
4016	901
4017	869
4018	925
4019	925
4020	903
4021	874
4022	828
4023	901
4024	930
4025	910
4026	838
4027	873
4028	914
4029	877
4030	911
4031	929
4032	842
4033	874
4034	881
4035	889
4036	877
4037	843
4038	887
4039	874
4040	862
4041	857
4042	881
4043	871
4044	842
4045	937
4046	868
4047	877
4048	865
4049	937
4050	842
4051	919
4052	832
4053	840
4054	871
4055	824
4056	837
4057	907
4058	840
4059	874
4060	857
4061	856
4062	832
4063	858
4064	843
4065	892
4066	844
4067	844
4068	889
4069	848
4070	878
4071	827
4072	841
4073	911
4074	798
4075	843
4076	837
4077	788
4078	825
4079	864
4080	894
4081	837
4082	806
4083	803
4084	900
4085	850
4086	855
4087	837
4088	847
4089	831
4090	877
4091	840
4092	855
4093	857
4094	818
4095	860
4096	839
4097	899
4098	811
4099	831
4100	853
4101	793
4102	799
4103	882
4104	836
4105	782
4106	850
4107	827
4108	858
4109	808
4110	835
4111	848
4112	824
4113	813
4114	783
4115	755
4116	864
4117	803
4118	796
4119	780
4120	823
4121	812
4122	817
4123	822
4124	781
4125	859
4126	826
4127	777
4128	796
4129	816
4130	820
4131	790
4132	820
4133	803
4134	788
4135	829
4136	777
4137	793
4138	800
4139	769
4140	781
4141	831
4142	775
4143	764
4144	764
4145	789
4146	776
4147	793
4148	794
4149	797
4150	854
4151	823
4152	780
4153	767
4154	809
4155	777
4156	771
4157	746
4158	732
4159	799
4160	801
4161	748
4162	783
4163	754
4164	749
4165	724
4166	797
4167	758
4168	823
4169	769
4170	765
4171	800
4172	729
4173	821
4174	759
4175	771
4176	793
4177	748
4178	786
4179	752
4180	732
4181	718
4182	776
4183	715
4184	753
4185	771
4186	735
4187	750
4188	751
4189	707
4190	736
4191	765
4192	780
4193	722
4194	737
4195	750
4196	737
4197	746
4198	768
4199	755
4200	739
4201	710
4202	763
4203	725
4204	736
4205	718
4206	750
4207	725
4208	746
4209	739
4210	713
4211	710
4212	733
4213	742
4214	675
4215	755
4216	757
4217	672
4218	759
4219	730
4220	722
4221	683
4222	732
4223	658
4224	679
4225	719
4226	709
4227	681
4228	686
4229	708
4230	748
4231	740
4232	767
4233	699
4234	721
4235	695
4236	671
4237	643
4238	732
4239	721
4240	686
4241	697
4242	657
4243	713
4244	701
4245	689
4246	729
4247	710
4248	703
4249	695
4250	665
4251	657
4252	716
4253	671
4254	672
4255	662
4256	639
4257	680
4258	658
4259	730
4260	693
4261	668
4262	632
4263	629
4264	681
4265	670
4266	626
4267	705
4268	671
4269	683
4270	651
4271	643
4272	637
4273	711
4274	658
4275	614
4276	651
4277	673
4278	654
4279	654
4280	627
4281	683
4282	640
4283	633
4284	635
4285	640
4286	622
4287	663
4288	636
4289	640
4290	643
4291	607
4292	630
4293	606
4294	638
4295	653
4296	674
4297	622
4298	641
4299	635
4300	597
4301	673
4302	692
4303	597
4304	602
4305	643
4306	645
4307	610
4308	594
4309	575
4310	560
4311	663
4312	592
4313	583
4314	607
4315	613
4316	590
4317	597
4318	556
4319	590
4320	597
4321	581
4322	604
4323	586
4324	581
4325	570
4326	608
4327	537
4328	586
4329	581
4330	608
4331	569
4332	595
4333	634
4334	595
4335	580
4336	604
4337	600
4338	595
4339	555
4340	577
4341	592
4342	558
4343	569
4344	534
4345	581
4346	586
4347	563
4348	556
4349	578
4350	562
4351	557
4352	559
4353	595
4354	568
4355	582
4356	531
4357	578
4358	591
4359	573
4360	544
4361	578
4362	570
4363	549
4364	537
4365	564
4366	519
4367	552
4368	555
4369	466
4370	543
4371	509
4372	514
4373	563
4374	554
4375	547
4376	539
4377	532
4378	553
4379	539
4380	561
4381	546
4382	519
4383	508
4384	513
4385	546
4386	549
4387	550
4388	527
4389	512
4390	511
4391	523
4392	530
4393	490
4394	519
4395	553
4396	475
4397	544
4398	554
4399	506
4400	513
4401	470
4402	521
4403	550
4404	494
4405	529
4406	495
4407	468
4408	499
4409	488
4410	515
4411	478
4412	483
4413	486
4414	449
4415	493
4416	472
4417	473
4418	508
4419	483
4420	496
4421	473
4422	467
4423	516
4424	467
4425	505
4426	458
4427	489
4428	436
4429	455
4430	497
4431	539
4432	455
4433	453
4434	479
4435	459
4436	497
4437	471
4438	448
4439	519
4440	450
4441	474
4442	477
4443	474
4444	428
4445	449
4446	466
4447	463
4448	432
4449	463
4450	458
4451	474
4452	484
4453	426
4454	439
4455	432
4456	448
4457	452
4458	441
4459	442
4460	410
4461	437
4462	441
4463	456
4464	425
4465	468
4466	442
4467	423
4468	458
4469	422
4470	444
4471	463
4472	466
4473	451
4474	446
4475	414
4476	432
4477	429
4478	430
4479	423
4480	410
4481	403
4482	446
4483	410
4484	450
4485	436
4486	425
4487	408
4488	429
4489	423
4490	426
4491	393
4492	442
4493	398
4494	391
4495	409
4496	386
4497	386
4498	404
4499	428
4500	396
4501	389
4502	419
4503	407
4504	419
4505	410
4506	429
4507	421
4508	376
4509	396
4510	407
4511	401
4512	391
4513	353
4514	401
4515	427
4516	383
4517	386
4518	422
4519	408
4520	403
4521	394
4522	369
4523	386
4524	374
4525	367
4526	396
4527	400
4528	351
4529	360
4530	450
4531	379
4532	363
4533	364
4534	348
4535	328
4536	372
4537	380
4538	366
4539	363
4540	358
4541	341
4542	344
4543	373
4544	385
4545	360
4546	365
4547	400
4548	365
4549	322
4550	345
4551	355
4552	381
4553	347
4554	383
4555	369
4556	341
4557	372
4558	371
4559	341
4560	335
4561	301
4562	332
4563	358
4564	353
4565	344
4566	372
4567	333
4568	333
4569	329
4570	326
4571	351
4572	355
4573	365
4574	334
4575	320
4576	320
4577	338
4578	312
4579	331
4580	337
4581	343
4582	340
4583	297
4584	348
4585	317
4586	322
4587	334
4588	326
4589	319
4590	325
4591	349
4592	324
4593	340
4594	310
4595	319
4596	339
4597	338
4598	312
4599	315
4600	312
4601	321
4602	303
4603	302
4604	320
4605	290
4606	335
4607	323
4608	297
4609	304
4610	296
4611	295
4612	333
4613	308
4614	279
4615	299
4616	295
4617	294
4618	292
4619	313
4620	329
4621	327
4622	284
4623	290
4624	333
4625	293
4626	318
4627	282
4628	331
4629	311
4630	293
4631	265
4632	314
4633	279
4634	330
4635	280
4636	322
4637	297
4638	290
4639	289
4640	282
4641	302
4642	282
4643	317
4644	290
4645	298
4646	271
4647	292
4648	282
4649	263
4650	274
4651	289
4652	280
4653	298
4654	267
4655	268
4656	292
4657	316
4658	287
4659	265
4660	252
4661	270
4662	293
4663	266
4664	279
4665	255
4666	256
4667	274
4668	285
4669	266
4670	251
4671	249
4672	266
4673	256
4674	267
4675	233
4676	254
4677	246
4678	286
4679	240
4680	271
4681	248
4682	234
4683	269
4684	261
4685	230
4686	227
4687	257
4688	243
4689	262
4690	258
4691	278
4692	290
4693	262
4694	280
4695	306
4696	279
4697	291
4698	293
4699	309
4700	318
4701	325
4702	308
4703	319
4704	336
4705	366
4706	351
4707	350
4708	314
4709	322
4710	337
4711	324
4712	299
4713	312
4714	291
4715	307
4716	273
4717	256
4718	280
4719	268
4720	251
4721	217
4722	218
4723	199
4724	212
4725	201
4726	182
4727	169
4728	152
4729	156
4730	150
4731	158
4732	171
4733	170
4734	154
4735	134
4736	134
4737	139
4738	140
4739	139
4740	135
4741	124
4742	150
4743	139
4744	118
4745	134
4746	112
4747	137
4748	127
4749	137
4750	111
4751	138
4752	123
4753	111
4754	136
4755	144
4756	120
4757	121
4758	108
4759	113
4760	122
4761	111
4762	117
4763	141
4764	108
4765	121
4766	124
4767	106
4768	97
4769	117
4770	120
4771	96
4772	122
4773	105
4774	128
4775	101
4776	101
4777	103
4778	109
4779	97
4780	108
4781	113
4782	99
4783	94
4784	107
4785	82
4786	105
4787	120
4788	125
4789	99
4790	99
4791	104
4792	89
4793	111
4794	108
4795	110
4796	98
4797	110
4798	95
4799	115
4800	82
4801	101
4802	111
4803	84
4804	92
4805	96
4806	104
4807	74
4808	104
4809	102
4810	99
4811	103
4812	95
4813	96
4814	93
4815	111
4816	93
4817	94
4818	87
4819	90
4820	100
4821	101
4822	104
4823	98
4824	98
4825	99
4826	92
4827	78
4828	83
4829	99
4830	94
4831	94
4832	81
4833	108
4834	93
4835	93
4836	91
4837	111
4838	80
4839	86
4840	101
4841	110
4842	82
4843	85
4844	83
4845	73
4846	72
4847	111
4848	79
4849	86
4850	62
4851	67
4852	62
4853	56
4854	84
4855	55
4856	60
4857	59
4858	49
4859	58
4860	57
4861	44
4862	35
4863	31
4864	33
4865	31
4866	24
4867	33
4868	25
4869	14
4870	24
4871	20
4872	24
4873	17
4874	14
4875	17
4876	19
4877	13
4878	23
4879	13
4880	22
4881	23
4882	11
4883	15
4884	16
4885	15
4886	8
4887	15
4888	15
4889	10
4890	8
4891	10
4892	11
4893	10
4894	10
4895	12
4896	13
4897	13
4898	9
4899	8
4900	7
4901	13
4902	10
4903	16
4904	10
4905	9
4906	5
4907	5
4908	8
4909	8
4910	5
4911	4
4912	7
4913	7
4914	8
4915	5
4916	4
4917	3
4918	7
4919	2
4920	8
4921	6
4922	10
4923	10
4924	9
4925	3
4926	10
4927	4
4928	6
4929	9
4930	5
4931	6
4932	7
4933	6
4934	5
4935	4
4936	8
4937	8
4938	3
4939	1
4940	3
4941	4
4942	2
4943	8
4944	7
4945	1
4946	3
4947	2
4948	5
4949	3
4950	5
4951	4
4952	5
4953	5
4954	4
4955	5
4956	3
4957	5
4958	4
4959	2
4960	3
4961	7
4962	0
4963	4
4964	2
4965	0
4966	1
4967	2
4968	2
4969	6
4970	2
4971	1
4972	4
4973	2
4974	4
4975	1
4976	3
4977	5
4978	2
4979	1
4980	0
4981	2
4982	3
4983	3
4984	2
4985	5
4986	3
4987	4
4988	1
4989	3
4990	4
4991	4
4992	4
4993	2
4994	5
4995	1
4996	3
4997	2
4998	4
4999	1
5000	5
5001	1
5002	3
5003	0
5004	1
5005	4
5006	4
5007	0
5008	5
5009	5
5010	1
5011	3
5012	2
5013	3
5014	1
5015	1
5016	3
5017	1
5018	3
5019	3
5020	4
5021	1
5022	1
5023	2
5024	1
5025	4
5026	1
5027	2
5028	0
5029	3
5030	3
5031	1
5032	0
5033	5
5034	5
5035	1
5036	1
5037	0
5038	1
5039	1
5040	1
5041	5
5042	0
5043	0
5044	2
5045	0
5046	1
5047	1
5048	0
5049	0
5050	1
5051	1
5052	2
5053	1
5054	1
5055	3
5056	2
5057	1
5058	0
5059	2
5060	4
5061	4
5062	0
5063	0
5064	4
5065	0
5066	2
5067	0
5068	1
5069	1
5070	1
5071	2
5072	0
5073	0
5074	2
5075	3
5076	0
5077	2
5078	2
5079	1
5080	0
5081	1
5082	0
5083	2
5084	0
5085	0
5086	3
5087	0
5088	0
5089	0
5090	1
5091	1
5092	0
5093	0
5094	1
5095	0
5096	1
5097	2
5098	3
5099	2
5100	0
5101	1
5102	1
5103	0
5104	0
5105	0
5106	3
5107	1
5108	2
5109	1
5110	1
5111	1
5112	0
5113	0
5114	0
5115	0
5116	2
5117	0
5118	0
5119	0
5120	0
5121	0
5122	0
5123	0
5124	1
5125	0
5126	0
5127	1
5128	2
5129	1
5130	1
5131	1
5132	2
5133	0
5134	6
5135	1
5136	6
5137	6
5138	6
5139	8
5140	8
5141	13
5142	11
5143	12
5144	15
5145	12
5146	20
5147	13
5148	9
5149	13
5150	10
5151	7
5152	4
5153	8
5154	4
5155	1
5156	1
5157	1
5158	1
5159	0
5160	0
5161	0
5162	0
5163	0
5164	0
5165	0
5166	0
5167	0
5168	1
5169	0
5170	0
5171	0
5172	0
5173	0
5174	0
5175	0
5176	0
5177	0
5178	0
5179	0
5180	0
5181	0
5182	0
5183	0
5184	0
5185	0
5186	0
5187	0
5188	0
5189	0
5190	0
5191	0
5192	0
5193	0
5194	0
5195	0
5196	0
5197	0
5198	0
5199	0
5200	0
5201	0
5202	0
5203	0
5204	0
5205	0
5206	0
5207	0
5208	0
5209	0
5210	0
5211	0
5212	0
5213	0
5214	0
5215	0
5216	0
5217	0
5218	0
5219	0
5220	0
5221	0
5222	0
5223	0
5224	0
5225	0
5226	0
5227	0
5228	0
5229	0
5230	0
5231	0
5232	0
5233	0
5234	0
5235	0
5236	0
5237	0
5238	0
5239	0
5240	0
5241	0
5242	0
5243	0
5244	0
5245	0
5246	0
5247	0
5248	0
5249	0
5250	0
5251	0
5252	0
5253	0
5254	0
5255	0
5256	0
5257	0
5258	0
5259	0
5260	0
5261	0
5262	0
5263	0
5264	0
5265	0
5266	0
5267	0
5268	0
5269	0
5270	0
5271	0
5272	0
5273	0
5274	0
5275	0
5276	0
5277	0
5278	0
5279	0
5280	0
5281	0
5282	0
5283	0
5284	0
5285	0
5286	0
5287	0
5288	0
5289	0
5290	0
5291	0
5292	0
5293	0
5294	0
5295	0
5296	0
5297	0
5298	0
5299	0
5300	0
5301	0
5302	0
5303	0
5304	0
5305	0
5306	0
5307	0
5308	0
5309	0
5310	0
5311	0
5312	0
5313	0
5314	0
5315	0
5316	0
5317	0
5318	0
5319	0
5320	0
5321	0
5322	0
5323	0
5324	0
5325	0
5326	0
5327	0
5328	0
5329	0
5330	0
5331	0
5332	0
5333	0
5334	0
5335	0
5336	0
5337	0
5338	0
5339	0
5340	0
5341	0
5342	0
5343	0
5344	0
5345	0
5346	0
5347	0
5348	0
5349	0
5350	0
5351	0
5352	0
5353	0
5354	0
5355	0
5356	0
5357	0
5358	0
5359	0
5360	0
5361	0
5362	0
5363	0
5364	0
5365	0
5366	0
5367	0
5368	0
5369	0
5370	0
5371	0
5372	0
5373	0
5374	0
5375	0
5376	0
5377	0
5378	0
5379	0
5380	0
5381	0
5382	0
5383	0
5384	0
5385	0
5386	0
5387	0
5388	0
5389	0
5390	0
5391	0
5392	0
5393	0
5394	0
5395	0
5396	0
5397	0
5398	0
5399	0
5400	0
5401	0
5402	0
5403	0
5404	0
5405	0
5406	0
5407	0
5408	0
5409	0
5410	0
5411	0
5412	0
5413	0
5414	0
5415	0
5416	0
5417	0
5418	0
5419	0
5420	0
5421	0
5422	0
5423	0
5424	0
5425	0
5426	0
5427	0
5428	0
5429	0
5430	0
5431	0
5432	0
5433	0
5434	0
5435	0
5436	0
5437	0
5438	0
5439	0
5440	0
5441	0
5442	0
5443	0
5444	0
5445	0
5446	0
5447	0
5448	0
5449	0
5450	0
5451	0
5452	0
5453	0
5454	0
5455	0
5456	0
5457	0
5458	0
5459	0
5460	0
5461	0
5462	0
5463	0
5464	0
5465	0
5466	0
5467	0
5468	0
5469	0
5470	0
5471	0
5472	0
5473	0
5474	0
5475	0
5476	0
5477	0
5478	0
5479	0
5480	0
5481	0
5482	0
5483	0
5484	0
5485	0
5486	0
5487	0
5488	0
5489	0
5490	0
5491	0
5492	0
5493	0
5494	0
5495	0
5496	0
5497	0
5498	0
5499	0
5500	0
5501	0
5502	0
5503	0
5504	0
5505	0
5506	0
5507	0
5508	0
5509	0
5510	0
5511	0
5512	0
5513	0
5514	0
5515	0
5516	0
5517	0
5518	0
5519	0
5520	0
5521	0
5522	0
5523	0
5524	0
5525	0
5526	0
5527	0
5528	0
5529	0
5530	0
5531	0
5532	0
5533	0
5534	0
5535	0
5536	0
5537	0
5538	0
5539	0
5540	0
5541	0
5542	0
5543	0
5544	0
5545	0
5546	0
5547	0
5548	0
5549	0
5550	0
5551	0
5552	0
5553	0
5554	0
5555	0
5556	0
5557	0
5558	0
5559	0
5560	0
5561	0
5562	0
5563	0
5564	0
5565	0
5566	0
5567	0
5568	0
5569	0
5570	0
5571	0
5572	0
5573	0
5574	0
5575	0
5576	0
5577	0
5578	0
5579	0
5580	0
5581	0
5582	0
5583	0
5584	0
5585	0
5586	0
5587	0
5588	0
5589	0
5590	0
5591	0
5592	0
5593	0
5594	0
5595	0
5596	0
5597	0
5598	0
5599	0
5600	0
5601	0
5602	0
5603	0
5604	0
5605	0
5606	0
5607	0
5608	0
5609	0
5610	0
5611	0
5612	0
5613	0
5614	0
5615	0
5616	0
5617	0
5618	0
5619	0
5620	0
5621	0
5622	0
5623	0
5624	0
5625	0
5626	0
5627	0
5628	0
5629	0
5630	0
5631	0
5632	0
5633	0
5634	0
5635	0
5636	0
5637	0
5638	0
5639	0
5640	0
5641	0
5642	0
5643	0
5644	0
5645	0
5646	0
5647	0
5648	0
5649	0
5650	0
5651	0
5652	0
5653	0
5654	0
5655	0
5656	0
5657	0
5658	0
5659	0
5660	0
5661	0
5662	0
5663	0
5664	0
5665	0
5666	0
5667	0
5668	0
5669	0
5670	0
5671	0
5672	0
5673	0
5674	0
5675	0
5676	0
5677	0
5678	0
5679	0
5680	0
5681	0
5682	0
5683	0
5684	0
5685	0
5686	0
5687	0
5688	0
5689	0
5690	0
5691	0
5692	0
5693	0
5694	0
5695	0
5696	0
5697	0
5698	0
5699	0
5700	0
5701	0
5702	0
5703	0
5704	0
5705	0
5706	0
5707	0
5708	0
5709	0
5710	0
5711	0
5712	0
5713	0
5714	0
5715	0
5716	0
5717	0
5718	0
5719	0
5720	0
5721	0
5722	0
5723	0
5724	0
5725	0
5726	0
5727	0
5728	0
5729	0
5730	0
5731	0
5732	0
5733	0
5734	0
5735	0
5736	0
5737	0
5738	0
5739	0
5740	0
5741	0
5742	0
5743	0
5744	0
5745	0
5746	0
5747	0
5748	0
5749	0
5750	0
5751	0
5752	0
5753	0
5754	0
5755	0
5756	0
5757	0
5758	0
5759	0
5760	0
5761	0
5762	0
5763	0
5764	0
5765	0
5766	0
5767	0
5768	0
5769	0
5770	0
5771	0
5772	0
5773	0
5774	0
5775	0
5776	0
5777	0
5778	0
5779	0
5780	0
5781	0
5782	0
5783	0
5784	0
5785	0
5786	0
5787	0
5788	0
5789	0
5790	0
5791	0
5792	0
5793	0
5794	0
5795	0
5796	0
5797	0
5798	0
5799	0
5800	0
5801	0
5802	0
5803	0
5804	0
5805	0
5806	0
5807	0
5808	0
5809	0
5810	0
5811	0
5812	0
5813	0
5814	0
5815	0
5816	0
5817	0
5818	0
5819	0
5820	0
5821	0
5822	0
5823	0
5824	0
5825	0
5826	0
5827	0
5828	0
5829	0
5830	0
5831	0
5832	0
5833	0
5834	0
5835	0
5836	0
5837	0
5838	0
5839	0
5840	0
5841	0
5842	0
5843	0
5844	0
5845	0
5846	0
5847	0
5848	0
5849	0
5850	0
5851	0
5852	0
5853	0
5854	0
5855	0
5856	0
5857	0
5858	0
5859	0
5860	0
5861	0
5862	0
5863	0
5864	0
5865	0
5866	0
5867	0
5868	0
5869	0
5870	0
5871	0
5872	0
5873	0
5874	0
5875	0
5876	0
5877	0
5878	0
5879	0
5880	0
5881	0
5882	0
5883	0
5884	0
5885	0
5886	0
5887	0
5888	0
5889	0
5890	0
5891	0
5892	0
5893	0
5894	0
5895	0
5896	0
5897	0
5898	0
5899	0
5900	0
5901	0
5902	0
5903	0
5904	0
5905	0
5906	0
5907	0
5908	0
5909	0
5910	0
5911	0
5912	0
5913	0
5914	0
5915	0
5916	0
5917	0
5918	0
5919	0
5920	0
5921	0
5922	0
5923	0
5924	0
5925	0
5926	0
5927	0
5928	0
5929	0
5930	0
5931	0
5932	0
5933	0
5934	0
5935	0
5936	0
5937	0
5938	0
5939	0
5940	0
5941	0
5942	0
5943	0
5944	0
5945	0
5946	0
5947	0
5948	0
5949	0
5950	0
5951	0
5952	0
5953	0
5954	0
5955	0
5956	0
5957	0
5958	0
5959	0
5960	0
5961	0
5962	0
5963	0
5964	0
5965	0
5966	0
5967	0
5968	0
5969	0
5970	0
5971	0
5972	0
5973	0
5974	0
5975	0
5976	0
5977	0
5978	0
5979	0
5980	0
5981	0
5982	0
5983	0
5984	0
5985	0
5986	0
5987	0
5988	0
5989	0
5990	0
5991	0
5992	0
5993	0
5994	0
5995	0
5996	0
5997	0
5998	0
5999	0
6000	0
6001	0
6002	0
6003	0
6004	0
6005	0
6006	0
6007	0
6008	0
6009	0
6010	0
6011	0
6012	0
6013	0
6014	0
6015	0
6016	0
6017	0
6018	0
6019	0
6020	0
6021	0
6022	0
6023	0
6024	0
6025	0
6026	0
6027	0
6028	0
6029	0
6030	0
6031	0
6032	0
6033	0
6034	0
6035	0
6036	0
6037	0
6038	0
6039	0
6040	0
6041	0
6042	0
6043	0
6044	0
6045	0
6046	0
6047	0
6048	0
6049	0
6050	0
6051	0
6052	0
6053	0
6054	0
6055	0
6056	0
6057	0
6058	0
6059	0
6060	0
6061	0
6062	0
6063	0
6064	0
6065	0
6066	0
6067	0
6068	0
6069	0
6070	0
6071	0
6072	0
6073	0
6074	0
6075	0
6076	0
6077	0
6078	0
6079	0
6080	0
6081	0
6082	0
6083	0
6084	0
6085	0
6086	0
6087	0
6088	0
6089	0
6090	0
6091	0
6092	0
6093	0
6094	0
6095	0
6096	0
6097	0
6098	0
6099	0
6100	0
6101	0
6102	0
6103	0
6104	0
6105	0
6106	0
6107	0
6108	0
6109	0
6110	0
6111	0
6112	0
6113	0
6114	0
6115	0
6116	0
6117	0
6118	0
6119	0
6120	0
6121	0
6122	0
6123	0
6124	0
6125	0
6126	0
6127	0
6128	0
6129	0
6130	0
6131	0
6132	0
6133	0
6134	0
6135	0
6136	0
6137	0
6138	0
6139	0
6140	0
6141	0
6142	0
6143	0
6144	0
6145	0
6146	0
6147	0
6148	0
6149	0
6150	0
6151	0
6152	0
6153	0
6154	0
6155	0
6156	0
6157	0
6158	0
6159	0
6160	0
6161	0
6162	0
6163	0
6164	0
6165	0
6166	0
6167	0
6168	0
6169	0
6170	0
6171	0
6172	0
6173	0
6174	0
6175	0
6176	0
6177	0
6178	0
6179	0
6180	0
6181	0
6182	0
6183	0
6184	0
6185	0
6186	0
6187	0
6188	0
6189	0
6190	0
6191	0
6192	0
6193	0
6194	0
6195	0
6196	0
6197	0
6198	0
6199	0
6200	0
6201	0
6202	0
6203	0
6204	0
6205	0
6206	0
6207	0
6208	0
6209	0
6210	0
6211	0
6212	0
6213	0
6214	0
6215	0
6216	0
6217	0
6218	0
6219	0
6220	0
6221	0
6222	0
6223	0
6224	0
6225	0
6226	0
6227	0
6228	0
6229	0
6230	0
6231	0
6232	0
6233	0
6234	0
6235	0
6236	0
6237	0
6238	0
6239	0
6240	0
6241	0
6242	0
6243	0
6244	0
6245	0
6246	0
6247	0
6248	0
6249	0
6250	0
6251	0
6252	0
6253	0
6254	0
6255	0
6256	0
6257	0
6258	0
6259	0
6260	0
6261	0
6262	0
6263	0
6264	0
6265	0
6266	0
6267	0
6268	0
6269	0
6270	0
6271	0
6272	0
6273	0
6274	0
6275	0
6276	0
6277	0
6278	0
6279	0
6280	0
6281	0
6282	0
6283	0
6284	0
6285	0
6286	0
6287	0
6288	0
6289	0
6290	0
6291	0
6292	0
6293	0
6294	0
6295	0
6296	0
6297	0
6298	0
6299	0
6300	0
6301	0
6302	0
6303	0
6304	0
6305	0
6306	0
6307	0
6308	0
6309	0
6310	0
6311	0
6312	0
6313	0
6314	0
6315	0
6316	0
6317	0
6318	0
6319	0
6320	0
6321	0
6322	0
6323	0
6324	0
6325	0
6326	0
6327	0
6328	0
6329	0
6330	0
6331	0
6332	0
6333	0
6334	0
6335	0
6336	0
6337	0
6338	0
6339	0
6340	0
6341	0
6342	0
6343	0
6344	0
6345	0
6346	0
6347	0
6348	0
6349	0
6350	0
6351	0
6352	0
6353	0
6354	0
6355	0
6356	0
6357	0
6358	0
6359	0
6360	0
6361	0
6362	0
6363	0
6364	0
6365	0
6366	0
6367	0
6368	0
6369	0
6370	0
6371	0
6372	0
6373	0
6374	0
6375	0
6376	0
6377	0
6378	0
6379	0
6380	0
6381	0
6382	0
6383	0
6384	0
6385	0
6386	0
6387	0
6388	0
6389	0
6390	0
6391	0
6392	0
6393	0
6394	0
6395	0
6396	0
6397	0
6398	0
6399	0
6400	0
6401	0
6402	0
6403	0
6404	0
6405	0
6406	0
6407	0
6408	0
6409	0
6410	0
6411	0
6412	0
6413	0
6414	0
6415	0
6416	0
6417	0
6418	0
6419	0
6420	0
6421	0
6422	0
6423	0
6424	0
6425	0
6426	0
6427	0
6428	0
6429	0
6430	0
6431	0
6432	0
6433	0
6434	0
6435	0
6436	0
6437	0
6438	0
6439	0
6440	0
6441	0
6442	0
6443	0
6444	0
6445	0
6446	0
6447	0
6448	0
6449	0
6450	0
6451	0
6452	0
6453	0
6454	0
6455	0
6456	0
6457	0
6458	0
6459	0
6460	0
6461	0
6462	0
6463	0
6464	0
6465	0
6466	0
6467	0
6468	0
6469	0
6470	0
6471	0
6472	0
6473	0
6474	0
6475	0
6476	0
6477	0
6478	0
6479	0
6480	0
6481	0
6482	0
6483	0
6484	0
6485	0
6486	0
6487	0
6488	0
6489	0
6490	0
6491	0
6492	0
6493	0
6494	0
6495	0
6496	0
6497	0
6498	0
6499	0
6500	0
6501	0
6502	0
6503	0
6504	0
6505	0
6506	0
6507	0
6508	0
6509	0
6510	0
6511	0
6512	0
6513	0
6514	0
6515	0
6516	0
6517	0
6518	0
6519	0
6520	0
6521	0
6522	0
6523	0
6524	0
6525	0
6526	0
6527	0
6528	0
6529	0
6530	0
6531	0
6532	0
6533	0
6534	0
6535	0
6536	0
6537	0
6538	0
6539	0
6540	0
6541	0
6542	0
6543	0
6544	0
6545	0
6546	0
6547	0
6548	0
6549	0
6550	0
6551	0
6552	0
6553	0
6554	0
6555	0
6556	0
6557	0
6558	0
6559	0
6560	0
6561	0
6562	0
6563	0
6564	0
6565	0
6566	0
6567	0
6568	0
6569	0
6570	0
6571	0
6572	0
6573	0
6574	0
6575	0
6576	0
6577	0
6578	0
6579	0
6580	0
6581	0
6582	0
6583	0
6584	0
6585	0
6586	0
6587	0
6588	0
6589	0
6590	0
6591	0
6592	0
6593	0
6594	0
6595	0
6596	0
6597	0
6598	0
6599	0
6600	0
6601	0
6602	0
6603	0
6604	0
6605	0
6606	0
6607	0
6608	0
6609	0
6610	0
6611	0
6612	0
6613	0
6614	0
6615	0
6616	0
6617	0
6618	0
6619	0
6620	0
6621	0
6622	0
6623	0
6624	0
6625	0
6626	0
6627	0
6628	0
6629	0
6630	0
6631	0
6632	0
6633	0
6634	0
6635	0
6636	0
6637	0
6638	0
6639	0
6640	0
6641	0
6642	0
6643	0
6644	0
6645	0
6646	0
6647	0
6648	0
6649	0
6650	0
6651	0
6652	0
6653	0
6654	0
6655	0
6656	0
6657	0
6658	0
6659	0
6660	0
6661	0
6662	0
6663	0
6664	0
6665	0
6666	0
6667	0
6668	0
6669	0
6670	0
6671	0
6672	0
6673	0
6674	0
6675	0
6676	0
6677	0
6678	0
6679	0
6680	0
6681	0
6682	0
6683	0
6684	0
6685	0
6686	0
6687	0
6688	0
6689	0
6690	0
6691	0
6692	0
6693	0
6694	0
6695	0
6696	0
6697	0
6698	0
6699	0
6700	0
6701	0
6702	0
6703	0
6704	0
6705	0
6706	0
6707	0
6708	0
6709	0
6710	0
6711	0
6712	0
6713	0
6714	0
6715	0
6716	0
6717	0
6718	0
6719	0
6720	0
6721	0
6722	0
6723	0
6724	0
6725	0
6726	0
6727	0
6728	0
6729	0
6730	0
6731	0
6732	0
6733	0
6734	0
6735	0
6736	0
6737	0
6738	0
6739	0
6740	0
6741	0
6742	0
6743	0
6744	0
6745	0
6746	0
6747	0
6748	0
6749	0
6750	0
6751	0
6752	0
6753	0
6754	0
6755	0
6756	0
6757	0
6758	0
6759	0
6760	0
6761	0
6762	0
6763	0
6764	0
6765	0
6766	0
6767	0
6768	0
6769	0
6770	0
6771	0
6772	0
6773	0
6774	0
6775	0
6776	0
6777	0
6778	0
6779	0
6780	0
6781	0
6782	0
6783	0
6784	0
6785	0
6786	0
6787	0
6788	0
6789	0
6790	0
6791	0
6792	0
6793	0
6794	0
6795	0
6796	0
6797	0
6798	0
6799	0
6800	0
6801	0
6802	0
6803	0
6804	0
6805	0
6806	0
6807	0
6808	0
6809	0
6810	0
6811	0
6812	0
6813	0
6814	0
6815	0
6816	0
6817	0
6818	0
6819	0
6820	0
6821	0
6822	0
6823	0
6824	0
6825	0
6826	0
6827	0
6828	0
6829	0
6830	0
6831	0
6832	0
6833	0
6834	0
6835	0
6836	0
6837	0
6838	0
6839	0
6840	0
6841	0
6842	0
6843	0
6844	0
6845	0
6846	0
6847	0
6848	0
6849	0
6850	0
6851	0
6852	0
6853	0
6854	0
6855	0
6856	0
6857	0
6858	0
6859	0
6860	0
6861	0
6862	0
6863	0
6864	0
6865	0
6866	0
6867	0
6868	0
6869	0
6870	0
6871	0
6872	0
6873	0
6874	0
6875	0
6876	0
6877	0
6878	0
6879	0
6880	0
6881	0
6882	0
6883	0
6884	0
6885	0
6886	0
6887	0
6888	0
6889	0
6890	0
6891	0
6892	0
6893	0
6894	0
6895	0
6896	0
6897	0
6898	0
6899	0
6900	0
6901	0
6902	0
6903	0
6904	0
6905	0
6906	0
6907	0
6908	0
6909	0
6910	0
6911	0
6912	0
6913	0
6914	0
6915	0
6916	0
6917	0
6918	0
6919	0
6920	0
6921	0
6922	0
6923	0
6924	0
6925	0
6926	0
6927	0
6928	0
6929	0
6930	0
6931	0
6932	0
6933	0
6934	0
6935	0
6936	0
6937	0
6938	0
6939	0
6940	0
6941	0
6942	0
6943	0
6944	0
6945	0
6946	0
6947	0
6948	0
6949	0
6950	0
6951	0
6952	0
6953	0
6954	0
6955	0
6956	0
6957	0
6958	0
6959	0
6960	0
6961	0
6962	0
6963	0
6964	0
6965	0
6966	0
6967	0
6968	0
6969	0
6970	0
6971	0
6972	0
6973	0
6974	0
6975	0
6976	0
6977	0
6978	0
6979	0
6980	0
6981	0
6982	0
6983	0
6984	0
6985	0
6986	0
6987	0
6988	0
6989	0
6990	0
6991	0
6992	0
6993	0
6994	0
6995	0
6996	0
6997	0
6998	0
6999	0
7000	0
7001	0
7002	0
7003	0
7004	0
7005	0
7006	0
7007	0
7008	0
7009	0
7010	0
7011	0
7012	0
7013	0
7014	0
7015	0
7016	0
7017	0
7018	0
7019	0
7020	0
7021	0
7022	0
7023	0
7024	0
7025	0
7026	0
7027	0
7028	0
7029	0
7030	0
7031	0
7032	0
7033	0
7034	0
7035	0
7036	0
7037	0
7038	0
7039	0
7040	0
7041	0
7042	0
7043	0
7044	0
7045	0
7046	0
7047	0
7048	0
7049	0
7050	0
7051	0
7052	0
7053	0
7054	0
7055	0
7056	0
7057	0
7058	0
7059	0
7060	0
7061	0
7062	0
7063	0
7064	0
7065	0
7066	0
7067	0
7068	0
7069	0
7070	0
7071	0
7072	0
7073	0
7074	0
7075	0
7076	0
7077	0
7078	0
7079	0
7080	0
7081	0
7082	0
7083	0
7084	0
7085	0
7086	0
7087	0
7088	0
7089	0
7090	0
7091	0
7092	0
7093	0
7094	0
7095	0
7096	0
7097	0
7098	0
7099	0
7100	0
7101	0
7102	0
7103	0
7104	0
7105	0
7106	0
7107	0
7108	0
7109	0
7110	0
7111	0
7112	0
7113	0
7114	0
7115	0
7116	0
7117	0
7118	0
7119	0
7120	0
7121	0
7122	0
7123	0
7124	0
7125	0
7126	0
7127	0
7128	0
7129	0
7130	0
7131	0
7132	0
7133	0
7134	0
7135	0
7136	0
7137	0
7138	0
7139	0
7140	0
7141	0
7142	0
7143	0
7144	0
7145	0
7146	0
7147	0
7148	0
7149	0
7150	0
7151	0
7152	0
7153	0
7154	0
7155	0
7156	0
7157	0
7158	0
7159	0
7160	0
7161	0
7162	0
7163	0
7164	0
7165	0
7166	0
7167	0
7168	0
7169	0
7170	0
7171	0
7172	0
7173	0
7174	0
7175	0
7176	0
7177	0
7178	0
7179	0
7180	0
7181	0
7182	0
7183	0
7184	0
7185	0
7186	0
7187	0
7188	0
7189	0
7190	0
7191	0
7192	0
7193	0
7194	0
7195	0
7196	0
7197	0
7198	0
7199	0
7200	0
7201	0
7202	0
7203	0
7204	0
7205	0
7206	0
7207	0
7208	0
7209	0
7210	0
7211	0
7212	0
7213	0
7214	0
7215	0
7216	0
7217	0
7218	0
7219	0
7220	0
7221	0
7222	0
7223	0
7224	0
7225	0
7226	0
7227	0
7228	0
7229	0
7230	0
7231	0
7232	0
7233	0
7234	0
7235	0
7236	0
7237	0
7238	0
7239	0
7240	0
7241	0
7242	0
7243	0
7244	0
7245	0
7246	0
7247	0
7248	0
7249	0
7250	0
7251	0
7252	0
7253	0
7254	0
7255	0
7256	0
7257	0
7258	0
7259	0
7260	0
7261	0
7262	0
7263	0
7264	0
7265	0
7266	0
7267	0
7268	0
7269	0
7270	0
7271	0
7272	0
7273	0
7274	0
7275	0
7276	0
7277	0
7278	0
7279	0
7280	0
7281	0
7282	0
7283	0
7284	0
7285	0
7286	0
7287	0
7288	0
7289	0
7290	0
7291	0
7292	0
7293	0
7294	0
7295	0
7296	0
7297	0
7298	0
7299	0
7300	0
7301	0
7302	0
7303	0
7304	0
7305	0
7306	0
7307	0
7308	0
7309	0
7310	0
7311	0
7312	0
7313	0
7314	0
7315	0
7316	0
7317	0
7318	0
7319	0
7320	0
7321	0
7322	0
7323	0
7324	0
7325	0
7326	0
7327	0
7328	0
7329	0
7330	0
7331	0
7332	0
7333	0
7334	0
7335	0
7336	0
7337	0
7338	0
7339	0
7340	0
7341	0
7342	0
7343	0
7344	0
7345	0
7346	0
7347	0
7348	0
7349	0
7350	0
7351	0
7352	0
7353	0
7354	0
7355	0
7356	0
7357	0
7358	0
7359	0
7360	0
7361	0
7362	0
7363	0
7364	0
7365	0
7366	0
7367	0
7368	0
7369	0
7370	0
7371	0
7372	0
7373	0
7374	0
7375	0
7376	0
7377	0
7378	0
7379	0
7380	0
7381	0
7382	0
7383	0
7384	0
7385	0
7386	0
7387	0
7388	0
7389	0
7390	0
7391	0
7392	0
7393	0
7394	0
7395	0
7396	0
7397	0
7398	0
7399	0
7400	0
7401	0
7402	0
7403	0
7404	0
7405	0
7406	0
7407	0
7408	0
7409	0
7410	0
7411	0
7412	0
7413	0
7414	0
7415	0
7416	0
7417	0
7418	0
7419	0
7420	0
7421	0
7422	0
7423	0
7424	0
7425	0
7426	0
7427	0
7428	0
7429	0
7430	0
7431	0
7432	0
7433	0
7434	0
7435	0
7436	0
7437	0
7438	0
7439	0
7440	0
7441	0
7442	0
7443	0
7444	0
7445	0
7446	0
7447	0
7448	0
7449	0
7450	0
7451	0
7452	0
7453	0
7454	0
7455	0
7456	0
7457	0
7458	0
7459	0
7460	0
7461	0
7462	0
7463	0
7464	0
7465	0
7466	0
7467	0
7468	0
7469	0
7470	0
7471	0
7472	0
7473	0
7474	0
7475	0
7476	0
7477	0
7478	0
7479	0
7480	0
7481	0
7482	0
7483	0
7484	0
7485	0
7486	0
7487	0
7488	0
7489	0
7490	0
7491	0
7492	0
7493	0
7494	0
7495	0
7496	0
7497	0
7498	0
7499	0
7500	0
7501	0
7502	0
7503	0
7504	0
7505	0
7506	0
7507	0
7508	0
7509	0
7510	0
7511	0
7512	0
7513	0
7514	0
7515	0
7516	0
7517	0
7518	0
7519	0
7520	0
7521	0
7522	0
7523	0
7524	0
7525	0
7526	0
7527	0
7528	0
7529	0
7530	0
7531	0
7532	0
7533	0
7534	0
7535	0
7536	0
7537	0
7538	0
7539	0
7540	0
7541	0
7542	0
7543	0
7544	0
7545	0
7546	0
7547	0
7548	0
7549	0
7550	0
7551	0
7552	0
7553	0
7554	0
7555	0
7556	0
7557	0
7558	0
7559	0
7560	0
7561	0
7562	0
7563	0
7564	0
7565	0
7566	0
7567	0
7568	0
7569	0
7570	0
7571	0
7572	0
7573	0
7574	0
7575	0
7576	0
7577	0
7578	0
7579	0
7580	0
7581	0
7582	0
7583	0
7584	0
7585	0
7586	0
7587	0
7588	0
7589	0
7590	0
7591	0
7592	0
7593	0
7594	0
7595	0
7596	0
7597	0
7598	0
7599	0
7600	0
7601	0
7602	0
7603	0
7604	0
7605	0
7606	0
7607	0
7608	0
7609	0
7610	0
7611	0
7612	0
7613	0
7614	0
7615	0
7616	0
7617	0
7618	0
7619	0
7620	0
7621	0
7622	0
7623	0
7624	0
7625	0
7626	0
7627	0
7628	0
7629	0
7630	0
7631	0
7632	0
7633	0
7634	0
7635	0
7636	0
7637	0
7638	0
7639	0
7640	0
7641	0
7642	0
7643	0
7644	0
7645	0
7646	0
7647	0
7648	0
7649	0
7650	0
7651	0
7652	0
7653	0
7654	0
7655	0
7656	0
7657	0
7658	0
7659	0
7660	0
7661	0
7662	0
7663	0
7664	0
7665	0
7666	0
7667	0
7668	0
7669	0
7670	0
7671	0
7672	0
7673	0
7674	0
7675	0
7676	0
7677	0
7678	0
7679	0
7680	0
7681	0
7682	0
7683	0
7684	0
7685	0
7686	0
7687	0
7688	0
7689	0
7690	0
7691	0
7692	0
7693	0
7694	0
7695	0
7696	0
7697	0
7698	0
7699	0
7700	0
7701	0
7702	0
7703	0
7704	0
7705	0
7706	0
7707	0
7708	0
7709	0
7710	0
7711	0
7712	0
7713	0
7714	0
7715	0
7716	0
7717	0
7718	0
7719	0
7720	0
7721	0
7722	0
7723	0
7724	0
7725	0
7726	0
7727	0
7728	0
7729	0
7730	0
7731	0
7732	0
7733	0
7734	0
7735	0
7736	0
7737	0
7738	0
7739	0
7740	0
7741	0
7742	0
7743	0
7744	0
7745	0
7746	0
7747	0
7748	0
7749	0
7750	0
7751	0
7752	0
7753	0
7754	0
7755	0
7756	0
7757	0
7758	0
7759	0
7760	0
7761	0
7762	0
7763	0
7764	0
7765	0
7766	0
7767	0
7768	0
7769	0
7770	0
7771	0
7772	0
7773	0
7774	0
7775	0
7776	0
7777	0
7778	0
7779	0
7780	0
7781	0
7782	0
7783	0
7784	0
7785	0
7786	0
7787	0
7788	0
7789	0
7790	0
7791	0
7792	0
7793	0
7794	0
7795	0
7796	0
7797	0
7798	0
7799	0
7800	0
7801	0
7802	0
7803	0
7804	0
7805	0
7806	0
7807	0
7808	0
7809	0
7810	0
7811	0
7812	0
7813	0
7814	0
7815	0
7816	0
7817	0
7818	0
7819	0
7820	0
7821	0
7822	0
7823	0
7824	0
7825	0
7826	0
7827	0
7828	0
7829	0
7830	0
7831	0
7832	0
7833	0
7834	0
7835	0
7836	0
7837	0
7838	0
7839	0
7840	0
7841	0
7842	0
7843	0
7844	0
7845	0
7846	0
7847	0
7848	0
7849	0
7850	0
7851	0
7852	0
7853	0
7854	0
7855	0
7856	0
7857	0
7858	0
7859	0
7860	0
7861	0
7862	0
7863	0
7864	0
7865	0
7866	0
7867	0
7868	0
7869	0
7870	0
7871	0
7872	0
7873	0
7874	0
7875	0
7876	0
7877	0
7878	0
7879	0
7880	0
7881	0
7882	0
7883	0
7884	0
7885	0
7886	0
7887	0
7888	0
7889	0
7890	0
7891	0
7892	0
7893	0
7894	0
7895	0
7896	0
7897	0
7898	0
7899	0
7900	0
7901	0
7902	0
7903	0
7904	0
7905	0
7906	0
7907	0
7908	0
7909	0
7910	0
7911	0
7912	0
7913	0
7914	0
7915	0
7916	0
7917	0
7918	0
7919	0
7920	0
7921	0
7922	0
7923	0
7924	0
7925	0
7926	0
7927	0
7928	0
7929	0
7930	0
7931	0
7932	0
7933	0
7934	0
7935	0
7936	0
7937	0
7938	0
7939	0
7940	0
7941	0
7942	0
7943	0
7944	0
7945	0
7946	0
7947	0
7948	0
7949	0
7950	0
7951	0
7952	0
7953	0
7954	0
7955	0
7956	0
7957	0
7958	0
7959	0
7960	0
7961	0
7962	0
7963	0
7964	0
7965	0
7966	0
7967	0
7968	0
7969	0
7970	0
7971	0
7972	0
7973	0
7974	0
7975	0
7976	0
7977	0
7978	0
7979	0
7980	0
7981	0
7982	0
7983	0
7984	0
7985	0
7986	0
7987	0
7988	0
7989	0
7990	0
7991	0
7992	0
7993	0
7994	0
7995	0
7996	0
7997	0
7998	0
7999	0
8000	0
8001	0
8002	0
8003	0
8004	0
8005	0
8006	0
8007	0
8008	0
8009	0
8010	0
8011	0
8012	0
8013	0
8014	0
8015	0
8016	0
8017	0
8018	0
8019	0
8020	0
8021	0
8022	0
8023	0
8024	0
8025	0
8026	0
8027	0
8028	0
8029	0
8030	0
8031	0
8032	0
8033	0
8034	0
8035	0
8036	0
8037	0
8038	0
8039	0
8040	0
8041	0
8042	0
8043	0
8044	0
8045	0
8046	0
8047	0
8048	0
8049	0
8050	0
8051	0
8052	0
8053	0
8054	0
8055	0
8056	0
8057	0
8058	0
8059	0
8060	0
8061	0
8062	0
8063	0
8064	0
8065	0
8066	0
8067	0
8068	0
8069	0
8070	0
8071	0
8072	0
8073	0
8074	0
8075	0
8076	0
8077	0
8078	0
8079	0
8080	0
8081	0
8082	0
8083	0
8084	0
8085	0
8086	0
8087	0
8088	0
8089	0
8090	0
8091	0
8092	0
8093	0
8094	0
8095	0
8096	0
8097	0
8098	0
8099	0
8100	0
8101	0
8102	0
8103	0
8104	0
8105	0
8106	0
8107	0
8108	0
8109	0
8110	0
8111	0
8112	0
8113	0
8114	0
8115	0
8116	0
8117	0
8118	0
8119	0
8120	0
8121	0
8122	0
8123	0
8124	0
8125	0
8126	0
8127	0
8128	0
8129	0
8130	0
8131	0
8132	0
8133	0
8134	0
8135	0
8136	0
8137	0
8138	0
8139	0
8140	0
8141	0
8142	0
8143	0
8144	0
8145	0
8146	0
8147	0
8148	0
8149	0
8150	0
8151	0
8152	0
8153	0
8154	0
8155	0
8156	0
8157	0
8158	0
8159	0
8160	0
8161	0
8162	0
8163	0
8164	0
8165	0
8166	0
8167	0
8168	0
8169	0
8170	0
8171	0
8172	0
8173	0
8174	0
8175	0
8176	0
8177	0
8178	0
8179	0
8180	0
8181	0
8182	0
8183	0
8184	0
8185	0
8186	0
8187	0
8188	0
8189	0
8190	0
8191	0
